0 0 3.58916
0 1 3.59582
0 2 3.59586
0 3 3.59586
0 4 3.59586
0 5 3.59586
0 6 3.59586
0 7 3.59586
0 8 3.59586
0 9 3.59586
0 10 3.59586
0 11 3.59586

1 0 0.000548461
1 1 0.282512
1 2 0.284531
1 3 0.284903
1 4 0.284972
1 5 0.284985
1 6 0.284987
1 7 0.284988
1 8 0.284988
1 9 0.284988
1 10 0.284988
1 11 0.284988

2 0 1.91485e-05
2 1 0.121709
2 2 0.122242
2 3 0.122514
2 4 0.12265
2 5 0.122719
2 6 0.122753
2 7 0.12277
2 8 0.122778
2 9 0.122782
2 10 0.122784
2 11 0.122785

3 0 7.64792e-07
3 1 0.0865954
3 2 0.0865954
3 3 0.0865955
3 4 0.0865995
3 5 0.0867844
3 6 0.0952313
3 7 0.312156
3 8 0.577366
3 9 0.590103
3 10 0.590384
3 11 0.59039

4 0 7.64792e-07
4 1 0.0865955
4 2 0.0865955
4 3 0.0865955
4 4 0.0865955
4 5 0.0865955
4 6 0.0865955
4 7 0.0865955
4 8 0.0865955
4 9 0.0865955
4 10 0.0865955
4 11 0.0865955

5 0 4.55772e-11
5 1 3.06401e-07
5 2 0.170944
5 3 0.170974
5 4 0.170974
5 5 0.170974
5 6 0.170974
5 7 0.170974
5 8 0.170974
5 9 0.170974
5 10 0.170974
5 11 0.170974

6 0 4.55772e-11
6 1 3.03351e-07
6 2 1.50615e-06
6 3 0.0981543
6 4 0.0981544
6 5 0.0981544
6 6 0.0981544
6 7 0.0981544
6 8 0.0981544
6 9 0.0981544
6 10 0.0981544
6 11 0.0981544

