
0 0 -10
0 0.1 -10
0 0.2 -10
0 0.3 -10
0 0.4 -10
0 0.5 -10
0 0.6 -10
0 0.7 -10
0 0.8 -10
0 0.9 -10
0 1 -10
0 1.1 -10
0 1.2 -10
0 1.3 -10
0 1.4 -10
0 1.5 -10
0 1.6 -10
0 1.7 -10
0 1.8 -10
0 1.9 -10
0 2 -10
0 2.1 -10
0 2.2 -10
0 2.3 -10
0 2.4 -10
0 2.5 -10
0 2.6 -10
0 2.7 -10
0 2.8 -10
0 2.9 -10
0 3 -10
0 3.1 -10
0 3.2 -10
0 3.3 -10
0 3.4 -10
0 3.5 -10
0 3.6 -10
0 3.7 -10
0 3.8 -10
0 3.9 -10
0 4 -10
0 4.1 -10
0 4.2 -10
0 4.3 -10
0 4.4 -10
0 4.5 -10
0 4.6 -10
0 4.7 -10
0 4.8 -10
0 4.9 -10
0 5 -10

0.1 0 10
0.1 0.1 1.97975e-16
0.1 0.2 -3.953
0.1 0.3 -5.81199
0.1 0.4 -6.82952
0.1 0.5 -7.45633
0.1 0.6 -7.87738
0.1 0.7 -8.17849
0.1 0.8 -8.40391
0.1 0.9 -8.57851
0.1 1 -8.7173
0.1 1.1 -8.82982
0.1 1.2 -8.92242
0.1 1.3 -8.99948
0.1 1.4 -9.06411
0.1 1.5 -9.11859
0.1 1.6 -9.16457
0.1 1.7 -9.20334
0.1 1.8 -9.23585
0.1 1.9 -9.26284
0.1 2 -9.28487
0.1 2.1 -9.30238
0.1 2.2 -9.31569
0.1 2.3 -9.32504
0.1 2.4 -9.33059
0.1 2.5 -9.33242
0.1 2.6 -9.33059
0.1 2.7 -9.32504
0.1 2.8 -9.31569
0.1 2.9 -9.30238
0.1 3 -9.28487
0.1 3.1 -9.26284
0.1 3.2 -9.23585
0.1 3.3 -9.20334
0.1 3.4 -9.16457
0.1 3.5 -9.11859
0.1 3.6 -9.06411
0.1 3.7 -8.99948
0.1 3.8 -8.92242
0.1 3.9 -8.82982
0.1 4 -8.7173
0.1 4.1 -8.57851
0.1 4.2 -8.40391
0.1 4.3 -8.17849
0.1 4.4 -7.87738
0.1 4.5 -7.45633
0.1 4.6 -6.82952
0.1 4.7 -5.81199
0.1 4.8 -3.953
0.1 4.9 3.27772e-11
0.1 5 10

0.2 0 10
0.2 0.1 3.953
0.2 0.2 4.99046e-16
0.2 0.3 -2.46543
0.2 0.4 -4.04975
0.2 0.5 -5.11841
0.2 0.6 -5.8747
0.2 0.7 -6.43267
0.2 0.8 -6.85863
0.2 0.9 -7.19285
0.2 1 -7.46088
0.2 1.1 -7.67956
0.2 1.2 -7.86038
0.2 1.3 -8.01138
0.2 1.4 -8.13839
0.2 1.5 -8.24566
0.2 1.6 -8.33637
0.2 1.7 -8.41294
0.2 1.8 -8.47722
0.2 1.9 -8.53063
0.2 2 -8.57427
0.2 2.1 -8.60896
0.2 2.2 -8.63534
0.2 2.3 -8.65388
0.2 2.4 -8.66488
0.2 2.5 -8.66853
0.2 2.6 -8.66488
0.2 2.7 -8.65388
0.2 2.8 -8.63534
0.2 2.9 -8.60896
0.2 3 -8.57427
0.2 3.1 -8.53063
0.2 3.2 -8.47722
0.2 3.3 -8.41294
0.2 3.4 -8.33637
0.2 3.5 -8.24566
0.2 3.6 -8.13839
0.2 3.7 -8.01138
0.2 3.8 -7.86038
0.2 3.9 -7.67956
0.2 4 -7.46088
0.2 4.1 -7.19285
0.2 4.2 -6.85863
0.2 4.3 -6.43267
0.2 4.4 -5.8747
0.2 4.5 -5.11841
0.2 4.6 -4.04975
0.2 4.7 -2.46543
0.2 4.8 2.05884e-10
0.2 4.9 3.953
0.2 5 10

0.3 0 10
0.3 0.1 5.81199
0.3 0.2 2.46543
0.3 0.3 8.41776e-16
0.3 0.4 -1.78565
0.3 0.5 -3.09284
0.3 0.6 -4.07035
0.3 0.7 -4.81887
0.3 0.8 -5.40508
0.3 0.9 -5.87337
0.3 1 -6.25381
0.3 1.1 -6.56717
0.3 1.2 -6.82814
0.3 1.3 -7.04729
0.3 1.4 -7.23241
0.3 1.5 -7.38928
0.3 1.6 -7.52231
0.3 1.7 -7.63484
0.3 1.8 -7.72947
0.3 1.9 -7.8082
0.3 2 -7.8726
0.3 2.1 -7.92384
0.3 2.2 -7.96284
0.3 2.3 -7.99025
0.3 2.4 -8.00653
0.3 2.5 -8.01192
0.3 2.6 -8.00653
0.3 2.7 -7.99025
0.3 2.8 -7.96284
0.3 2.9 -7.92384
0.3 3 -7.8726
0.3 3.1 -7.8082
0.3 3.2 -7.72947
0.3 3.3 -7.63484
0.3 3.4 -7.52231
0.3 3.5 -7.38928
0.3 3.6 -7.23241
0.3 3.7 -7.04729
0.3 3.8 -6.82814
0.3 3.9 -6.56717
0.3 4 -6.25381
0.3 4.1 -5.87337
0.3 4.2 -5.40508
0.3 4.3 -4.81887
0.3 4.4 -4.07035
0.3 4.5 -3.09284
0.3 4.6 -1.78565
0.3 4.7 6.22577e-10
0.3 4.8 2.46543
0.3 4.9 5.81199
0.3 5 10

0.4 0 10
0.4 0.1 6.82952
0.4 0.2 4.04975
0.4 0.3 1.78565
0.4 0.4 3.62458e-16
0.4 0.5 -1.39696
0.4 0.6 -2.495
0.4 0.7 -3.36738
0.4 0.8 -4.06944
0.4 0.9 -4.64174
0.4 1 -5.11381
0.4 1.1 -5.50717
0.4 1.2 -5.83771
0.4 1.3 -6.11724
0.4 1.4 -6.35466
0.4 1.5 -6.55676
0.4 1.6 -6.72873
0.4 1.7 -6.87463
0.4 1.8 -6.99761
0.4 1.9 -7.10012
0.4 2 -7.18408
0.4 2.1 -7.25098
0.4 2.2 -7.30193
0.4 2.3 -7.33777
0.4 2.4 -7.35905
0.4 2.5 -7.36611
0.4 2.6 -7.35905
0.4 2.7 -7.33777
0.4 2.8 -7.30193
0.4 2.9 -7.25098
0.4 3 -7.18408
0.4 3.1 -7.10012
0.4 3.2 -6.99761
0.4 3.3 -6.87463
0.4 3.4 -6.72873
0.4 3.5 -6.55676
0.4 3.6 -6.35466
0.4 3.7 -6.11724
0.4 3.8 -5.83771
0.4 3.9 -5.50717
0.4 4 -5.11381
0.4 4.1 -4.64174
0.4 4.2 -4.06944
0.4 4.3 -3.36738
0.4 4.4 -2.495
0.4 4.5 -1.39696
0.4 4.6 9.53521e-10
0.4 4.7 1.78565
0.4 4.8 4.04975
0.4 4.9 6.82952
0.4 5 10

0.5 0 10
0.5 0.1 7.45633
0.5 0.2 5.11841
0.5 0.3 3.09284
0.5 0.4 1.39696
0.5 0.5 -3.56012e-18
0.5 0.6 -1.1453
0.5 0.7 -2.08621
0.5 0.8 -2.86356
0.5 0.9 -3.51036
0.5 1 -4.0525
0.5 1.1 -4.51
0.5 1.2 -4.8983
0.5 1.3 -5.2293
0.5 1.4 -5.51225
0.5 1.5 -5.75435
0.5 1.6 -5.96123
0.5 1.7 -6.13735
0.5 1.8 -6.28621
0.5 1.9 -6.41058
0.5 2 -6.51263
0.5 2.1 -6.59405
0.5 2.2 -6.65613
0.5 2.3 -6.69984
0.5 2.4 -6.7258
0.5 2.5 -6.73442
0.5 2.6 -6.7258
0.5 2.7 -6.69984
0.5 2.8 -6.65613
0.5 2.9 -6.59405
0.5 3 -6.51263
0.5 3.1 -6.41058
0.5 3.2 -6.28621
0.5 3.3 -6.13735
0.5 3.4 -5.96123
0.5 3.5 -5.75435
0.5 3.6 -5.51225
0.5 3.7 -5.2293
0.5 3.8 -4.8983
0.5 3.9 -4.51
0.5 4 -4.0525
0.5 4.1 -3.51036
0.5 4.2 -2.86356
0.5 4.3 -2.08621
0.5 4.4 -1.1453
0.5 4.5 1.34842e-09
0.5 4.6 1.39696
0.5 4.7 3.09284
0.5 4.8 5.11841
0.5 4.9 7.45633
0.5 5 10

0.6 0 10
0.6 0.1 7.87738
0.6 0.2 5.8747
0.6 0.3 4.07035
0.6 0.4 2.495
0.6 0.5 1.1453
0.6 0.6 -2.91748e-16
0.6 0.7 -0.96861
0.6 0.8 -1.78823
0.6 0.9 -2.48364
0.6 1 -3.07584
0.6 1.1 -3.58204
0.6 1.2 -4.01617
0.6 1.3 -4.38941
0.6 1.4 -4.71069
0.6 1.5 -4.98714
0.6 1.6 -5.2245
0.6 1.7 -5.42734
0.6 1.8 -5.59931
0.6 1.9 -5.74336
0.6 2 -5.8618
0.6 2.1 -5.95646
0.6 2.2 -6.02872
0.6 2.3 -6.07964
0.6 2.4 -6.10991
0.6 2.5 -6.11995
0.6 2.6 -6.10991
0.6 2.7 -6.07964
0.6 2.8 -6.02872
0.6 2.9 -5.95646
0.6 3 -5.8618
0.6 3.1 -5.74336
0.6 3.2 -5.59931
0.6 3.3 -5.42734
0.6 3.4 -5.2245
0.6 3.5 -4.98714
0.6 3.6 -4.71069
0.6 3.7 -4.38941
0.6 3.8 -4.01617
0.6 3.9 -3.58204
0.6 4 -3.07584
0.6 4.1 -2.48364
0.6 4.2 -1.78823
0.6 4.3 -0.96861
0.6 4.4 1.41009e-09
0.6 4.5 1.1453
0.6 4.6 2.495
0.6 4.7 4.07035
0.6 4.8 5.8747
0.6 4.9 7.87738
0.6 5 10

0.7 0 10
0.7 0.1 8.17849
0.7 0.2 6.43267
0.7 0.3 4.81887
0.7 0.4 3.36738
0.7 0.5 2.08621
0.7 0.6 0.96861
0.7 0.7 -6.23675e-16
0.7 0.8 -0.837092
0.7 0.9 -1.56014
0.7 1 -2.18516
0.7 1.1 -2.72614
0.7 1.2 -3.19495
0.7 1.3 -3.60149
0.7 1.4 -3.95394
0.7 1.5 -4.25904
0.7 1.6 -4.52229
0.7 1.7 -4.74818
0.7 1.8 -4.94035
0.7 1.9 -5.10175
0.7 2 -5.23476
0.7 2.1 -5.34125
0.7 2.2 -5.42266
0.7 2.3 -5.48008
0.7 2.4 -5.51424
0.7 2.5 -5.52558
0.7 2.6 -5.51424
0.7 2.7 -5.48008
0.7 2.8 -5.42266
0.7 2.9 -5.34125
0.7 3 -5.23476
0.7 3.1 -5.10175
0.7 3.2 -4.94035
0.7 3.3 -4.74818
0.7 3.4 -4.52229
0.7 3.5 -4.25904
0.7 3.6 -3.95394
0.7 3.7 -3.60149
0.7 3.8 -3.19495
0.7 3.9 -2.72614
0.7 4 -2.18516
0.7 4.1 -1.56014
0.7 4.2 -0.837092
0.7 4.3 1.4532e-09
0.7 4.4 0.96861
0.7 4.5 2.08621
0.7 4.6 3.36738
0.7 4.7 4.81887
0.7 4.8 6.43267
0.7 4.9 8.17849
0.7 5 10

0.8 0 10
0.8 0.1 8.40391
0.8 0.2 6.85863
0.8 0.3 5.40508
0.8 0.4 4.06944
0.8 0.5 2.86356
0.8 0.6 1.78823
0.8 0.7 0.837092
0.8 0.8 -7.9341e-16
0.8 0.9 -0.73467
0.8 1 -1.37854
0.8 1.1 -1.94242
0.8 1.2 -2.43599
0.8 1.3 -2.86764
0.8 1.4 -3.24455
0.8 1.5 -3.5728
0.8 1.6 -3.85745
0.8 1.7 -4.10273
0.8 1.8 -4.31214
0.8 1.9 -4.48854
0.8 2 -4.63425
0.8 2.1 -4.75112
0.8 2.2 -4.8406
0.8 2.3 -4.90378
0.8 2.4 -4.94139
0.8 2.5 -4.95388
0.8 2.6 -4.94139
0.8 2.7 -4.90378
0.8 2.8 -4.8406
0.8 2.9 -4.75112
0.8 3 -4.63425
0.8 3.1 -4.48854
0.8 3.2 -4.31214
0.8 3.3 -4.10273
0.8 3.4 -3.85745
0.8 3.5 -3.5728
0.8 3.6 -3.24455
0.8 3.7 -2.86764
0.8 3.8 -2.43599
0.8 3.9 -1.94242
0.8 4 -1.37854
0.8 4.1 -0.73467
0.8 4.2 1.03513e-09
0.8 4.3 0.837092
0.8 4.4 1.78823
0.8 4.5 2.86356
0.8 4.6 4.06944
0.8 4.7 5.40508
0.8 4.8 6.85863
0.8 4.9 8.40391
0.8 5 10

0.9 0 10
0.9 0.1 8.57851
0.9 0.2 7.19285
0.9 0.3 5.87337
0.9 0.4 4.64174
0.9 0.5 3.51036
0.9 0.6 2.48364
0.9 0.7 1.56014
0.9 0.8 0.73467
0.9 0.9 -8.19836e-16
0.9 1 -0.651889
0.9 1.1 -1.22902
0.9 1.2 -1.73895
0.9 1.3 -2.18853
0.9 1.4 -2.58384
0.9 1.5 -2.93014
0.9 1.6 -3.23197
0.9 1.7 -3.49316
0.9 1.8 -3.71694
0.9 1.9 -3.90601
0.9 2 -4.06256
0.9 2.1 -4.18838
0.9 2.2 -4.28486
0.9 2.3 -4.35304
0.9 2.4 -4.39366
0.9 2.5 -4.40716
0.9 2.6 -4.39366
0.9 2.7 -4.35304
0.9 2.8 -4.28486
0.9 2.9 -4.18838
0.9 3 -4.06256
0.9 3.1 -3.90601
0.9 3.2 -3.71694
0.9 3.3 -3.49316
0.9 3.4 -3.23197
0.9 3.5 -2.93014
0.9 3.6 -2.58384
0.9 3.7 -2.18853
0.9 3.8 -1.73895
0.9 3.9 -1.22902
0.9 4 -0.651889
0.9 4.1 8.55823e-10
0.9 4.2 0.73467
0.9 4.3 1.56014
0.9 4.4 2.48364
0.9 4.5 3.51036
0.9 4.6 4.64174
0.9 4.7 5.87337
0.9 4.8 7.19285
0.9 4.9 8.57851
0.9 5 10

1 0 10
1 0.1 8.7173
1 0.2 7.46088
1 0.3 6.25381
1 0.4 5.11381
1 0.5 4.0525
1 0.6 3.07584
1 0.7 2.18516
1 0.8 1.37854
1 0.9 0.651889
1 1 -7.94387e-16
1 1.1 -0.582817
1 1.2 -1.10225
1 1.3 -1.5637
1 1.4 -1.97212
1 1.5 -2.33196
1 1.6 -2.64712
1 1.7 -2.92099
1 1.8 -3.15647
1 1.9 -3.356
1 2 -3.52162
1 2.1 -3.65498
1 2.2 -3.7574
1 2.3 -3.82986
1 2.4 -3.87307
1 2.5 -3.88742
1 2.6 -3.87307
1 2.7 -3.82986
1 2.8 -3.7574
1 2.9 -3.65498
1 3 -3.52162
1 3.1 -3.356
1 3.2 -3.15647
1 3.3 -2.92099
1 3.4 -2.64712
1 3.5 -2.33196
1 3.6 -1.97212
1 3.7 -1.5637
1 3.8 -1.10225
1 3.9 -0.582817
1 4 5.86577e-10
1 4.1 0.651889
1 4.2 1.37854
1 4.3 2.18516
1 4.4 3.07584
1 4.5 4.0525
1 4.6 5.11381
1 4.7 6.25381
1 4.8 7.46088
1 4.9 8.7173
1 5 10

1.1 0 10
1.1 0.1 8.82982
1.1 0.2 7.67956
1.1 0.3 6.56717
1.1 0.4 5.50717
1.1 0.5 4.51
1.1 0.6 3.58204
1.1 0.7 2.72614
1.1 0.8 1.94242
1.1 0.9 1.22902
1.1 1 0.582817
1.1 1.1 -7.39698e-16
1.1 1.2 -0.523536
1.1 1.3 -0.991894
1.1 1.4 -1.40899
1.1 1.5 -1.77846
1.1 1.6 -2.10357
1.1 1.7 -2.38722
1.1 1.8 -2.63194
1.1 1.9 -2.8399
1.1 2 -3.01293
1.1 2.1 -3.15253
1.1 2.2 -3.25989
1.1 2.3 -3.33594
1.1 2.4 -3.38132
1.1 2.5 -3.3964
1.1 2.6 -3.38132
1.1 2.7 -3.33594
1.1 2.8 -3.25989
1.1 2.9 -3.15253
1.1 3 -3.01293
1.1 3.1 -2.8399
1.1 3.2 -2.63194
1.1 3.3 -2.38722
1.1 3.4 -2.10357
1.1 3.5 -1.77846
1.1 3.6 -1.40899
1.1 3.7 -0.991894
1.1 3.8 -0.523536
1.1 3.9 6.57057e-10
1.1 4 0.582817
1.1 4.1 1.22902
1.1 4.2 1.94242
1.1 4.3 2.72614
1.1 4.4 3.58204
1.1 4.5 4.51
1.1 4.6 5.50717
1.1 4.7 6.56717
1.1 4.8 7.67956
1.1 4.9 8.82982
1.1 5 10

1.2 0 10
1.2 0.1 8.92242
1.2 0.2 7.86038
1.2 0.3 6.82814
1.2 0.4 5.83771
1.2 0.5 4.8983
1.2 0.6 4.01617
1.2 0.7 3.19495
1.2 0.8 2.43599
1.2 0.9 1.73895
1.2 1 1.10225
1.2 1.1 0.523536
1.2 1.2 -6.38435e-16
1.2 1.3 -0.471348
1.2 1.4 -0.893499
1.2 1.5 -1.26932
1.2 1.6 -1.60147
1.2 1.7 -1.89237
1.2 1.8 -2.14417
1.2 1.9 -2.35873
1.2 2 -2.53767
1.2 2.1 -2.6823
1.2 2.2 -2.79371
1.2 2.3 -2.8727
1.2 2.4 -2.91986
1.2 2.5 -2.93555
1.2 2.6 -2.91986
1.2 2.7 -2.8727
1.2 2.8 -2.79371
1.2 2.9 -2.6823
1.2 3 -2.53767
1.2 3.1 -2.35873
1.2 3.2 -2.14417
1.2 3.3 -1.89237
1.2 3.4 -1.60147
1.2 3.5 -1.26932
1.2 3.6 -0.893499
1.2 3.7 -0.471348
1.2 3.8 3.70504e-10
1.2 3.9 0.523536
1.2 4 1.10225
1.2 4.1 1.73895
1.2 4.2 2.43599
1.2 4.3 3.19495
1.2 4.4 4.01617
1.2 4.5 4.8983
1.2 4.6 5.83771
1.2 4.7 6.82814
1.2 4.8 7.86038
1.2 4.9 8.92242
1.2 5 10

1.3 0 10
1.3 0.1 8.99948
1.3 0.2 8.01138
1.3 0.3 7.04729
1.3 0.4 6.11724
1.3 0.5 5.2293
1.3 0.6 4.38941
1.3 0.7 3.60149
1.3 0.8 2.86764
1.3 0.9 2.18853
1.3 1 1.5637
1.3 1.1 0.991894
1.3 1.2 0.471348
1.3 1.3 -5.27641e-16
1.3 1.4 -0.424335
1.3 1.5 -0.803843
1.3 1.6 -1.14062
1.3 1.7 -1.43662
1.3 1.8 -1.69363
1.3 1.9 -1.9132
1.3 2 -2.09671
1.3 2.1 -2.24531
1.3 2.2 -2.35993
1.3 2.3 -2.44128
1.3 2.4 -2.48989
1.3 2.5 -2.50606
1.3 2.6 -2.48989
1.3 2.7 -2.44128
1.3 2.8 -2.35993
1.3 2.9 -2.24531
1.3 3 -2.09671
1.3 3.1 -1.9132
1.3 3.2 -1.69363
1.3 3.3 -1.43662
1.3 3.4 -1.14062
1.3 3.5 -0.803843
1.3 3.6 -0.424335
1.3 3.7 3.72649e-10
1.3 3.8 0.471348
1.3 3.9 0.991894
1.3 4 1.5637
1.3 4.1 2.18853
1.3 4.2 2.86764
1.3 4.3 3.60149
1.3 4.4 4.38941
1.3 4.5 5.2293
1.3 4.6 6.11724
1.3 4.7 7.04729
1.3 4.8 8.01138
1.3 4.9 8.99948
1.3 5 10

1.4 0 10
1.4 0.1 9.06411
1.4 0.2 8.13839
1.4 0.3 7.23241
1.4 0.4 6.35466
1.4 0.5 5.51225
1.4 0.6 4.71069
1.4 0.7 3.95394
1.4 0.8 3.24455
1.4 0.9 2.58384
1.4 1 1.97212
1.4 1.1 1.40899
1.4 1.2 0.893499
1.4 1.3 0.424335
1.4 1.4 -4.74665e-16
1.4 1.5 -0.381098
1.4 1.6 -0.720548
1.4 1.7 -1.01988
1.4 1.8 -1.28051
1.4 1.9 -1.50373
1.4 2 -1.69067
1.4 2.1 -1.8423
1.4 2.2 -1.95941
1.4 2.3 -2.04261
1.4 2.4 -2.09236
1.4 2.5 -2.10891
1.4 2.6 -2.09236
1.4 2.7 -2.04261
1.4 2.8 -1.95941
1.4 2.9 -1.8423
1.4 3 -1.69067
1.4 3.1 -1.50373
1.4 3.2 -1.28051
1.4 3.3 -1.01988
1.4 3.4 -0.720548
1.4 3.5 -0.381098
1.4 3.6 3.66915e-10
1.4 3.7 0.424335
1.4 3.8 0.893499
1.4 3.9 1.40899
1.4 4 1.97212
1.4 4.1 2.58384
1.4 4.2 3.24455
1.4 4.3 3.95394
1.4 4.4 4.71069
1.4 4.5 5.51225
1.4 4.6 6.35466
1.4 4.7 7.23241
1.4 4.8 8.13839
1.4 4.9 9.06411
1.4 5 10

1.5 0 10
1.5 0.1 9.11859
1.5 0.2 8.24566
1.5 0.3 7.38928
1.5 0.4 6.55676
1.5 0.5 5.75435
1.5 0.6 4.98714
1.5 0.7 4.25904
1.5 0.8 3.5728
1.5 0.9 2.93014
1.5 1 2.33196
1.5 1.1 1.77846
1.5 1.2 1.26932
1.5 1.3 0.803843
1.5 1.4 0.381098
1.5 1.5 -4.30509e-16
1.5 1.6 -0.340595
1.5 1.7 -0.641832
1.5 1.8 -0.904809
1.5 1.9 -1.13054
1.5 2 -1.31995
1.5 2.1 -1.47381
1.5 2.2 -1.59279
1.5 2.3 -1.6774
1.5 2.4 -1.72802
1.5 2.5 -1.74487
1.5 2.6 -1.72802
1.5 2.7 -1.6774
1.5 2.8 -1.59279
1.5 2.9 -1.47381
1.5 3 -1.31995
1.5 3.1 -1.13054
1.5 3.2 -0.904809
1.5 3.3 -0.641832
1.5 3.4 -0.340595
1.5 3.5 7.76961e-10
1.5 3.6 0.381098
1.5 3.7 0.803843
1.5 3.8 1.26932
1.5 3.9 1.77846
1.5 4 2.33196
1.5 4.1 2.93014
1.5 4.2 3.5728
1.5 4.3 4.25904
1.5 4.4 4.98714
1.5 4.5 5.75435
1.5 4.6 6.55676
1.5 4.7 7.38928
1.5 4.8 8.24566
1.5 4.9 9.11859
1.5 5 10

1.6 0 10
1.6 0.1 9.16457
1.6 0.2 8.33637
1.6 0.3 7.52231
1.6 0.4 6.72873
1.6 0.5 5.96123
1.6 0.6 5.2245
1.6 0.7 4.52229
1.6 0.8 3.85745
1.6 0.9 3.23197
1.6 1 2.64712
1.6 1.1 2.10357
1.6 1.2 1.60147
1.6 1.3 1.14062
1.6 1.4 0.720548
1.6 1.5 0.340595
1.6 1.6 -3.93257e-16
1.6 1.7 -0.302045
1.6 1.8 -0.566349
1.6 1.9 -0.793684
1.6 2 -0.98476
1.6 2.1 -1.1402
1.6 2.2 -1.26054
1.6 2.3 -1.34619
1.6 2.4 -1.39745
1.6 2.5 -1.41452
1.6 2.6 -1.39745
1.6 2.7 -1.34619
1.6 2.8 -1.26054
1.6 2.9 -1.1402
1.6 3 -0.98476
1.6 3.1 -0.793684
1.6 3.2 -0.566349
1.6 3.3 -0.302045
1.6 3.4 1.06972e-09
1.6 3.5 0.340595
1.6 3.6 0.720548
1.6 3.7 1.14062
1.6 3.8 1.60147
1.6 3.9 2.10357
1.6 4 2.64712
1.6 4.1 3.23197
1.6 4.2 3.85745
1.6 4.3 4.52229
1.6 4.4 5.2245
1.6 4.5 5.96123
1.6 4.6 6.72873
1.6 4.7 7.52231
1.6 4.8 8.33637
1.6 4.9 9.16457
1.6 5 10

1.7 0 10
1.7 0.1 9.20334
1.7 0.2 8.41294
1.7 0.3 7.63484
1.7 0.4 6.87463
1.7 0.5 6.13735
1.7 0.6 5.42734
1.7 0.7 4.74818
1.7 0.8 4.10273
1.7 0.9 3.49316
1.7 1 2.92099
1.7 1.1 2.38722
1.7 1.2 1.89237
1.7 1.3 1.43662
1.7 1.4 1.01988
1.7 1.5 0.641832
1.7 1.6 0.302045
1.7 1.7 -3.84672e-16
1.7 1.8 -0.264859
1.7 1.9 -0.493086
1.7 2 -0.685207
1.7 2.1 -0.841699
1.7 2.2 -0.962971
1.7 2.3 -1.04935
1.7 2.4 -1.10108
1.7 2.5 -1.11831
1.7 2.6 -1.10108
1.7 2.7 -1.04935
1.7 2.8 -0.962971
1.7 2.9 -0.841699
1.7 3 -0.685207
1.7 3.1 -0.493086
1.7 3.2 -0.264859
1.7 3.3 1.38555e-09
1.7 3.4 0.302045
1.7 3.5 0.641832
1.7 3.6 1.01988
1.7 3.7 1.43662
1.7 3.8 1.89237
1.7 3.9 2.38722
1.7 4 2.92099
1.7 4.1 3.49316
1.7 4.2 4.10273
1.7 4.3 4.74818
1.7 4.4 5.42734
1.7 4.5 6.13735
1.7 4.6 6.87463
1.7 4.7 7.63484
1.7 4.8 8.41294
1.7 4.9 9.20334
1.7 5 10

1.8 0 10
1.8 0.1 9.23585
1.8 0.2 8.47722
1.8 0.3 7.72947
1.8 0.4 6.99761
1.8 0.5 6.28621
1.8 0.6 5.59931
1.8 0.7 4.94035
1.8 0.8 4.31214
1.8 0.9 3.71694
1.8 1 3.15647
1.8 1.1 2.63194
1.8 1.2 2.14417
1.8 1.3 1.69363
1.8 1.4 1.28051
1.8 1.5 0.904809
1.8 1.6 0.566349
1.8 1.7 0.264859
1.8 1.8 -3.97278e-16
1.8 1.9 -0.228593
1.8 2 -0.421284
1.8 2.1 -0.578418
1.8 2.2 -0.700297
1.8 2.3 -0.787168
1.8 2.4 -0.839215
1.8 2.5 -0.856551
1.8 2.6 -0.839215
1.8 2.7 -0.787168
1.8 2.8 -0.700297
1.8 2.9 -0.578418
1.8 3 -0.421284
1.8 3.1 -0.228593
1.8 3.2 1.34167e-09
1.8 3.3 0.264859
1.8 3.4 0.566349
1.8 3.5 0.904809
1.8 3.6 1.28051
1.8 3.7 1.69363
1.8 3.8 2.14417
1.8 3.9 2.63194
1.8 4 3.15647
1.8 4.1 3.71694
1.8 4.2 4.31214
1.8 4.3 4.94035
1.8 4.4 5.59931
1.8 4.5 6.28621
1.8 4.6 6.99761
1.8 4.7 7.72947
1.8 4.8 8.47722
1.8 4.9 9.23585
1.8 5 10

1.9 0 10
1.9 0.1 9.26284
1.9 0.2 8.53063
1.9 0.3 7.8082
1.9 0.4 7.10012
1.9 0.5 6.41058
1.9 0.6 5.74336
1.9 0.7 5.10175
1.9 0.8 4.48854
1.9 0.9 3.90601
1.9 1 3.356
1.9 1.1 2.8399
1.9 1.2 2.35873
1.9 1.3 1.9132
1.9 1.4 1.50373
1.9 1.5 1.13054
1.9 1.6 0.793684
1.9 1.7 0.493086
1.9 1.8 0.228593
1.9 1.9 -4.1948e-16
1.9 2 -0.192919
1.9 2.1 -0.350393
1.9 2.2 -0.47263
1.9 2.3 -0.559807
1.9 2.4 -0.612058
1.9 2.5 -0.629466
1.9 2.6 -0.612058
1.9 2.7 -0.559807
1.9 2.8 -0.47263
1.9 2.9 -0.350393
1.9 3 -0.192919
1.9 3.1 1.19894e-09
1.9 3.2 0.228593
1.9 3.3 0.493086
1.9 3.4 0.793684
1.9 3.5 1.13054
1.9 3.6 1.50373
1.9 3.7 1.9132
1.9 3.8 2.35873
1.9 3.9 2.8399
1.9 4 3.356
1.9 4.1 3.90601
1.9 4.2 4.48854
1.9 4.3 5.10175
1.9 4.4 5.74336
1.9 4.5 6.41058
1.9 4.6 7.10012
1.9 4.7 7.8082
1.9 4.8 8.53063
1.9 4.9 9.26284
1.9 5 10

2 0 10
2 0.1 9.28487
2 0.2 8.57427
2 0.3 7.8726
2 0.4 7.18408
2 0.5 6.51263
2 0.6 5.8618
2 0.7 5.23476
2 0.8 4.63425
2 0.9 4.06256
2 1 3.52162
2 1.1 3.01293
2 1.2 2.53767
2 1.3 2.09671
2 1.4 1.69067
2 1.5 1.31995
2 1.6 0.98476
2 1.7 0.685207
2 1.8 0.421284
2 1.9 0.192919
2 2 -4.62959e-16
2 2.1 -0.157604
2 2.2 -0.280023
2 2.3 -0.367374
2 2.4 -0.419746
2 2.5 -0.437196
2 2.6 -0.419746
2 2.7 -0.367374
2 2.8 -0.280023
2 2.9 -0.157604
2 3 9.52249e-10
2 3.1 0.192919
2 3.2 0.421284
2 3.3 0.685207
2 3.4 0.98476
2 3.5 1.31995
2 3.6 1.69067
2 3.7 2.09671
2 3.8 2.53767
2 3.9 3.01293
2 4 3.52162
2 4.1 4.06256
2 4.2 4.63425
2 4.3 5.23476
2 4.4 5.8618
2 4.5 6.51263
2 4.6 7.18408
2 4.7 7.8726
2 4.8 8.57427
2 4.9 9.28487
2 5 10

2.1 0 10
2.1 0.1 9.30238
2.1 0.2 8.60896
2.1 0.3 7.92384
2.1 0.4 7.25098
2.1 0.5 6.59405
2.1 0.6 5.95646
2.1 0.7 5.34125
2.1 0.8 4.75112
2.1 0.9 4.18838
2.1 1 3.65498
2.1 1.1 3.15253
2.1 1.2 2.6823
2.1 1.3 2.24531
2.1 1.4 1.8423
2.1 1.5 1.47381
2.1 1.6 1.1402
2.1 1.7 0.841699
2.1 1.8 0.578418
2.1 1.9 0.350393
2.1 2 0.157604
2.1 2.1 -5.13602e-16
2.1 2.2 -0.122485
2.1 2.3 -0.209918
2.1 2.4 -0.262354
2.1 2.5 -0.279828
2.1 2.6 -0.262354
2.1 2.7 -0.209918
2.1 2.8 -0.122485
2.1 2.9 4.3807e-10
2.1 3 0.157604
2.1 3.1 0.350393
2.1 3.2 0.578418
2.1 3.3 0.841699
2.1 3.4 1.1402
2.1 3.5 1.47381
2.1 3.6 1.8423
2.1 3.7 2.24531
2.1 3.8 2.6823
2.1 3.9 3.15253
2.1 4 3.65498
2.1 4.1 4.18838
2.1 4.2 4.75112
2.1 4.3 5.34125
2.1 4.4 5.95646
2.1 4.5 6.59405
2.1 4.6 7.25098
2.1 4.7 7.92384
2.1 4.8 8.60896
2.1 4.9 9.30238
2.1 5 10

2.2 0 10
2.2 0.1 9.31569
2.2 0.2 8.63534
2.2 0.3 7.96284
2.2 0.4 7.30193
2.2 0.5 6.65613
2.2 0.6 6.02872
2.2 0.7 5.42266
2.2 0.8 4.8406
2.2 0.9 4.28486
2.2 1 3.7574
2.2 1.1 3.25989
2.2 1.2 2.79371
2.2 1.3 2.35993
2.2 1.4 1.95941
2.2 1.5 1.59279
2.2 1.6 1.26054
2.2 1.7 0.962971
2.2 1.8 0.700297
2.2 1.9 0.47263
2.2 2 0.280023
2.2 2.1 0.122485
2.2 2.2 -5.65304e-16
2.2 2.3 -0.0874605
2.2 2.4 -0.139924
2.2 2.5 -0.157409
2.2 2.6 -0.139924
2.2 2.7 -0.0874605
2.2 2.8 2.09193e-10
2.2 2.9 0.122485
2.2 3 0.280023
2.2 3.1 0.47263
2.2 3.2 0.700297
2.2 3.3 0.962971
2.2 3.4 1.26054
2.2 3.5 1.59279
2.2 3.6 1.95941
2.2 3.7 2.35993
2.2 3.8 2.79371
2.2 3.9 3.25989
2.2 4 3.7574
2.2 4.1 4.28486
2.2 4.2 4.8406
2.2 4.3 5.42266
2.2 4.4 6.02872
2.2 4.5 6.65613
2.2 4.6 7.30193
2.2 4.7 7.96284
2.2 4.8 8.63534
2.2 4.9 9.31569
2.2 5 10

2.3 0 10
2.3 0.1 9.32504
2.3 0.2 8.65388
2.3 0.3 7.99025
2.3 0.4 7.33777
2.3 0.5 6.69984
2.3 0.6 6.07964
2.3 0.7 5.48008
2.3 0.8 4.90378
2.3 0.9 4.35304
2.3 1 3.82986
2.3 1.1 3.33594
2.3 1.2 2.8727
2.3 1.3 2.44128
2.3 1.4 2.04261
2.3 1.5 1.6774
2.3 1.6 1.34619
2.3 1.7 1.04935
2.3 1.8 0.787168
2.3 1.9 0.559807
2.3 2 0.367374
2.3 2.1 0.209918
2.3 2.2 0.0874605
2.3 2.3 -6.15206e-16
2.3 2.4 -0.052471
2.3 2.5 -0.0699602
2.3 2.6 -0.052471
2.3 2.7 -1.70767e-10
2.3 2.8 0.0874605
2.3 2.9 0.209918
2.3 3 0.367374
2.3 3.1 0.559807
2.3 3.2 0.787168
2.3 3.3 1.04935
2.3 3.4 1.34619
2.3 3.5 1.6774
2.3 3.6 2.04261
2.3 3.7 2.44128
2.3 3.8 2.8727
2.3 3.9 3.33594
2.3 4 3.82986
2.3 4.1 4.35304
2.3 4.2 4.90378
2.3 4.3 5.48008
2.3 4.4 6.07964
2.3 4.5 6.69984
2.3 4.6 7.33777
2.3 4.7 7.99025
2.3 4.8 8.65388
2.3 4.9 9.32504
2.3 5 10

2.4 0 10
2.4 0.1 9.33059
2.4 0.2 8.66488
2.4 0.3 8.00653
2.4 0.4 7.35905
2.4 0.5 6.7258
2.4 0.6 6.10991
2.4 0.7 5.51424
2.4 0.8 4.94139
2.4 0.9 4.39366
2.4 1 3.87307
2.4 1.1 3.38132
2.4 1.2 2.91986
2.4 1.3 2.48989
2.4 1.4 2.09236
2.4 1.5 1.72802
2.4 1.6 1.39745
2.4 1.7 1.10108
2.4 1.8 0.839215
2.4 1.9 0.612058
2.4 2 0.419746
2.4 2.1 0.262354
2.4 2.2 0.139924
2.4 2.3 0.052471
2.4 2.4 -6.6862e-16
2.4 2.5 -0.0174901
2.4 2.6 -6.41973e-11
2.4 2.7 0.052471
2.4 2.8 0.139924
2.4 2.9 0.262354
2.4 3 0.419746
2.4 3.1 0.612058
2.4 3.2 0.839215
2.4 3.3 1.10108
2.4 3.4 1.39745
2.4 3.5 1.72802
2.4 3.6 2.09236
2.4 3.7 2.48989
2.4 3.8 2.91986
2.4 3.9 3.38132
2.4 4 3.87307
2.4 4.1 4.39366
2.4 4.2 4.94139
2.4 4.3 5.51424
2.4 4.4 6.10991
2.4 4.5 6.7258
2.4 4.6 7.35905
2.4 4.7 8.00653
2.4 4.8 8.66488
2.4 4.9 9.33059
2.4 5 10

2.5 0 10
2.5 0.1 9.33242
2.5 0.2 8.66853
2.5 0.3 8.01192
2.5 0.4 7.36611
2.5 0.5 6.73442
2.5 0.6 6.11995
2.5 0.7 5.52558
2.5 0.8 4.95388
2.5 0.9 4.40716
2.5 1 3.88742
2.5 1.1 3.3964
2.5 1.2 2.93555
2.5 1.3 2.50606
2.5 1.4 2.10891
2.5 1.5 1.74487
2.5 1.6 1.41452
2.5 1.7 1.11831
2.5 1.8 0.856551
2.5 1.9 0.629466
2.5 2 0.437196
2.5 2.1 0.279828
2.5 2.2 0.157409
2.5 2.3 0.0699602
2.5 2.4 0.0174901
2.5 2.5 -7.23893e-16
2.5 2.6 0.0174901
2.5 2.7 0.0699602
2.5 2.8 0.157409
2.5 2.9 0.279828
2.5 3 0.437196
2.5 3.1 0.629466
2.5 3.2 0.856551
2.5 3.3 1.11831
2.5 3.4 1.41452
2.5 3.5 1.74487
2.5 3.6 2.10891
2.5 3.7 2.50606
2.5 3.8 2.93555
2.5 3.9 3.3964
2.5 4 3.88742
2.5 4.1 4.40716
2.5 4.2 4.95388
2.5 4.3 5.52558
2.5 4.4 6.11995
2.5 4.5 6.73442
2.5 4.6 7.36611
2.5 4.7 8.01192
2.5 4.8 8.66853
2.5 4.9 9.33242
2.5 5 10

2.6 0 10
2.6 0.1 9.33059
2.6 0.2 8.66488
2.6 0.3 8.00653
2.6 0.4 7.35905
2.6 0.5 6.7258
2.6 0.6 6.10991
2.6 0.7 5.51424
2.6 0.8 4.94139
2.6 0.9 4.39366
2.6 1 3.87307
2.6 1.1 3.38132
2.6 1.2 2.91986
2.6 1.3 2.48989
2.6 1.4 2.09236
2.6 1.5 1.72802
2.6 1.6 1.39745
2.6 1.7 1.10108
2.6 1.8 0.839215
2.6 1.9 0.612058
2.6 2 0.419746
2.6 2.1 0.262354
2.6 2.2 0.139924
2.6 2.3 0.052471
2.6 2.4 6.41959e-11
2.6 2.5 -0.0174901
2.6 2.6 -7.82623e-16
2.6 2.7 0.052471
2.6 2.8 0.139924
2.6 2.9 0.262354
2.6 3 0.419746
2.6 3.1 0.612058
2.6 3.2 0.839215
2.6 3.3 1.10108
2.6 3.4 1.39745
2.6 3.5 1.72802
2.6 3.6 2.09236
2.6 3.7 2.48989
2.6 3.8 2.91986
2.6 3.9 3.38132
2.6 4 3.87307
2.6 4.1 4.39366
2.6 4.2 4.94139
2.6 4.3 5.51424
2.6 4.4 6.10991
2.6 4.5 6.7258
2.6 4.6 7.35905
2.6 4.7 8.00653
2.6 4.8 8.66488
2.6 4.9 9.33059
2.6 5 10

2.7 0 10
2.7 0.1 9.32504
2.7 0.2 8.65388
2.7 0.3 7.99025
2.7 0.4 7.33777
2.7 0.5 6.69984
2.7 0.6 6.07964
2.7 0.7 5.48008
2.7 0.8 4.90378
2.7 0.9 4.35304
2.7 1 3.82986
2.7 1.1 3.33594
2.7 1.2 2.8727
2.7 1.3 2.44128
2.7 1.4 2.04261
2.7 1.5 1.6774
2.7 1.6 1.34619
2.7 1.7 1.04935
2.7 1.8 0.787168
2.7 1.9 0.559807
2.7 2 0.367374
2.7 2.1 0.209918
2.7 2.2 0.0874605
2.7 2.3 1.70765e-10
2.7 2.4 -0.052471
2.7 2.5 -0.0699602
2.7 2.6 -0.052471
2.7 2.7 -8.43488e-16
2.7 2.8 0.0874605
2.7 2.9 0.209918
2.7 3 0.367374
2.7 3.1 0.559807
2.7 3.2 0.787168
2.7 3.3 1.04935
2.7 3.4 1.34619
2.7 3.5 1.6774
2.7 3.6 2.04261
2.7 3.7 2.44128
2.7 3.8 2.8727
2.7 3.9 3.33594
2.7 4 3.82986
2.7 4.1 4.35304
2.7 4.2 4.90378
2.7 4.3 5.48008
2.7 4.4 6.07964
2.7 4.5 6.69984
2.7 4.6 7.33777
2.7 4.7 7.99025
2.7 4.8 8.65388
2.7 4.9 9.32504
2.7 5 10

2.8 0 10
2.8 0.1 9.31569
2.8 0.2 8.63534
2.8 0.3 7.96284
2.8 0.4 7.30193
2.8 0.5 6.65613
2.8 0.6 6.02872
2.8 0.7 5.42266
2.8 0.8 4.8406
2.8 0.9 4.28486
2.8 1 3.7574
2.8 1.1 3.25989
2.8 1.2 2.79371
2.8 1.3 2.35993
2.8 1.4 1.95941
2.8 1.5 1.59279
2.8 1.6 1.26054
2.8 1.7 0.962971
2.8 1.8 0.700297
2.8 1.9 0.47263
2.8 2 0.280023
2.8 2.1 0.122485
2.8 2.2 -2.09195e-10
2.8 2.3 -0.0874605
2.8 2.4 -0.139924
2.8 2.5 -0.157409
2.8 2.6 -0.139924
2.8 2.7 -0.0874605
2.8 2.8 -9.10972e-16
2.8 2.9 0.122485
2.8 3 0.280023
2.8 3.1 0.47263
2.8 3.2 0.700297
2.8 3.3 0.962971
2.8 3.4 1.26054
2.8 3.5 1.59279
2.8 3.6 1.95941
2.8 3.7 2.35993
2.8 3.8 2.79371
2.8 3.9 3.25989
2.8 4 3.7574
2.8 4.1 4.28486
2.8 4.2 4.8406
2.8 4.3 5.42266
2.8 4.4 6.02872
2.8 4.5 6.65613
2.8 4.6 7.30193
2.8 4.7 7.96284
2.8 4.8 8.63534
2.8 4.9 9.31569
2.8 5 10

2.9 0 10
2.9 0.1 9.30238
2.9 0.2 8.60896
2.9 0.3 7.92384
2.9 0.4 7.25098
2.9 0.5 6.59405
2.9 0.6 5.95646
2.9 0.7 5.34125
2.9 0.8 4.75112
2.9 0.9 4.18838
2.9 1 3.65498
2.9 1.1 3.15253
2.9 1.2 2.6823
2.9 1.3 2.24531
2.9 1.4 1.8423
2.9 1.5 1.47381
2.9 1.6 1.1402
2.9 1.7 0.841699
2.9 1.8 0.578418
2.9 1.9 0.350393
2.9 2 0.157604
2.9 2.1 -4.38072e-10
2.9 2.2 -0.122485
2.9 2.3 -0.209918
2.9 2.4 -0.262354
2.9 2.5 -0.279828
2.9 2.6 -0.262354
2.9 2.7 -0.209918
2.9 2.8 -0.122485
2.9 2.9 -9.84715e-16
2.9 3 0.157604
2.9 3.1 0.350393
2.9 3.2 0.578418
2.9 3.3 0.841699
2.9 3.4 1.1402
2.9 3.5 1.47381
2.9 3.6 1.8423
2.9 3.7 2.24531
2.9 3.8 2.6823
2.9 3.9 3.15253
2.9 4 3.65498
2.9 4.1 4.18838
2.9 4.2 4.75112
2.9 4.3 5.34125
2.9 4.4 5.95646
2.9 4.5 6.59405
2.9 4.6 7.25098
2.9 4.7 7.92384
2.9 4.8 8.60896
2.9 4.9 9.30238
2.9 5 10

3 0 10
3 0.1 9.28487
3 0.2 8.57427
3 0.3 7.8726
3 0.4 7.18408
3 0.5 6.51263
3 0.6 5.8618
3 0.7 5.23476
3 0.8 4.63425
3 0.9 4.06256
3 1 3.52162
3 1.1 3.01293
3 1.2 2.53767
3 1.3 2.09671
3 1.4 1.69067
3 1.5 1.31995
3 1.6 0.98476
3 1.7 0.685207
3 1.8 0.421284
3 1.9 0.192919
3 2 -9.5225e-10
3 2.1 -0.157604
3 2.2 -0.280023
3 2.3 -0.367374
3 2.4 -0.419746
3 2.5 -0.437196
3 2.6 -0.419746
3 2.7 -0.367374
3 2.8 -0.280023
3 2.9 -0.157604
3 3 -1.05486e-15
3 3.1 0.192919
3 3.2 0.421284
3 3.3 0.685207
3 3.4 0.98476
3 3.5 1.31995
3 3.6 1.69067
3 3.7 2.09671
3 3.8 2.53767
3 3.9 3.01293
3 4 3.52162
3 4.1 4.06256
3 4.2 4.63425
3 4.3 5.23476
3 4.4 5.8618
3 4.5 6.51263
3 4.6 7.18408
3 4.7 7.8726
3 4.8 8.57427
3 4.9 9.28487
3 5 10

3.1 0 10
3.1 0.1 9.26284
3.1 0.2 8.53063
3.1 0.3 7.8082
3.1 0.4 7.10012
3.1 0.5 6.41058
3.1 0.6 5.74336
3.1 0.7 5.10175
3.1 0.8 4.48854
3.1 0.9 3.90601
3.1 1 3.356
3.1 1.1 2.8399
3.1 1.2 2.35873
3.1 1.3 1.9132
3.1 1.4 1.50373
3.1 1.5 1.13054
3.1 1.6 0.793684
3.1 1.7 0.493086
3.1 1.8 0.228593
3.1 1.9 -1.19894e-09
3.1 2 -0.192919
3.1 2.1 -0.350393
3.1 2.2 -0.47263
3.1 2.3 -0.559807
3.1 2.4 -0.612058
3.1 2.5 -0.629466
3.1 2.6 -0.612058
3.1 2.7 -0.559807
3.1 2.8 -0.47263
3.1 2.9 -0.350393
3.1 3 -0.192919
3.1 3.1 -1.12675e-15
3.1 3.2 0.228593
3.1 3.3 0.493086
3.1 3.4 0.793684
3.1 3.5 1.13054
3.1 3.6 1.50373
3.1 3.7 1.9132
3.1 3.8 2.35873
3.1 3.9 2.8399
3.1 4 3.356
3.1 4.1 3.90601
3.1 4.2 4.48854
3.1 4.3 5.10175
3.1 4.4 5.74336
3.1 4.5 6.41058
3.1 4.6 7.10012
3.1 4.7 7.8082
3.1 4.8 8.53063
3.1 4.9 9.26284
3.1 5 10

3.2 0 10
3.2 0.1 9.23585
3.2 0.2 8.47722
3.2 0.3 7.72947
3.2 0.4 6.99761
3.2 0.5 6.28621
3.2 0.6 5.59931
3.2 0.7 4.94035
3.2 0.8 4.31214
3.2 0.9 3.71694
3.2 1 3.15647
3.2 1.1 2.63194
3.2 1.2 2.14417
3.2 1.3 1.69363
3.2 1.4 1.28051
3.2 1.5 0.904809
3.2 1.6 0.566349
3.2 1.7 0.264859
3.2 1.8 -1.34167e-09
3.2 1.9 -0.228593
3.2 2 -0.421284
3.2 2.1 -0.578418
3.2 2.2 -0.700297
3.2 2.3 -0.787168
3.2 2.4 -0.839215
3.2 2.5 -0.856551
3.2 2.6 -0.839215
3.2 2.7 -0.787168
3.2 2.8 -0.700297
3.2 2.9 -0.578418
3.2 3 -0.421284
3.2 3.1 -0.228593
3.2 3.2 -1.18886e-15
3.2 3.3 0.264859
3.2 3.4 0.566349
3.2 3.5 0.904809
3.2 3.6 1.28051
3.2 3.7 1.69363
3.2 3.8 2.14417
3.2 3.9 2.63194
3.2 4 3.15647
3.2 4.1 3.71694
3.2 4.2 4.31214
3.2 4.3 4.94035
3.2 4.4 5.59931
3.2 4.5 6.28621
3.2 4.6 6.99761
3.2 4.7 7.72947
3.2 4.8 8.47722
3.2 4.9 9.23585
3.2 5 10

3.3 0 10
3.3 0.1 9.20334
3.3 0.2 8.41294
3.3 0.3 7.63484
3.3 0.4 6.87463
3.3 0.5 6.13735
3.3 0.6 5.42734
3.3 0.7 4.74818
3.3 0.8 4.10273
3.3 0.9 3.49316
3.3 1 2.92099
3.3 1.1 2.38722
3.3 1.2 1.89237
3.3 1.3 1.43662
3.3 1.4 1.01988
3.3 1.5 0.641832
3.3 1.6 0.302045
3.3 1.7 -1.38555e-09
3.3 1.8 -0.264859
3.3 1.9 -0.493086
3.3 2 -0.685207
3.3 2.1 -0.841699
3.3 2.2 -0.962971
3.3 2.3 -1.04935
3.3 2.4 -1.10108
3.3 2.5 -1.11831
3.3 2.6 -1.10108
3.3 2.7 -1.04935
3.3 2.8 -0.962971
3.3 2.9 -0.841699
3.3 3 -0.685207
3.3 3.1 -0.493086
3.3 3.2 -0.264859
3.3 3.3 -1.25741e-15
3.3 3.4 0.302045
3.3 3.5 0.641832
3.3 3.6 1.01988
3.3 3.7 1.43662
3.3 3.8 1.89237
3.3 3.9 2.38722
3.3 4 2.92099
3.3 4.1 3.49316
3.3 4.2 4.10273
3.3 4.3 4.74818
3.3 4.4 5.42734
3.3 4.5 6.13735
3.3 4.6 6.87463
3.3 4.7 7.63484
3.3 4.8 8.41294
3.3 4.9 9.20334
3.3 5 10

3.4 0 10
3.4 0.1 9.16457
3.4 0.2 8.33637
3.4 0.3 7.52231
3.4 0.4 6.72873
3.4 0.5 5.96123
3.4 0.6 5.2245
3.4 0.7 4.52229
3.4 0.8 3.85745
3.4 0.9 3.23197
3.4 1 2.64712
3.4 1.1 2.10357
3.4 1.2 1.60147
3.4 1.3 1.14062
3.4 1.4 0.720548
3.4 1.5 0.340595
3.4 1.6 -1.06972e-09
3.4 1.7 -0.302045
3.4 1.8 -0.566349
3.4 1.9 -0.793684
3.4 2 -0.98476
3.4 2.1 -1.1402
3.4 2.2 -1.26054
3.4 2.3 -1.34619
3.4 2.4 -1.39745
3.4 2.5 -1.41452
3.4 2.6 -1.39745
3.4 2.7 -1.34619
3.4 2.8 -1.26054
3.4 2.9 -1.1402
3.4 3 -0.98476
3.4 3.1 -0.793684
3.4 3.2 -0.566349
3.4 3.3 -0.302045
3.4 3.4 -1.32661e-15
3.4 3.5 0.340595
3.4 3.6 0.720548
3.4 3.7 1.14062
3.4 3.8 1.60147
3.4 3.9 2.10357
3.4 4 2.64712
3.4 4.1 3.23197
3.4 4.2 3.85745
3.4 4.3 4.52229
3.4 4.4 5.2245
3.4 4.5 5.96123
3.4 4.6 6.72873
3.4 4.7 7.52231
3.4 4.8 8.33637
3.4 4.9 9.16457
3.4 5 10

3.5 0 10
3.5 0.1 9.11859
3.5 0.2 8.24566
3.5 0.3 7.38928
3.5 0.4 6.55676
3.5 0.5 5.75435
3.5 0.6 4.98714
3.5 0.7 4.25904
3.5 0.8 3.5728
3.5 0.9 2.93014
3.5 1 2.33196
3.5 1.1 1.77846
3.5 1.2 1.26932
3.5 1.3 0.803843
3.5 1.4 0.381098
3.5 1.5 -7.76962e-10
3.5 1.6 -0.340595
3.5 1.7 -0.641832
3.5 1.8 -0.904809
3.5 1.9 -1.13054
3.5 2 -1.31995
3.5 2.1 -1.47381
3.5 2.2 -1.59279
3.5 2.3 -1.6774
3.5 2.4 -1.72802
3.5 2.5 -1.74487
3.5 2.6 -1.72802
3.5 2.7 -1.6774
3.5 2.8 -1.59279
3.5 2.9 -1.47381
3.5 3 -1.31995
3.5 3.1 -1.13054
3.5 3.2 -0.904809
3.5 3.3 -0.641832
3.5 3.4 -0.340595
3.5 3.5 -1.40007e-15
3.5 3.6 0.381098
3.5 3.7 0.803843
3.5 3.8 1.26932
3.5 3.9 1.77846
3.5 4 2.33196
3.5 4.1 2.93014
3.5 4.2 3.5728
3.5 4.3 4.25904
3.5 4.4 4.98714
3.5 4.5 5.75435
3.5 4.6 6.55676
3.5 4.7 7.38928
3.5 4.8 8.24566
3.5 4.9 9.11859
3.5 5 10

3.6 0 10
3.6 0.1 9.06411
3.6 0.2 8.13839
3.6 0.3 7.23241
3.6 0.4 6.35466
3.6 0.5 5.51225
3.6 0.6 4.71069
3.6 0.7 3.95394
3.6 0.8 3.24455
3.6 0.9 2.58384
3.6 1 1.97212
3.6 1.1 1.40899
3.6 1.2 0.893499
3.6 1.3 0.424335
3.6 1.4 -3.66916e-10
3.6 1.5 -0.381098
3.6 1.6 -0.720548
3.6 1.7 -1.01988
3.6 1.8 -1.28051
3.6 1.9 -1.50373
3.6 2 -1.69067
3.6 2.1 -1.8423
3.6 2.2 -1.95941
3.6 2.3 -2.04261
3.6 2.4 -2.09236
3.6 2.5 -2.10891
3.6 2.6 -2.09236
3.6 2.7 -2.04261
3.6 2.8 -1.95941
3.6 2.9 -1.8423
3.6 3 -1.69067
3.6 3.1 -1.50373
3.6 3.2 -1.28051
3.6 3.3 -1.01988
3.6 3.4 -0.720548
3.6 3.5 -0.381098
3.6 3.6 -1.48704e-15
3.6 3.7 0.424335
3.6 3.8 0.893499
3.6 3.9 1.40899
3.6 4 1.97212
3.6 4.1 2.58384
3.6 4.2 3.24455
3.6 4.3 3.95394
3.6 4.4 4.71069
3.6 4.5 5.51225
3.6 4.6 6.35466
3.6 4.7 7.23241
3.6 4.8 8.13839
3.6 4.9 9.06411
3.6 5 10

3.7 0 10
3.7 0.1 8.99948
3.7 0.2 8.01138
3.7 0.3 7.04729
3.7 0.4 6.11724
3.7 0.5 5.2293
3.7 0.6 4.38941
3.7 0.7 3.60149
3.7 0.8 2.86764
3.7 0.9 2.18853
3.7 1 1.5637
3.7 1.1 0.991894
3.7 1.2 0.471348
3.7 1.3 -3.7265e-10
3.7 1.4 -0.424335
3.7 1.5 -0.803843
3.7 1.6 -1.14062
3.7 1.7 -1.43662
3.7 1.8 -1.69363
3.7 1.9 -1.9132
3.7 2 -2.09671
3.7 2.1 -2.24531
3.7 2.2 -2.35993
3.7 2.3 -2.44128
3.7 2.4 -2.48989
3.7 2.5 -2.50606
3.7 2.6 -2.48989
3.7 2.7 -2.44128
3.7 2.8 -2.35993
3.7 2.9 -2.24531
3.7 3 -2.09671
3.7 3.1 -1.9132
3.7 3.2 -1.69363
3.7 3.3 -1.43662
3.7 3.4 -1.14062
3.7 3.5 -0.803843
3.7 3.6 -0.424335
3.7 3.7 -1.63712e-15
3.7 3.8 0.471348
3.7 3.9 0.991894
3.7 4 1.5637
3.7 4.1 2.18853
3.7 4.2 2.86764
3.7 4.3 3.60149
3.7 4.4 4.38941
3.7 4.5 5.2293
3.7 4.6 6.11724
3.7 4.7 7.04729
3.7 4.8 8.01138
3.7 4.9 8.99948
3.7 5 10

3.8 0 10
3.8 0.1 8.92242
3.8 0.2 7.86038
3.8 0.3 6.82814
3.8 0.4 5.83771
3.8 0.5 4.8983
3.8 0.6 4.01617
3.8 0.7 3.19495
3.8 0.8 2.43599
3.8 0.9 1.73895
3.8 1 1.10225
3.8 1.1 0.523536
3.8 1.2 -3.70505e-10
3.8 1.3 -0.471348
3.8 1.4 -0.893499
3.8 1.5 -1.26932
3.8 1.6 -1.60147
3.8 1.7 -1.89237
3.8 1.8 -2.14417
3.8 1.9 -2.35873
3.8 2 -2.53767
3.8 2.1 -2.6823
3.8 2.2 -2.79371
3.8 2.3 -2.8727
3.8 2.4 -2.91986
3.8 2.5 -2.93555
3.8 2.6 -2.91986
3.8 2.7 -2.8727
3.8 2.8 -2.79371
3.8 2.9 -2.6823
3.8 3 -2.53767
3.8 3.1 -2.35873
3.8 3.2 -2.14417
3.8 3.3 -1.89237
3.8 3.4 -1.60147
3.8 3.5 -1.26932
3.8 3.6 -0.893499
3.8 3.7 -0.471348
3.8 3.8 -1.84156e-15
3.8 3.9 0.523536
3.8 4 1.10225
3.8 4.1 1.73895
3.8 4.2 2.43599
3.8 4.3 3.19495
3.8 4.4 4.01617
3.8 4.5 4.8983
3.8 4.6 5.83771
3.8 4.7 6.82814
3.8 4.8 7.86038
3.8 4.9 8.92242
3.8 5 10

3.9 0 10
3.9 0.1 8.82982
3.9 0.2 7.67956
3.9 0.3 6.56717
3.9 0.4 5.50717
3.9 0.5 4.51
3.9 0.6 3.58204
3.9 0.7 2.72614
3.9 0.8 1.94242
3.9 0.9 1.22902
3.9 1 0.582817
3.9 1.1 -6.57058e-10
3.9 1.2 -0.523536
3.9 1.3 -0.991894
3.9 1.4 -1.40899
3.9 1.5 -1.77846
3.9 1.6 -2.10357
3.9 1.7 -2.38722
3.9 1.8 -2.63194
3.9 1.9 -2.8399
3.9 2 -3.01293
3.9 2.1 -3.15253
3.9 2.2 -3.25989
3.9 2.3 -3.33594
3.9 2.4 -3.38132
3.9 2.5 -3.3964
3.9 2.6 -3.38132
3.9 2.7 -3.33594
3.9 2.8 -3.25989
3.9 2.9 -3.15253
3.9 3 -3.01293
3.9 3.1 -2.8399
3.9 3.2 -2.63194
3.9 3.3 -2.38722
3.9 3.4 -2.10357
3.9 3.5 -1.77846
3.9 3.6 -1.40899
3.9 3.7 -0.991894
3.9 3.8 -0.523536
3.9 3.9 -1.90915e-15
3.9 4 0.582817
3.9 4.1 1.22902
3.9 4.2 1.94242
3.9 4.3 2.72614
3.9 4.4 3.58204
3.9 4.5 4.51
3.9 4.6 5.50717
3.9 4.7 6.56717
3.9 4.8 7.67956
3.9 4.9 8.82982
3.9 5 10

4 0 10
4 0.1 8.7173
4 0.2 7.46088
4 0.3 6.25381
4 0.4 5.11381
4 0.5 4.0525
4 0.6 3.07584
4 0.7 2.18516
4 0.8 1.37854
4 0.9 0.651889
4 1 -5.86577e-10
4 1.1 -0.582817
4 1.2 -1.10225
4 1.3 -1.5637
4 1.4 -1.97212
4 1.5 -2.33196
4 1.6 -2.64712
4 1.7 -2.92099
4 1.8 -3.15647
4 1.9 -3.356
4 2 -3.52162
4 2.1 -3.65498
4 2.2 -3.7574
4 2.3 -3.82986
4 2.4 -3.87307
4 2.5 -3.88742
4 2.6 -3.87307
4 2.7 -3.82986
4 2.8 -3.7574
4 2.9 -3.65498
4 3 -3.52162
4 3.1 -3.356
4 3.2 -3.15647
4 3.3 -2.92099
4 3.4 -2.64712
4 3.5 -2.33196
4 3.6 -1.97212
4 3.7 -1.5637
4 3.8 -1.10225
4 3.9 -0.582817
4 4 -1.97681e-15
4 4.1 0.651889
4 4.2 1.37854
4 4.3 2.18516
4 4.4 3.07584
4 4.5 4.0525
4 4.6 5.11381
4 4.7 6.25381
4 4.8 7.46088
4 4.9 8.7173
4 5 10

4.1 0 10
4.1 0.1 8.57851
4.1 0.2 7.19285
4.1 0.3 5.87337
4.1 0.4 4.64174
4.1 0.5 3.51036
4.1 0.6 2.48364
4.1 0.7 1.56014
4.1 0.8 0.73467
4.1 0.9 -8.55823e-10
4.1 1 -0.651889
4.1 1.1 -1.22902
4.1 1.2 -1.73895
4.1 1.3 -2.18853
4.1 1.4 -2.58384
4.1 1.5 -2.93014
4.1 1.6 -3.23197
4.1 1.7 -3.49316
4.1 1.8 -3.71694
4.1 1.9 -3.90601
4.1 2 -4.06256
4.1 2.1 -4.18838
4.1 2.2 -4.28486
4.1 2.3 -4.35304
4.1 2.4 -4.39366
4.1 2.5 -4.40716
4.1 2.6 -4.39366
4.1 2.7 -4.35304
4.1 2.8 -4.28486
4.1 2.9 -4.18838
4.1 3 -4.06256
4.1 3.1 -3.90601
4.1 3.2 -3.71694
4.1 3.3 -3.49316
4.1 3.4 -3.23197
4.1 3.5 -2.93014
4.1 3.6 -2.58384
4.1 3.7 -2.18853
4.1 3.8 -1.73895
4.1 3.9 -1.22902
4.1 4 -0.651889
4.1 4.1 -2.1625e-15
4.1 4.2 0.73467
4.1 4.3 1.56014
4.1 4.4 2.48364
4.1 4.5 3.51036
4.1 4.6 4.64174
4.1 4.7 5.87337
4.1 4.8 7.19285
4.1 4.9 8.57851
4.1 5 10

4.2 0 10
4.2 0.1 8.40391
4.2 0.2 6.85863
4.2 0.3 5.40508
4.2 0.4 4.06944
4.2 0.5 2.86356
4.2 0.6 1.78823
4.2 0.7 0.837092
4.2 0.8 -1.03513e-09
4.2 0.9 -0.73467
4.2 1 -1.37854
4.2 1.1 -1.94242
4.2 1.2 -2.43599
4.2 1.3 -2.86764
4.2 1.4 -3.24455
4.2 1.5 -3.5728
4.2 1.6 -3.85745
4.2 1.7 -4.10273
4.2 1.8 -4.31214
4.2 1.9 -4.48854
4.2 2 -4.63425
4.2 2.1 -4.75112
4.2 2.2 -4.8406
4.2 2.3 -4.90378
4.2 2.4 -4.94139
4.2 2.5 -4.95388
4.2 2.6 -4.94139
4.2 2.7 -4.90378
4.2 2.8 -4.8406
4.2 2.9 -4.75112
4.2 3 -4.63425
4.2 3.1 -4.48854
4.2 3.2 -4.31214
4.2 3.3 -4.10273
4.2 3.4 -3.85745
4.2 3.5 -3.5728
4.2 3.6 -3.24455
4.2 3.7 -2.86764
4.2 3.8 -2.43599
4.2 3.9 -1.94242
4.2 4 -1.37854
4.2 4.1 -0.73467
4.2 4.2 -2.31142e-15
4.2 4.3 0.837092
4.2 4.4 1.78823
4.2 4.5 2.86356
4.2 4.6 4.06944
4.2 4.7 5.40508
4.2 4.8 6.85863
4.2 4.9 8.40391
4.2 5 10

4.3 0 10
4.3 0.1 8.17849
4.3 0.2 6.43267
4.3 0.3 4.81887
4.3 0.4 3.36738
4.3 0.5 2.08621
4.3 0.6 0.96861
4.3 0.7 -1.4532e-09
4.3 0.8 -0.837092
4.3 0.9 -1.56014
4.3 1 -2.18516
4.3 1.1 -2.72614
4.3 1.2 -3.19495
4.3 1.3 -3.60149
4.3 1.4 -3.95394
4.3 1.5 -4.25904
4.3 1.6 -4.52229
4.3 1.7 -4.74818
4.3 1.8 -4.94035
4.3 1.9 -5.10175
4.3 2 -5.23476
4.3 2.1 -5.34125
4.3 2.2 -5.42266
4.3 2.3 -5.48008
4.3 2.4 -5.51424
4.3 2.5 -5.52558
4.3 2.6 -5.51424
4.3 2.7 -5.48008
4.3 2.8 -5.42266
4.3 2.9 -5.34125
4.3 3 -5.23476
4.3 3.1 -5.10175
4.3 3.2 -4.94035
4.3 3.3 -4.74818
4.3 3.4 -4.52229
4.3 3.5 -4.25904
4.3 3.6 -3.95394
4.3 3.7 -3.60149
4.3 3.8 -3.19495
4.3 3.9 -2.72614
4.3 4 -2.18516
4.3 4.1 -1.56014
4.3 4.2 -0.837092
4.3 4.3 -2.22171e-15
4.3 4.4 0.96861
4.3 4.5 2.08621
4.3 4.6 3.36738
4.3 4.7 4.81887
4.3 4.8 6.43267
4.3 4.9 8.17849
4.3 5 10

4.4 0 10
4.4 0.1 7.87738
4.4 0.2 5.8747
4.4 0.3 4.07035
4.4 0.4 2.495
4.4 0.5 1.1453
4.4 0.6 -1.41009e-09
4.4 0.7 -0.96861
4.4 0.8 -1.78823
4.4 0.9 -2.48364
4.4 1 -3.07584
4.4 1.1 -3.58204
4.4 1.2 -4.01617
4.4 1.3 -4.38941
4.4 1.4 -4.71069
4.4 1.5 -4.98714
4.4 1.6 -5.2245
4.4 1.7 -5.42734
4.4 1.8 -5.59931
4.4 1.9 -5.74336
4.4 2 -5.8618
4.4 2.1 -5.95646
4.4 2.2 -6.02872
4.4 2.3 -6.07964
4.4 2.4 -6.10991
4.4 2.5 -6.11995
4.4 2.6 -6.10991
4.4 2.7 -6.07964
4.4 2.8 -6.02872
4.4 2.9 -5.95646
4.4 3 -5.8618
4.4 3.1 -5.74336
4.4 3.2 -5.59931
4.4 3.3 -5.42734
4.4 3.4 -5.2245
4.4 3.5 -4.98714
4.4 3.6 -4.71069
4.4 3.7 -4.38941
4.4 3.8 -4.01617
4.4 3.9 -3.58204
4.4 4 -3.07584
4.4 4.1 -2.48364
4.4 4.2 -1.78823
4.4 4.3 -0.96861
4.4 4.4 -2.25909e-15
4.4 4.5 1.1453
4.4 4.6 2.495
4.4 4.7 4.07035
4.4 4.8 5.8747
4.4 4.9 7.87738
4.4 5 10

4.5 0 10
4.5 0.1 7.45633
4.5 0.2 5.11841
4.5 0.3 3.09284
4.5 0.4 1.39696
4.5 0.5 -1.34842e-09
4.5 0.6 -1.1453
4.5 0.7 -2.08621
4.5 0.8 -2.86356
4.5 0.9 -3.51036
4.5 1 -4.0525
4.5 1.1 -4.51
4.5 1.2 -4.8983
4.5 1.3 -5.2293
4.5 1.4 -5.51225
4.5 1.5 -5.75435
4.5 1.6 -5.96123
4.5 1.7 -6.13735
4.5 1.8 -6.28621
4.5 1.9 -6.41058
4.5 2 -6.51263
4.5 2.1 -6.59405
4.5 2.2 -6.65613
4.5 2.3 -6.69984
4.5 2.4 -6.7258
4.5 2.5 -6.73442
4.5 2.6 -6.7258
4.5 2.7 -6.69984
4.5 2.8 -6.65613
4.5 2.9 -6.59405
4.5 3 -6.51263
4.5 3.1 -6.41058
4.5 3.2 -6.28621
4.5 3.3 -6.13735
4.5 3.4 -5.96123
4.5 3.5 -5.75435
4.5 3.6 -5.51225
4.5 3.7 -5.2293
4.5 3.8 -4.8983
4.5 3.9 -4.51
4.5 4 -4.0525
4.5 4.1 -3.51036
4.5 4.2 -2.86356
4.5 4.3 -2.08621
4.5 4.4 -1.1453
4.5 4.5 -2.1934e-15
4.5 4.6 1.39696
4.5 4.7 3.09284
4.5 4.8 5.11841
4.5 4.9 7.45633
4.5 5 10

4.6 0 10
4.6 0.1 6.82952
4.6 0.2 4.04975
4.6 0.3 1.78565
4.6 0.4 -9.53524e-10
4.6 0.5 -1.39696
4.6 0.6 -2.495
4.6 0.7 -3.36738
4.6 0.8 -4.06944
4.6 0.9 -4.64174
4.6 1 -5.11381
4.6 1.1 -5.50717
4.6 1.2 -5.83771
4.6 1.3 -6.11724
4.6 1.4 -6.35466
4.6 1.5 -6.55676
4.6 1.6 -6.72873
4.6 1.7 -6.87463
4.6 1.8 -6.99761
4.6 1.9 -7.10012
4.6 2 -7.18408
4.6 2.1 -7.25098
4.6 2.2 -7.30193
4.6 2.3 -7.33777
4.6 2.4 -7.35905
4.6 2.5 -7.36611
4.6 2.6 -7.35905
4.6 2.7 -7.33777
4.6 2.8 -7.30193
4.6 2.9 -7.25098
4.6 3 -7.18408
4.6 3.1 -7.10012
4.6 3.2 -6.99761
4.6 3.3 -6.87463
4.6 3.4 -6.72873
4.6 3.5 -6.55676
4.6 3.6 -6.35466
4.6 3.7 -6.11724
4.6 3.8 -5.83771
4.6 3.9 -5.50717
4.6 4 -5.11381
4.6 4.1 -4.64174
4.6 4.2 -4.06944
4.6 4.3 -3.36738
4.6 4.4 -2.495
4.6 4.5 -1.39696
4.6 4.6 -1.55481e-15
4.6 4.7 1.78565
4.6 4.8 4.04975
4.6 4.9 6.82952
4.6 5 10

4.7 0 10
4.7 0.1 5.81199
4.7 0.2 2.46543
4.7 0.3 -6.22579e-10
4.7 0.4 -1.78565
4.7 0.5 -3.09284
4.7 0.6 -4.07035
4.7 0.7 -4.81887
4.7 0.8 -5.40508
4.7 0.9 -5.87337
4.7 1 -6.25381
4.7 1.1 -6.56717
4.7 1.2 -6.82814
4.7 1.3 -7.04729
4.7 1.4 -7.23241
4.7 1.5 -7.38928
4.7 1.6 -7.52231
4.7 1.7 -7.63484
4.7 1.8 -7.72947
4.7 1.9 -7.8082
4.7 2 -7.8726
4.7 2.1 -7.92384
4.7 2.2 -7.96284
4.7 2.3 -7.99025
4.7 2.4 -8.00653
4.7 2.5 -8.01192
4.7 2.6 -8.00653
4.7 2.7 -7.99025
4.7 2.8 -7.96284
4.7 2.9 -7.92384
4.7 3 -7.8726
4.7 3.1 -7.8082
4.7 3.2 -7.72947
4.7 3.3 -7.63484
4.7 3.4 -7.52231
4.7 3.5 -7.38928
4.7 3.6 -7.23241
4.7 3.7 -7.04729
4.7 3.8 -6.82814
4.7 3.9 -6.56717
4.7 4 -6.25381
4.7 4.1 -5.87337
4.7 4.2 -5.40508
4.7 4.3 -4.81887
4.7 4.4 -4.07035
4.7 4.5 -3.09284
4.7 4.6 -1.78565
4.7 4.7 -1.27386e-15
4.7 4.8 2.46543
4.7 4.9 5.81199
4.7 5 10

4.8 0 10
4.8 0.1 3.953
4.8 0.2 -2.05885e-10
4.8 0.3 -2.46543
4.8 0.4 -4.04975
4.8 0.5 -5.11841
4.8 0.6 -5.8747
4.8 0.7 -6.43267
4.8 0.8 -6.85863
4.8 0.9 -7.19285
4.8 1 -7.46088
4.8 1.1 -7.67956
4.8 1.2 -7.86038
4.8 1.3 -8.01138
4.8 1.4 -8.13839
4.8 1.5 -8.24566
4.8 1.6 -8.33637
4.8 1.7 -8.41294
4.8 1.8 -8.47722
4.8 1.9 -8.53063
4.8 2 -8.57427
4.8 2.1 -8.60896
4.8 2.2 -8.63534
4.8 2.3 -8.65388
4.8 2.4 -8.66488
4.8 2.5 -8.66853
4.8 2.6 -8.66488
4.8 2.7 -8.65388
4.8 2.8 -8.63534
4.8 2.9 -8.60896
4.8 3 -8.57427
4.8 3.1 -8.53063
4.8 3.2 -8.47722
4.8 3.3 -8.41294
4.8 3.4 -8.33637
4.8 3.5 -8.24566
4.8 3.6 -8.13839
4.8 3.7 -8.01138
4.8 3.8 -7.86038
4.8 3.9 -7.67956
4.8 4 -7.46088
4.8 4.1 -7.19285
4.8 4.2 -6.85863
4.8 4.3 -6.43267
4.8 4.4 -5.8747
4.8 4.5 -5.11841
4.8 4.6 -4.04975
4.8 4.7 -2.46543
4.8 4.8 -1.01398e-15
4.8 4.9 3.953
4.8 5 10

4.9 0 10
4.9 0.1 -3.27773e-11
4.9 0.2 -3.953
4.9 0.3 -5.81199
4.9 0.4 -6.82952
4.9 0.5 -7.45633
4.9 0.6 -7.87738
4.9 0.7 -8.17849
4.9 0.8 -8.40391
4.9 0.9 -8.57851
4.9 1 -8.7173
4.9 1.1 -8.82982
4.9 1.2 -8.92242
4.9 1.3 -8.99948
4.9 1.4 -9.06411
4.9 1.5 -9.11859
4.9 1.6 -9.16457
4.9 1.7 -9.20334
4.9 1.8 -9.23585
4.9 1.9 -9.26284
4.9 2 -9.28487
4.9 2.1 -9.30238
4.9 2.2 -9.31569
4.9 2.3 -9.32504
4.9 2.4 -9.33059
4.9 2.5 -9.33242
4.9 2.6 -9.33059
4.9 2.7 -9.32504
4.9 2.8 -9.31569
4.9 2.9 -9.30238
4.9 3 -9.28487
4.9 3.1 -9.26284
4.9 3.2 -9.23585
4.9 3.3 -9.20334
4.9 3.4 -9.16457
4.9 3.5 -9.11859
4.9 3.6 -9.06411
4.9 3.7 -8.99948
4.9 3.8 -8.92242
4.9 3.9 -8.82982
4.9 4 -8.7173
4.9 4.1 -8.57851
4.9 4.2 -8.40391
4.9 4.3 -8.17849
4.9 4.4 -7.87738
4.9 4.5 -7.45633
4.9 4.6 -6.82952
4.9 4.7 -5.81199
4.9 4.8 -3.953
4.9 4.9 -5.73006e-17
4.9 5 10

5 0 -10
5 0.1 -10
5 0.2 -10
5 0.3 -10
5 0.4 -10
5 0.5 -10
5 0.6 -10
5 0.7 -10
5 0.8 -10
5 0.9 -10
5 1 -10
5 1.1 -10
5 1.2 -10
5 1.3 -10
5 1.4 -10
5 1.5 -10
5 1.6 -10
5 1.7 -10
5 1.8 -10
5 1.9 -10
5 2 -10
5 2.1 -10
5 2.2 -10
5 2.3 -10
5 2.4 -10
5 2.5 -10
5 2.6 -10
5 2.7 -10
5 2.8 -10
5 2.9 -10
5 3 -10
5 3.1 -10
5 3.2 -10
5 3.3 -10
5 3.4 -10
5 3.5 -10
5 3.6 -10
5 3.7 -10
5 3.8 -10
5 3.9 -10
5 4 -10
5 4.1 -10
5 4.2 -10
5 4.3 -10
5 4.4 -10
5 4.5 -10
5 4.6 -10
5 4.7 -10
5 4.8 -10
5 4.9 -10
5 5 10
