0	0	0
0.0001	3.2312e-009	7.1767e-005
0.0002	1.57103e-008	0.000184276
0.0003	4.13137e-008	0.000333636
0.0004	8.35474e-008	0.000516322
0.0005	1.45582e-007	0.00072914
0.0006	2.30283e-007	0.000969196
0.0007	3.40241e-007	0.00123387
0.0008	4.77797e-007	0.00152078
0.0009	6.45065e-007	0.00182777
0.001	8.43954e-007	0.0021529
0.0011	1.07619e-006	0.00249439
0.0012	1.34332e-006	0.00285064
0.0013	1.64676e-006	0.0032202
0.0014	1.98776e-006	0.00360174
0.0015	2.36747e-006	0.00399409
0.0016	2.7869e-006	0.00439614
0.0017	3.24699e-006	0.00480693
0.0018	3.74855e-006	0.00522555
0.0019	4.29233e-006	0.00565121
0.002	4.879e-006	0.00608316
0.0021	5.50915e-006	0.00652075
0.0022	6.18332e-006	0.00696337
0.0023	6.90198e-006	0.00741047
0.0024	7.66555e-006	0.00786156
0.0025	8.4744e-006	0.00831618
0.0026	9.32888e-006	0.00877393
0.0027	1.02293e-005	0.00923442
0.0028	1.11758e-005	0.00969734
0.0029	1.21688e-005	0.0101624
0.003	1.32084e-005	0.0106292
0.0031	1.42947e-005	0.0110976
0.0032	1.5428e-005	0.0115674
0.0033	1.66082e-005	0.0120383
0.0034	1.78356e-005	0.0125101
0.0035	1.91103e-005	0.0129827
0.0036	2.04322e-005	0.0134559
0.0037	2.18015e-005	0.0139295
0.0038	2.32181e-005	0.0144035
0.0039	2.46822e-005	0.0148777
0.004	2.61936e-005	0.015352
0.0041	2.77526e-005	0.0158262
0.0042	2.93589e-005	0.0163004
0.0043	3.10126e-005	0.0167743
0.0044	3.27137e-005	0.017248
0.0045	3.44622e-005	0.0177214
0.0046	3.6258e-005	0.0181944
0.0047	3.81011e-005	0.0186669
0.0048	3.99914e-005	0.0191388
0.0049	4.19288e-005	0.0196102
0.005	4.39134e-005	0.020081
0.0051	4.5945e-005	0.0205511
0.0052	4.80236e-005	0.0210205
0.0053	5.01491e-005	0.0214891
0.0054	5.23214e-005	0.021957
0.0055	5.45404e-005	0.022424
0.0056	5.68062e-005	0.0228902
0.0057	5.91185e-005	0.0233555
0.0058	6.14772e-005	0.0238199
0.0059	6.38824e-005	0.0242834
0.006	6.63339e-005	0.0247459
0.0061	6.88315e-005	0.0252074
0.0062	7.13753e-005	0.0256679
0.0063	7.39651e-005	0.0261274
0.0064	7.66008e-005	0.0265858
0.0065	7.92822e-005	0.0270432
0.0066	8.20093e-005	0.0274995
0.0067	8.47821e-005	0.0279546
0.0068	8.76002e-005	0.0284087
0.0069	9.04638e-005	0.0288616
0.007	9.33725e-005	0.0293134
0.0071	9.63264e-005	0.029764
0.0072	9.93253e-005	0.0302134
0.0073	0.000102369	0.0306617
0.0074	0.000105458	0.0311087
0.0075	0.000108591	0.0315544
0.0076	0.000111768	0.031999
0.0077	0.000114991	0.0324423
0.0078	0.000118257	0.0328843
0.0079	0.000121567	0.0333251
0.008	0.000124922	0.0337645
0.0081	0.00012832	0.0342027
0.0082	0.000131762	0.0346395
0.0083	0.000135248	0.0350751
0.0084	0.000138777	0.0355092
0.0085	0.00014235	0.0359421
0.0086	0.000145966	0.0363735
0.0087	0.000149625	0.0368036
0.0088	0.000153326	0.0372323
0.0089	0.000157071	0.0376597
0.009	0.000160858	0.0380856
0.0091	0.000164688	0.0385101
0.0092	0.00016856	0.0389331
0.0093	0.000172475	0.0393548
0.0094	0.000176431	0.039775
0.0095	0.00018043	0.0401937
0.0096	0.00018447	0.0406109
0.0097	0.000188552	0.0410267
0.0098	0.000192675	0.041441
0.0099	0.00019684	0.0418538
0.01	0.000201046	0.0422651
0.0101	0.000205293	0.0426748
0.0102	0.000209581	0.0430831
0.0103	0.000213909	0.0434898
0.0104	0.000218279	0.0438949
0.0105	0.000222688	0.0442985
0.0106	0.000227138	0.0447005
0.0107	0.000231628	0.0451009
0.0108	0.000236158	0.0454998
0.0109	0.000240728	0.045897
0.011	0.000245338	0.0462926
0.0111	0.000249987	0.0466867
0.0112	0.000254675	0.0470791
0.0113	0.000259402	0.0474698
0.0114	0.000264169	0.0478589
0.0115	0.000268974	0.0482464
0.0116	0.000273818	0.0486322
0.0117	0.000278701	0.0490163
0.0118	0.000283621	0.0493987
0.0119	0.00028858	0.0497795
0.012	0.000293577	0.0501585
0.0121	0.000298612	0.0505359
0.0122	0.000303684	0.0509115
0.0123	0.000308794	0.0512854
0.0124	0.000313941	0.0516575
0.0125	0.000319126	0.0520279
0.0126	0.000324347	0.0523966
0.0127	0.000329605	0.0527635
0.0128	0.000334899	0.0531286
0.0129	0.00034023	0.0534919
0.013	0.000345598	0.0538535
0.0131	0.000351001	0.0542132
0.0132	0.00035644	0.0545711
0.0133	0.000361915	0.0549273
0.0134	0.000367426	0.0552816
0.0135	0.000372972	0.0556341
0.0136	0.000378553	0.0559847
0.0137	0.000384168	0.0563335
0.0138	0.000389819	0.0566804
0.0139	0.000395504	0.0570255
0.014	0.000401224	0.0573686
0.0141	0.000406978	0.05771
0.0142	0.000412766	0.0580494
0.0143	0.000418588	0.0583869
0.0144	0.000424443	0.0587225
0.0145	0.000430332	0.0590562
0.0146	0.000436255	0.059388
0.0147	0.00044221	0.0597178
0.0148	0.000448198	0.0600458
0.0149	0.000454219	0.0603717
0.015	0.000460272	0.0606957
0.0151	0.000466358	0.0610178
0.0152	0.000472476	0.0613379
0.0153	0.000478626	0.061656
0.0154	0.000484807	0.0619721
0.0155	0.00049102	0.0622863
0.0156	0.000497264	0.0625984
0.0157	0.00050354	0.0629086
0.0158	0.000509846	0.0632167
0.0159	0.000516183	0.0635228
0.016	0.00052255	0.0638269
0.0161	0.000528948	0.0641289
0.0162	0.000535376	0.064429
0.0163	0.000541834	0.0647269
0.0164	0.000548321	0.0650228
0.0165	0.000554838	0.0653167
0.0166	0.000561385	0.0656084
0.0167	0.00056796	0.0658981
0.0168	0.000574564	0.0661857
0.0169	0.000581197	0.0664713
0.017	0.000587858	0.0667547
0.0171	0.000594548	0.067036
0.0172	0.000601266	0.0673152
0.0173	0.000608011	0.0675924
0.0174	0.000614784	0.0678673
0.0175	0.000621584	0.0681402
0.0176	0.000628412	0.0684109
0.0177	0.000635266	0.0686795
0.0178	0.000642148	0.0689459
0.0179	0.000649056	0.0692102
0.018	0.00065599	0.0694723
0.0181	0.00066295	0.0697322
0.0182	0.000669936	0.06999
0.0183	0.000676948	0.0702456
0.0184	0.000683985	0.070499
0.0185	0.000691048	0.0707503
0.0186	0.000698135	0.0709993
0.0187	0.000705247	0.0712461
0.0188	0.000712384	0.0714907
0.0189	0.000719545	0.0717331
0.019	0.000726731	0.0719733
0.0191	0.00073394	0.0722113
0.0192	0.000741173	0.072447
0.0193	0.000748429	0.0726805
0.0194	0.000755709	0.0729118
0.0195	0.000763012	0.0731408
0.0196	0.000770337	0.0733675
0.0197	0.000777685	0.073592
0.0198	0.000785055	0.0738143
0.0199	0.000792448	0.0740342
0.02	0.000799862	0.0742519
0.0201	0.000807298	0.0744674
0.0202	0.000814756	0.0746805
0.0203	0.000822234	0.0748914
0.0204	0.000829734	0.0750999
0.0205	0.000837254	0.0753062
0.0206	0.000844795	0.0755102
0.0207	0.000852356	0.0757118
0.0208	0.000859937	0.0759112
0.0209	0.000867538	0.0761082
0.021	0.000875159	0.0763029
0.0211	0.000882799	0.0764953
0.0212	0.000890458	0.0766854
0.0213	0.000898136	0.0768731
0.0214	0.000905832	0.0770585
0.0215	0.000913547	0.0772415
0.0216	0.000921281	0.0774222
0.0217	0.000929032	0.0776006
0.0218	0.000936801	0.0777766
0.0219	0.000944587	0.0779502
0.022	0.000952391	0.0781215
0.0221	0.000960211	0.0782904
0.0222	0.000968049	0.078457
0.0223	0.000975902	0.0786212
0.0224	0.000983773	0.078783
0.0225	0.000991659	0.0789424
0.0226	0.000999561	0.0790994
0.0227	0.00100748	0.079254
0.0228	0.00101541	0.0794063
0.0229	0.00102336	0.0795562
0.023	0.00103132	0.0797036
0.0231	0.0010393	0.0798487
0.0232	0.00104729	0.0799914
0.0233	0.0010553	0.0801316
0.0234	0.00106332	0.0802694
0.0235	0.00107135	0.0804049
0.0236	0.0010794	0.0805379
0.0237	0.00108746	0.0806685
0.0238	0.00109553	0.0807966
0.0239	0.00110362	0.0809224
0.024	0.00111172	0.0810457
0.0241	0.00111983	0.0811666
0.0242	0.00112795	0.0812851
0.0243	0.00113609	0.0814011
0.0244	0.00114423	0.0815147
0.0245	0.00115239	0.0816258
0.0246	0.00116056	0.0817345
0.0247	0.00116874	0.0818407
0.0248	0.00117692	0.0819446
0.0249	0.00118512	0.0820459
0.025	0.00119333	0.0821448
0.0251	0.00120155	0.0822413
0.0252	0.00120978	0.0823353
0.0253	0.00121802	0.0824268
0.0254	0.00122627	0.0825159
0.0255	0.00123452	0.0826025
0.0256	0.00124279	0.0826867
0.0257	0.00125106	0.0827683
0.0258	0.00125934	0.0828476
0.0259	0.00126763	0.0829243
0.026	0.00127593	0.0829986
0.0261	0.00128423	0.0830704
0.0262	0.00129254	0.0831398
0.0263	0.00130086	0.0832066
0.0264	0.00130918	0.083271
0.0265	0.00131751	0.0833329
0.0266	0.00132585	0.0833924
0.0267	0.00133419	0.0834493
0.0268	0.00134254	0.0835038
0.0269	0.00135089	0.0835558
0.027	0.00135925	0.0836053
0.0271	0.00136761	0.0836524
0.0272	0.00137598	0.0836969
0.0273	0.00138435	0.083739
0.0274	0.00139273	0.0837786
0.0275	0.00140111	0.0838157
0.0276	0.00140949	0.0838503
0.0277	0.00141788	0.0838824
0.0278	0.00142627	0.0839121
0.0279	0.00143466	0.0839392
0.028	0.00144305	0.0839639
0.0281	0.00145145	0.0839861
0.0282	0.00145985	0.0840058
0.0283	0.00146825	0.084023
0.0284	0.00147666	0.0840377
0.0285	0.00148506	0.08405
0.0286	0.00149347	0.0840597
0.0287	0.00150187	0.084067
0.0288	0.00151028	0.0840717
0.0289	0.00151869	0.084074
0.029	0.00152709	0.0840738
0.0291	0.0015355	0.0840711
0.0292	0.00154391	0.084066
0.0293	0.00155231	0.0840583
0.0294	0.00156072	0.0840482
0.0295	0.00156912	0.0840355
0.0296	0.00157753	0.0840204
0.0297	0.00158593	0.0840028
0.0298	0.00159433	0.0839828
0.0299	0.00160272	0.0839602
0.03	0.00161112	0.0839352
0.0301	0.00161951	0.0839077
0.0302	0.0016279	0.0838777
0.0303	0.00163629	0.0838452
0.0304	0.00164467	0.0838103
0.0305	0.00165305	0.0837728
0.0306	0.00166142	0.083733
0.0307	0.00166979	0.0836906
0.0308	0.00167816	0.0836458
0.0309	0.00168652	0.0835985
0.031	0.00169488	0.0835487
0.0311	0.00170323	0.0834965
0.0312	0.00171158	0.0834418
0.0313	0.00171992	0.0833846
0.0314	0.00172826	0.083325
0.0315	0.00173659	0.0832629
0.0316	0.00174491	0.0831984
0.0317	0.00175323	0.0831314
0.0318	0.00176154	0.083062
0.0319	0.00176984	0.0829901
0.032	0.00177813	0.0829158
0.0321	0.00178642	0.082839
0.0322	0.0017947	0.0827597
0.0323	0.00180297	0.0826781
0.0324	0.00181124	0.082594
0.0325	0.00181949	0.0825074
0.0326	0.00182774	0.0824185
0.0327	0.00183598	0.0823271
0.0328	0.0018442	0.0822332
0.0329	0.00185242	0.082137
0.033	0.00186063	0.0820383
0.0331	0.00186883	0.0819372
0.0332	0.00187702	0.0818337
0.0333	0.0018852	0.0817277
0.0334	0.00189336	0.0816194
0.0335	0.00190152	0.0815087
0.0336	0.00190967	0.0813955
0.0337	0.0019178	0.0812799
0.0338	0.00192592	0.081162
0.0339	0.00193403	0.0810416
0.034	0.00194213	0.0809189
0.0341	0.00195022	0.0807938
0.0342	0.00195829	0.0806662
0.0343	0.00196635	0.0805364
0.0344	0.0019744	0.0804041
0.0345	0.00198243	0.0802694
0.0346	0.00199045	0.0801324
0.0347	0.00199846	0.079993
0.0348	0.00200645	0.0798513
0.0349	0.00201443	0.0797072
0.035	0.00202239	0.0795607
0.0351	0.00203034	0.0794119
0.0352	0.00203827	0.0792607
0.0353	0.00204619	0.0791072
0.0354	0.00205409	0.0789514
0.0355	0.00206198	0.0787932
0.0356	0.00206985	0.0786327
0.0357	0.00207771	0.0784699
0.0358	0.00208555	0.0783048
0.0359	0.00209337	0.0781373
0.036	0.00210117	0.0779675
0.0361	0.00210896	0.0777954
0.0362	0.00211673	0.0776211
0.0363	0.00212448	0.0774444
0.0364	0.00213222	0.0772654
0.0365	0.00213994	0.0770841
0.0366	0.00214764	0.0769006
0.0367	0.00215532	0.0767148
0.0368	0.00216298	0.0765267
0.0369	0.00217062	0.0763363
0.037	0.00217825	0.0761437
0.0371	0.00218585	0.0759488
0.0372	0.00219344	0.0757516
0.0373	0.002201	0.0755522
0.0374	0.00220855	0.0753506
0.0375	0.00221607	0.0751467
0.0376	0.00222358	0.0749406
0.0377	0.00223106	0.0747323
0.0378	0.00223852	0.0745218
0.0379	0.00224596	0.074309
0.038	0.00225338	0.074094
0.0381	0.00226078	0.0738769
0.0382	0.00226816	0.0736575
0.0383	0.00227551	0.0734359
0.0384	0.00228285	0.0732122
0.0385	0.00229016	0.0729863
0.0386	0.00229744	0.0727582
0.0387	0.00230471	0.0725279
0.0388	0.00231195	0.0722955
0.0389	0.00231917	0.0720609
0.039	0.00232636	0.0718242
0.0391	0.00233353	0.0715853
0.0392	0.00234068	0.0713443
0.0393	0.0023478	0.0711011
0.0394	0.0023549	0.0708559
0.0395	0.00236197	0.0706085
0.0396	0.00236902	0.070359
0.0397	0.00237604	0.0701074
0.0398	0.00238304	0.0698537
0.0399	0.00239001	0.0695979
0.04	0.00239696	0.06934
0.0401	0.00240388	0.0690801
0.0402	0.00241078	0.0688181
0.0403	0.00241765	0.068554
0.0404	0.00242449	0.0682878
0.0405	0.0024313	0.0680196
0.0406	0.00243809	0.0677494
0.0407	0.00244485	0.0674772
0.0408	0.00245159	0.0672029
0.0409	0.00245829	0.0669265
0.041	0.00246497	0.0666482
0.0411	0.00247162	0.0663679
0.0412	0.00247825	0.0660855
0.0413	0.00248484	0.0658012
0.0414	0.00249141	0.0655149
0.0415	0.00249794	0.0652266
0.0416	0.00250445	0.0649364
0.0417	0.00251093	0.0646441
0.0418	0.00251738	0.06435
0.0419	0.0025238	0.0640538
0.042	0.00253019	0.0637558
0.0421	0.00253655	0.0634558
0.0422	0.00254288	0.0631539
0.0423	0.00254918	0.06285
0.0424	0.00255545	0.0625443
0.0425	0.00256169	0.0622367
0.0426	0.0025679	0.0619272
0.0427	0.00257408	0.0616157
0.0428	0.00258022	0.0613025
0.0429	0.00258634	0.0609873
0.043	0.00259242	0.0606703
0.0431	0.00259847	0.0603514
0.0432	0.00260449	0.0600307
0.0433	0.00261048	0.0597082
0.0434	0.00261643	0.0593839
0.0435	0.00262235	0.0590577
0.0436	0.00262824	0.0587297
0.0437	0.0026341	0.0583999
0.0438	0.00263992	0.0580683
0.0439	0.00264571	0.057735
0.044	0.00265147	0.0573998
0.0441	0.00265719	0.0570629
0.0442	0.00266288	0.0567243
0.0443	0.00266854	0.0563839
0.0444	0.00267416	0.0560417
0.0445	0.00267975	0.0556979
0.0446	0.0026853	0.0553523
0.0447	0.00269082	0.055005
0.0448	0.0026963	0.054656
0.0449	0.00270175	0.0543053
0.045	0.00270716	0.0539529
0.0451	0.00271254	0.0535988
0.0452	0.00271788	0.0532431
0.0453	0.00272319	0.0528857
0.0454	0.00272846	0.0525267
0.0455	0.00273369	0.052166
0.0456	0.00273889	0.0518037
0.0457	0.00274405	0.0514398
0.0458	0.00274918	0.0510743
0.0459	0.00275427	0.0507071
0.046	0.00275932	0.0503384
0.0461	0.00276434	0.0499681
0.0462	0.00276931	0.0495962
0.0463	0.00277425	0.0492228
0.0464	0.00277916	0.0488478
0.0465	0.00278402	0.0484713
0.0466	0.00278885	0.0480932
0.0467	0.00279364	0.0477136
0.0468	0.00279839	0.0473325
0.0469	0.00280311	0.0469499
0.047	0.00280778	0.0465658
0.0471	0.00281242	0.0461802
0.0472	0.00281702	0.0457931
0.0473	0.00282158	0.0454046
0.0474	0.0028261	0.0450146
0.0475	0.00283058	0.0446232
0.0476	0.00283503	0.0442303
0.0477	0.00283943	0.043836
0.0478	0.00284379	0.0434403
0.0479	0.00284812	0.0430432
0.048	0.0028524	0.0426447
0.0481	0.00285665	0.0422448
0.0482	0.00286085	0.0418436
0.0483	0.00286502	0.0414409
0.0484	0.00286914	0.041037
0.0485	0.00287322	0.0406316
0.0486	0.00287727	0.040225
0.0487	0.00288127	0.039817
0.0488	0.00288523	0.0394078
0.0489	0.00288915	0.0389972
0.049	0.00289303	0.0385853
0.0491	0.00289687	0.0381722
0.0492	0.00290066	0.0377578
0.0493	0.00290442	0.0373421
0.0494	0.00290813	0.0369252
0.0495	0.0029118	0.036507
0.0496	0.00291543	0.0360877
0.0497	0.00291902	0.0356671
0.0498	0.00292257	0.0352453
0.0499	0.00292607	0.0348223
0.05	0.00292953	0.0343981
0.0501	0.00293295	0.0339728
0.0502	0.00293632	0.0335463
0.0503	0.00293966	0.0331187
0.0504	0.00294295	0.0326899
0.0505	0.0029462	0.03226
0.0506	0.0029494	0.0318289
0.0507	0.00295256	0.0313968
0.0508	0.00295568	0.0309636
0.0509	0.00295875	0.0305293
0.051	0.00296179	0.0300939
0.0511	0.00296477	0.0296575
0.0512	0.00296772	0.02922
0.0513	0.00297062	0.0287814
0.0514	0.00297347	0.0283419
0.0515	0.00297629	0.0279013
0.0516	0.00297905	0.0274598
0.0517	0.00298178	0.0270172
0.0518	0.00298446	0.0265737
0.0519	0.00298709	0.0261291
0.052	0.00298968	0.0256837
0.0521	0.00299223	0.0252373
0.0522	0.00299473	0.0247899
0.0523	0.00299719	0.0243416
0.0524	0.0029996	0.0238924
0.0525	0.00300197	0.0234424
0.0526	0.00300429	0.0229914
0.0527	0.00300656	0.0225395
0.0528	0.00300879	0.0220868
0.0529	0.00301098	0.0216332
0.053	0.00301312	0.0211788
0.0531	0.00301522	0.0207236
0.0532	0.00301727	0.0202675
0.0533	0.00301927	0.0198106
0.0534	0.00302123	0.0193529
0.0535	0.00302314	0.0188945
0.0536	0.00302501	0.0184353
0.0537	0.00302683	0.0179753
0.0538	0.0030286	0.0175145
0.0539	0.00303033	0.0170531
0.054	0.00303201	0.0165909
0.0541	0.00303365	0.016128
0.0542	0.00303524	0.0156643
0.0543	0.00303678	0.0152
0.0544	0.00303828	0.0147351
0.0545	0.00303973	0.0142694
0.0546	0.00304113	0.0138031
0.0547	0.00304249	0.0133362
0.0548	0.0030438	0.0128686
0.0549	0.00304506	0.0124004
0.055	0.00304628	0.0119316
0.0551	0.00304745	0.0114622
0.0552	0.00304857	0.0109923
0.0553	0.00304965	0.0105217
0.0554	0.00305068	0.0100506
0.0555	0.00305166	0.00957898
0.0556	0.00305259	0.0091068
0.0557	0.00305348	0.0086341
0.0558	0.00305432	0.0081609
0.0559	0.00305511	0.00768719
0.056	0.00305586	0.007213
0.0561	0.00305655	0.00673834
0.0562	0.0030572	0.00626322
0.0563	0.00305781	0.00578765
0.0564	0.00305836	0.00531164
0.0565	0.00305887	0.00483521
0.0566	0.00305933	0.00435837
0.0567	0.00305974	0.00388112
0.0568	0.0030601	0.00340349
0.0569	0.00306042	0.00292549
0.057	0.00306069	0.00244712
0.0571	0.00306091	0.0019684
0.0572	0.00306108	0.00148934
0.0573	0.00306121	0.00100996
0.0574	0.00306129	0.000530258
0.0575	0.00306131	5.02582e-005
0.0576	0.0030613	-0.000430031
0.0577	0.00306123	-0.000910597
0.0578	0.00306111	-0.00139143
0.0579	0.00306095	-0.00187251
0.058	0.00306074	-0.00235383
0.0581	0.00306048	-0.00283539
0.0582	0.00306017	-0.00331715
0.0583	0.00305982	-0.00379912
0.0584	0.00305941	-0.00428128
0.0585	0.00305896	-0.00476362
0.0586	0.00305846	-0.00524613
0.0587	0.00305791	-0.00572879
0.0588	0.00305731	-0.00621159
0.0589	0.00305667	-0.00669452
0.059	0.00305597	-0.00717756
0.0591	0.00305523	-0.00766071
0.0592	0.00305444	-0.00814395
0.0593	0.0030536	-0.00862728
0.0594	0.00305272	-0.00911067
0.0595	0.00305178	-0.00959411
0.0596	0.0030508	-0.0100776
0.0597	0.00304977	-0.0105611
0.0598	0.00304869	-0.0110446
0.0599	0.00304756	-0.0115282
0.06	0.00304638	-0.0120117
0.0601	0.00304515	-0.0124952
0.0602	0.00304388	-0.0129787
0.0603	0.00304256	-0.0134622
0.0604	0.00304119	-0.0139455
0.0605	0.00303977	-0.0144288
0.0606	0.0030383	-0.0149121
0.0607	0.00303679	-0.0153952
0.0608	0.00303522	-0.0158782
0.0609	0.00303361	-0.0163612
0.061	0.00303195	-0.0168439
0.0611	0.00303024	-0.0173266
0.0612	0.00302849	-0.0178091
0.0613	0.00302668	-0.0182914
0.0614	0.00302483	-0.0187735
0.0615	0.00302293	-0.0192555
0.0616	0.00302098	-0.0197372
0.0617	0.00301898	-0.0202187
0.0618	0.00301693	-0.0207
0.0619	0.00301484	-0.0211811
0.062	0.0030127	-0.0216619
0.0621	0.00301051	-0.0221424
0.0622	0.00300827	-0.0226226
0.0623	0.00300598	-0.0231026
0.0624	0.00300365	-0.0235823
0.0625	0.00300127	-0.0240616
0.0626	0.00299884	-0.0245406
0.0627	0.00299636	-0.0250193
0.0628	0.00299383	-0.0254976
0.0629	0.00299126	-0.0259756
0.063	0.00298864	-0.0264532
0.0631	0.00298597	-0.0269304
0.0632	0.00298325	-0.0274071
0.0633	0.00298049	-0.0278835
0.0634	0.00297767	-0.0283595
0.0635	0.00297481	-0.028835
0.0636	0.00297191	-0.0293101
0.0637	0.00296895	-0.0297847
0.0638	0.00296595	-0.0302588
0.0639	0.0029629	-0.0307324
0.064	0.0029598	-0.0312056
0.0641	0.00295666	-0.0316782
0.0642	0.00295347	-0.0321503
0.0643	0.00295023	-0.0326219
0.0644	0.00294694	-0.0330929
0.0645	0.00294361	-0.0335634
0.0646	0.00294023	-0.0340333
0.0647	0.0029368	-0.0345026
0.0648	0.00293333	-0.0349714
0.0649	0.00292981	-0.0354395
0.065	0.00292624	-0.035907
0.0651	0.00292263	-0.0363739
0.0652	0.00291897	-0.0368401
0.0653	0.00291526	-0.0373057
0.0654	0.00291151	-0.0377706
0.0655	0.00290771	-0.0382348
0.0656	0.00290386	-0.0386983
0.0657	0.00289997	-0.0391612
0.0658	0.00289603	-0.0396233
0.0659	0.00289204	-0.0400847
0.066	0.00288801	-0.0405453
0.0661	0.00288393	-0.0410053
0.0662	0.00287981	-0.0414644
0.0663	0.00287564	-0.0419228
0.0664	0.00287142	-0.0423804
0.0665	0.00286716	-0.0428372
0.0666	0.00286286	-0.0432932
0.0667	0.00285851	-0.0437483
0.0668	0.00285411	-0.0442027
0.0669	0.00284966	-0.0446562
0.067	0.00284518	-0.0451088
0.0671	0.00284064	-0.0455606
0.0672	0.00283606	-0.0460115
0.0673	0.00283144	-0.0464615
0.0674	0.00282677	-0.0469106
0.0675	0.00282206	-0.0473588
0.0676	0.0028173	-0.047806
0.0677	0.0028125	-0.0482524
0.0678	0.00280765	-0.0486978
0.0679	0.00280276	-0.0491422
0.068	0.00279782	-0.0495857
0.0681	0.00279284	-0.0500281
0.0682	0.00278782	-0.0504696
0.0683	0.00278275	-0.0509101
0.0684	0.00277763	-0.0513496
0.0685	0.00277248	-0.051788
0.0686	0.00276728	-0.0522255
0.0687	0.00276203	-0.0526618
0.0688	0.00275674	-0.0530971
0.0689	0.00275141	-0.0535313
0.069	0.00274604	-0.0539645
0.0691	0.00274062	-0.0543966
0.0692	0.00273516	-0.0548275
0.0693	0.00272965	-0.0552574
0.0694	0.00272411	-0.0556861
0.0695	0.00271852	-0.0561136
0.0696	0.00271288	-0.0565401
0.0697	0.00270721	-0.0569653
0.0698	0.00270149	-0.0573894
0.0699	0.00269573	-0.0578124
0.07	0.00268993	-0.0582341
0.0701	0.00268408	-0.0586546
0.0702	0.0026782	-0.0590739
0.0703	0.00267227	-0.059492
0.0704	0.0026663	-0.0599089
0.0705	0.00266029	-0.0603245
0.0706	0.00265424	-0.0607389
0.0707	0.00264814	-0.0611519
0.0708	0.002642	-0.0615638
0.0709	0.00263583	-0.0619743
0.071	0.00262961	-0.0623835
0.0711	0.00262335	-0.0627914
0.0712	0.00261705	-0.063198
0.0713	0.00261071	-0.0636033
0.0714	0.00260433	-0.0640073
0.0715	0.00259791	-0.0644098
0.0716	0.00259145	-0.0648111
0.0717	0.00258495	-0.0652109
0.0718	0.00257841	-0.0656094
0.0719	0.00257183	-0.0660065
0.072	0.00256521	-0.0664022
0.0721	0.00255855	-0.0667964
0.0722	0.00255185	-0.0671893
0.0723	0.00254511	-0.0675807
0.0724	0.00253833	-0.0679707
0.0725	0.00253151	-0.0683592
0.0726	0.00252466	-0.0687463
0.0727	0.00251776	-0.0691318
0.0728	0.00251083	-0.069516
0.0729	0.00250386	-0.0698986
0.073	0.00249685	-0.0702797
0.0731	0.00248981	-0.0706593
0.0732	0.00248272	-0.0710374
0.0733	0.0024756	-0.0714139
0.0734	0.00246844	-0.071789
0.0735	0.00246124	-0.0721624
0.0736	0.00245401	-0.0725343
0.0737	0.00244673	-0.0729047
0.0738	0.00243942	-0.0732734
0.0739	0.00243208	-0.0736406
0.074	0.0024247	-0.0740062
0.0741	0.00241728	-0.0743702
0.0742	0.00240982	-0.0747325
0.0743	0.00240233	-0.0750933
0.0744	0.0023948	-0.0754524
0.0745	0.00238724	-0.0758098
0.0746	0.00237964	-0.0761656
0.0747	0.00237201	-0.0765198
0.0748	0.00236434	-0.0768722
0.0749	0.00235663	-0.077223
0.075	0.00234889	-0.0775721
0.0751	0.00234112	-0.0779195
0.0752	0.00233331	-0.0782652
0.0753	0.00232547	-0.0786092
0.0754	0.00231759	-0.0789514
0.0755	0.00230968	-0.079292
0.0756	0.00230173	-0.0796307
0.0757	0.00229375	-0.0799678
0.0758	0.00228574	-0.080303
0.0759	0.00227769	-0.0806365
0.076	0.00226961	-0.0809683
0.0761	0.0022615	-0.0812982
0.0762	0.00225335	-0.0816263
0.0763	0.00224517	-0.0819527
0.0764	0.00223696	-0.0822772
0.0765	0.00222872	-0.0825999
0.0766	0.00222044	-0.0829208
0.0767	0.00221213	-0.0832399
0.0768	0.00220379	-0.0835571
0.0769	0.00219542	-0.0838724
0.077	0.00218702	-0.0841859
0.0771	0.00217858	-0.0844976
0.0772	0.00217012	-0.0848073
0.0773	0.00216162	-0.0851152
0.0774	0.00215309	-0.0854212
0.0775	0.00214454	-0.0857252
0.0776	0.00213595	-0.0860274
0.0777	0.00212733	-0.0863277
0.0778	0.00211868	-0.086626
0.0779	0.00211001	-0.0869224
0.078	0.0021013	-0.0872168
0.0781	0.00209256	-0.0875094
0.0782	0.0020838	-0.0877999
0.0783	0.002075	-0.0880885
0.0784	0.00206618	-0.0883751
0.0785	0.00205733	-0.0886598
0.0786	0.00204845	-0.0889425
0.0787	0.00203954	-0.0892231
0.0788	0.0020306	-0.0895018
0.0789	0.00202164	-0.0897785
0.079	0.00201265	-0.0900532
0.0791	0.00200363	-0.0903258
0.0792	0.00199458	-0.0905964
0.0793	0.00198551	-0.090865
0.0794	0.00197641	-0.0911316
0.0795	0.00196728	-0.091396
0.0796	0.00195813	-0.0916585
0.0797	0.00194895	-0.0919189
0.0798	0.00193975	-0.0921772
0.0799	0.00193052	-0.0924334
0.08	0.00192126	-0.0926876
0.0801	0.00191198	-0.0929396
0.0802	0.00190267	-0.0931896
0.0803	0.00189334	-0.0934375
0.0804	0.00188399	-0.0936833
0.0805	0.0018746	-0.0939269
0.0806	0.0018652	-0.0941685
0.0807	0.00185577	-0.0944079
0.0808	0.00184632	-0.0946451
0.0809	0.00183684	-0.0948803
0.081	0.00182734	-0.0951133
0.0811	0.00181782	-0.0953441
0.0812	0.00180827	-0.0955728
0.0813	0.0017987	-0.0957993
0.0814	0.00178911	-0.0960237
0.0815	0.0017795	-0.0962459
0.0816	0.00176986	-0.0964659
0.0817	0.00176021	-0.0966837
0.0818	0.00175053	-0.0968993
0.0819	0.00174083	-0.0971127
0.082	0.00173111	-0.0973239
0.0821	0.00172136	-0.097533
0.0822	0.0017116	-0.0977398
0.0823	0.00170181	-0.0979443
0.0824	0.00169201	-0.0981467
0.0825	0.00168219	-0.0983468
0.0826	0.00167234	-0.0985447
0.0827	0.00166248	-0.0987404
0.0828	0.00165259	-0.0989338
0.0829	0.00164269	-0.099125
0.083	0.00163277	-0.0993139
0.0831	0.00162283	-0.0995005
0.0832	0.00161287	-0.0996849
0.0833	0.00160289	-0.099867
0.0834	0.00159289	-0.100047
0.0835	0.00158288	-0.100224
0.0836	0.00157285	-0.1004
0.0837	0.0015628	-0.100573
0.0838	0.00155274	-0.100743
0.0839	0.00154265	-0.100912
0.084	0.00153255	-0.101078
0.0841	0.00152244	-0.101242
0.0842	0.0015123	-0.101403
0.0843	0.00150216	-0.101562
0.0844	0.00149199	-0.101719
0.0845	0.00148181	-0.101874
0.0846	0.00147162	-0.102026
0.0847	0.00146141	-0.102176
0.0848	0.00145118	-0.102323
0.0849	0.00144094	-0.102468
0.085	0.00143069	-0.102611
0.0851	0.00142042	-0.102752
0.0852	0.00141014	-0.10289
0.0853	0.00139984	-0.103026
0.0854	0.00138953	-0.103159
0.0855	0.00137921	-0.10329
0.0856	0.00136888	-0.103419
0.0857	0.00135853	-0.103545
0.0858	0.00134817	-0.103669
0.0859	0.00133779	-0.103791
0.086	0.00132741	-0.10391
0.0861	0.00131701	-0.104027
0.0862	0.0013066	-0.104141
0.0863	0.00129618	-0.104253
0.0864	0.00128575	-0.104363
0.0865	0.00127531	-0.10447
0.0866	0.00126486	-0.104575
0.0867	0.0012544	-0.104677
0.0868	0.00124392	-0.104777
0.0869	0.00123344	-0.104875
0.087	0.00122295	-0.10497
0.0871	0.00121245	-0.105063
0.0872	0.00120194	-0.105154
0.0873	0.00119142	-0.105242
0.0874	0.00118089	-0.105327
0.0875	0.00117035	-0.10541
0.0876	0.00115981	-0.105491
0.0877	0.00114925	-0.105569
0.0878	0.00113869	-0.105645
0.0879	0.00112812	-0.105719
0.088	0.00111755	-0.10579
0.0881	0.00110697	-0.105859
0.0882	0.00109638	-0.105925
0.0883	0.00108578	-0.105988
0.0884	0.00107518	-0.10605
0.0885	0.00106457	-0.106109
0.0886	0.00105396	-0.106165
0.0887	0.00104334	-0.106219
0.0888	0.00103271	-0.106271
0.0889	0.00102208	-0.10632
0.089	0.00101145	-0.106366
0.0891	0.00100081	-0.10641
0.0892	0.000990168	-0.106452
0.0893	0.000979521	-0.106491
0.0894	0.00096887	-0.106528
0.0895	0.000958216	-0.106563
0.0896	0.000947558	-0.106595
0.0897	0.000936897	-0.106624
0.0898	0.000926233	-0.106651
0.0899	0.000915567	-0.106676
0.09	0.000904898	-0.106698
0.0901	0.000894227	-0.106717
0.0902	0.000883555	-0.106734
0.0903	0.00087288	-0.106749
0.0904	0.000862205	-0.106761
0.0905	0.000851528	-0.106771
0.0906	0.000840851	-0.106778
0.0907	0.000830173	-0.106783
0.0908	0.000819494	-0.106786
0.0909	0.000808816	-0.106786
0.091	0.000798137	-0.106783
0.0911	0.000787459	-0.106778
0.0912	0.000776782	-0.106771
0.0913	0.000766105	-0.106761
0.0914	0.00075543	-0.106748
0.0915	0.000744755	-0.106733
0.0916	0.000734083	-0.106716
0.0917	0.000723412	-0.106696
0.0918	0.000712744	-0.106674
0.0919	0.000702078	-0.106649
0.092	0.000691414	-0.106622
0.0921	0.000680753	-0.106593
0.0922	0.000670096	-0.10656
0.0923	0.000659441	-0.106526
0.0924	0.00064879	-0.106489
0.0925	0.000638144	-0.106449
0.0926	0.000627501	-0.106407
0.0927	0.000616862	-0.106363
0.0928	0.000606228	-0.106316
0.0929	0.000595599	-0.106267
0.093	0.000584975	-0.106215
0.0931	0.000574356	-0.106161
0.0932	0.000563743	-0.106104
0.0933	0.000553135	-0.106045
0.0934	0.000542534	-0.105983
0.0935	0.000531939	-0.105919
0.0936	0.00052135	-0.105853
0.0937	0.000510768	-0.105784
0.0938	0.000500193	-0.105713
0.0939	0.000489626	-0.105639
0.094	0.000479066	-0.105563
0.0941	0.000468513	-0.105484
0.0942	0.000457969	-0.105403
0.0943	0.000447433	-0.105319
0.0944	0.000436905	-0.105233
0.0945	0.000426386	-0.105145
0.0946	0.000415876	-0.105054
0.0947	0.000405375	-0.104961
0.0948	0.000394884	-0.104865
0.0949	0.000384403	-0.104767
0.095	0.000373931	-0.104666
0.0951	0.000363469	-0.104563
0.0952	0.000353018	-0.104458
0.0953	0.000342578	-0.10435
0.0954	0.000332148	-0.10424
0.0955	0.00032173	-0.104127
0.0956	0.000311323	-0.104012
0.0957	0.000300928	-0.103895
0.0958	0.000290544	-0.103775
0.0959	0.000280173	-0.103653
0.096	0.000269814	-0.103528
0.0961	0.000259467	-0.103401
0.0962	0.000249134	-0.103272
0.0963	0.000238813	-0.10314
0.0964	0.000228506	-0.103006
0.0965	0.000218212	-0.102869
0.0966	0.000207932	-0.10273
0.0967	0.000197666	-0.102589
0.0968	0.000187414	-0.102445
0.0969	0.000177177	-0.102299
0.097	0.000166955	-0.10215
0.0971	0.000156747	-0.102
0.0972	0.000146555	-0.101847
0.0973	0.000136378	-0.101691
0.0974	0.000126217	-0.101533
0.0975	0.000116071	-0.101373
0.0976	0.000105942	-0.10121
0.0977	9.58294e-005	-0.101046
0.0978	8.57332e-005	-0.100878
0.0979	7.56538e-005	-0.100709
0.098	6.55915e-005	-0.100537
0.0981	5.55465e-005	-0.100363
0.0982	4.5519e-005	-0.100186
0.0983	3.55093e-005	-0.100007
0.0984	2.55176e-005	-0.0998263
0.0985	1.55441e-005	-0.0996429
0.0986	5.58907e-006	-0.0994572
0.0987	-4.34727e-006	-0.0992691
0.0988	-1.42647e-005	-0.0990788
0.0989	-2.4163e-005	-0.0988862
0.099	-3.40418e-005	-0.0986913
0.0991	-4.39011e-005	-0.0984941
0.0992	-5.37406e-005	-0.0982947
0.0993	-6.356e-005	-0.098093
0.0994	-7.33591e-005	-0.097889
0.0995	-8.31377e-005	-0.0976828
0.0996	-9.28956e-005	-0.0974743
0.0997	-0.000102633	-0.0972635
0.0998	-0.000112348	-0.0970506
0.0999	-0.000122043	-0.0968353
0.1	-0.000131715	-0.0966179
0.1001	-0.000141366	-0.0963982
0.1002	-0.000150995	-0.0961763
0.1003	-0.000160601	-0.0959522
0.1004	-0.000170185	-0.0957259
0.1005	-0.000179746	-0.0954973
0.1006	-0.000189285	-0.0952666
0.1007	-0.0001988	-0.0950337
0.1008	-0.000208291	-0.0947985
0.1009	-0.000217759	-0.0945612
0.101	-0.000227203	-0.0943218
0.1011	-0.000236623	-0.0940801
0.1012	-0.000246019	-0.0938363
0.1013	-0.000255391	-0.0935903
0.1014	-0.000264737	-0.0933421
0.1015	-0.000274059	-0.0930919
0.1016	-0.000283356	-0.0928394
0.1017	-0.000292627	-0.0925849
0.1018	-0.000301873	-0.0923282
0.1019	-0.000311092	-0.0920693
0.102	-0.000320286	-0.0918084
0.1021	-0.000329454	-0.0915454
0.1022	-0.000338595	-0.0912802
0.1023	-0.00034771	-0.091013
0.1024	-0.000356798	-0.0907436
0.1025	-0.000365859	-0.0904722
0.1026	-0.000374892	-0.0901987
0.1027	-0.000383898	-0.0899231
0.1028	-0.000392877	-0.0896454
0.1029	-0.000401827	-0.0893657
0.103	-0.00041075	-0.089084
0.1031	-0.000419644	-0.0888002
0.1032	-0.00042851	-0.0885143
0.1033	-0.000437347	-0.0882265
0.1034	-0.000446155	-0.0879366
0.1035	-0.000454934	-0.0876446
0.1036	-0.000463684	-0.0873507
0.1037	-0.000472404	-0.0870548
0.1038	-0.000481095	-0.0867569
0.1039	-0.000489755	-0.0864569
0.104	-0.000498386	-0.0861551
0.1041	-0.000506986	-0.0858512
0.1042	-0.000515556	-0.0855454
0.1043	-0.000524095	-0.0852376
0.1044	-0.000532604	-0.0849278
0.1045	-0.000541081	-0.0846161
0.1046	-0.000549527	-0.0843025
0.1047	-0.000557941	-0.083987
0.1048	-0.000566324	-0.0836695
0.1049	-0.000574675	-0.0833501
0.105	-0.000582994	-0.0830288
0.1051	-0.000591281	-0.0827056
0.1052	-0.000599535	-0.0823805
0.1053	-0.000607757	-0.0820536
0.1054	-0.000615946	-0.0817247
0.1055	-0.000624102	-0.081394
0.1056	-0.000632225	-0.0810615
0.1057	-0.000640314	-0.0807271
0.1058	-0.00064837	-0.0803908
0.1059	-0.000656392	-0.0800528
0.106	-0.00066438	-0.0797129
0.1061	-0.000672335	-0.0793711
0.1062	-0.000680255	-0.0790276
0.1063	-0.00068814	-0.0786823
0.1064	-0.000695991	-0.0783352
0.1065	-0.000703807	-0.0779863
0.1066	-0.000711588	-0.0776356
0.1067	-0.000719334	-0.0772831
0.1068	-0.000727045	-0.0769289
0.1069	-0.00073472	-0.076573
0.107	-0.000742359	-0.0762153
0.1071	-0.000749963	-0.0758559
0.1072	-0.00075753	-0.0754948
0.1073	-0.000765062	-0.0751319
0.1074	-0.000772557	-0.0747673
0.1075	-0.000780015	-0.0744011
0.1076	-0.000787437	-0.0740332
0.1077	-0.000794822	-0.0736635
0.1078	-0.00080217	-0.0732923
0.1079	-0.00080948	-0.0729193
0.108	-0.000816753	-0.0725447
0.1081	-0.000823989	-0.0721685
0.1082	-0.000831187	-0.0717906
0.1083	-0.000838347	-0.0714112
0.1084	-0.000845469	-0.0710301
0.1085	-0.000852553	-0.0706474
0.1086	-0.000859599	-0.0702631
0.1087	-0.000866606	-0.0698772
0.1088	-0.000873574	-0.0694897
0.1089	-0.000880504	-0.0691007
0.109	-0.000887394	-0.0687101
0.1091	-0.000894246	-0.068318
0.1092	-0.000901058	-0.0679243
0.1093	-0.00090783	-0.0675292
0.1094	-0.000914563	-0.0671324
0.1095	-0.000921257	-0.0667342
0.1096	-0.00092791	-0.0663345
0.1097	-0.000934524	-0.0659333
0.1098	-0.000941097	-0.0655306
0.1099	-0.00094763	-0.0651265
0.11	-0.000954122	-0.0647209
0.1101	-0.000960574	-0.0643138
0.1102	-0.000966985	-0.0639054
0.1103	-0.000973355	-0.0634954
0.1104	-0.000979684	-0.0630841
0.1105	-0.000985972	-0.0626713
0.1106	-0.000992218	-0.0622572
0.1107	-0.000998423	-0.0618417
0.1108	-0.00100459	-0.0614248
0.1109	-0.00101071	-0.0610065
0.111	-0.00101679	-0.0605868
0.1111	-0.00102283	-0.0601659
0.1112	-0.00102882	-0.0597436
0.1113	-0.00103477	-0.0593199
0.1114	-0.00104068	-0.0588949
0.1115	-0.00104655	-0.0584687
0.1116	-0.00105238	-0.0580411
0.1117	-0.00105816	-0.0576123
0.1118	-0.0010639	-0.0571822
0.1119	-0.0010696	-0.0567508
0.112	-0.00107525	-0.0563181
0.1121	-0.00108086	-0.0558843
0.1122	-0.00108643	-0.0554492
0.1123	-0.00109195	-0.0550128
0.1124	-0.00109743	-0.0545753
0.1125	-0.00110287	-0.0541366
0.1126	-0.00110826	-0.0536966
0.1127	-0.00111361	-0.0532555
0.1128	-0.00111891	-0.0528133
0.1129	-0.00112417	-0.0523698
0.113	-0.00112938	-0.0519253
0.1131	-0.00113455	-0.0514796
0.1132	-0.00113968	-0.0510328
0.1133	-0.00114476	-0.0505848
0.1134	-0.0011498	-0.0501358
0.1135	-0.00115479	-0.0496857
0.1136	-0.00115973	-0.0492345
0.1137	-0.00116463	-0.0487822
0.1138	-0.00116949	-0.0483289
0.1139	-0.0011743	-0.0478745
0.114	-0.00117906	-0.0474191
0.1141	-0.00118378	-0.0469626
0.1142	-0.00118846	-0.0465052
0.1143	-0.00119308	-0.0460468
0.1144	-0.00119767	-0.0455873
0.1145	-0.0012022	-0.0451269
0.1146	-0.00120669	-0.0446656
0.1147	-0.00121113	-0.0442032
0.1148	-0.00121553	-0.04374
0.1149	-0.00121988	-0.0432757
0.115	-0.00122419	-0.0428106
0.1151	-0.00122844	-0.0423446
0.1152	-0.00123266	-0.0418777
0.1153	-0.00123682	-0.0414098
0.1154	-0.00124094	-0.0409411
0.1155	-0.00124501	-0.0404716
0.1156	-0.00124903	-0.0400012
0.1157	-0.00125301	-0.0395299
0.1158	-0.00125694	-0.0390579
0.1159	-0.00126082	-0.038585
0.116	-0.00126465	-0.0381113
0.1161	-0.00126844	-0.0376368
0.1162	-0.00127218	-0.0371615
0.1163	-0.00127587	-0.0366855
0.1164	-0.00127952	-0.0362087
0.1165	-0.00128312	-0.0357311
0.1166	-0.00128667	-0.0352529
0.1167	-0.00129017	-0.0347739
0.1168	-0.00129362	-0.0342941
0.1169	-0.00129703	-0.0338137
0.117	-0.00130038	-0.0333326
0.1171	-0.00130369	-0.0328509
0.1172	-0.00130695	-0.0323684
0.1173	-0.00131017	-0.0318853
0.1174	-0.00131333	-0.0314016
0.1175	-0.00131645	-0.0309172
0.1176	-0.00131951	-0.0304323
0.1177	-0.00132253	-0.0299467
0.1178	-0.0013255	-0.0294605
0.1179	-0.00132842	-0.0289738
0.118	-0.0013313	-0.0284865
0.1181	-0.00133412	-0.0279986
0.1182	-0.0013369	-0.0275102
0.1183	-0.00133962	-0.0270212
0.1184	-0.0013423	-0.0265317
0.1185	-0.00134493	-0.0260418
0.1186	-0.00134751	-0.0255513
0.1187	-0.00135004	-0.0250603
0.1188	-0.00135252	-0.0245689
0.1189	-0.00135495	-0.024077
0.119	-0.00135734	-0.0235847
0.1191	-0.00135967	-0.0230919
0.1192	-0.00136196	-0.0225988
0.1193	-0.00136419	-0.0221052
0.1194	-0.00136638	-0.0216112
0.1195	-0.00136851	-0.0211168
0.1196	-0.0013706	-0.020622
0.1197	-0.00137264	-0.0201269
0.1198	-0.00137463	-0.0196314
0.1199	-0.00137656	-0.0191356
0.12	-0.00137845	-0.0186395
0.1201	-0.00138029	-0.018143
0.1202	-0.00138208	-0.0176463
0.1203	-0.00138382	-0.0171493
0.1204	-0.00138551	-0.016652
0.1205	-0.00138715	-0.0161544
0.1206	-0.00138874	-0.0156566
0.1207	-0.00139028	-0.0151585
0.1208	-0.00139177	-0.0146602
0.1209	-0.00139321	-0.0141617
0.121	-0.00139461	-0.013663
0.1211	-0.00139595	-0.0131641
0.1212	-0.00139724	-0.012665
0.1213	-0.00139848	-0.0121658
0.1214	-0.00139967	-0.0116664
0.1215	-0.00140081	-0.0111669
0.1216	-0.0014019	-0.0106672
0.1217	-0.00140295	-0.0101674
0.1218	-0.00140394	-0.00966755
0.1219	-0.00140488	-0.00916758
0.122	-0.00140577	-0.00866753
0.1221	-0.00140661	-0.00816741
0.1222	-0.00140741	-0.00766724
0.1223	-0.00140815	-0.00716703
0.1224	-0.00140884	-0.00666678
0.1225	-0.00140948	-0.00616652
0.1226	-0.00141007	-0.00566626
0.1227	-0.00141061	-0.005166
0.1228	-0.00141111	-0.00466577
0.1229	-0.00141155	-0.00416556
0.123	-0.00141194	-0.0036654
0.1231	-0.00141228	-0.0031653
0.1232	-0.00141257	-0.00266527
0.1233	-0.00141281	-0.00216532
0.1234	-0.001413	-0.00166546
0.1235	-0.00141315	-0.00116571
0.1236	-0.00141324	-0.000666074
0.1237	-0.00141328	-0.000166573
0.1238	-0.00141327	0.000332785
0.1239	-0.00141321	0.000831987
0.124	-0.0014131	0.00133102
0.1241	-0.00141295	0.00182987
0.1242	-0.00141274	0.00232854
0.1243	-0.00141248	0.00282699
0.1244	-0.00141217	0.00332523
0.1245	-0.00141182	0.00382324
0.1246	-0.00141141	0.004321
0.1247	-0.00141095	0.00481852
0.1248	-0.00141045	0.00531576
0.1249	-0.00140989	0.00581273
0.125	-0.00140928	0.00630941
0.1251	-0.00140863	0.00680578
0.1252	-0.00140792	0.00730183
0.1253	-0.00140717	0.00779756
0.1254	-0.00140636	0.00829295
0.1255	-0.00140551	0.00878799
0.1256	-0.0014046	0.00928266
0.1257	-0.00140365	0.00977695
0.1258	-0.00140265	0.0102709
0.1259	-0.0014016	0.0107644
0.126	-0.0014005	0.0112575
0.1261	-0.00139935	0.0117501
0.1262	-0.00139815	0.0122423
0.1263	-0.0013969	0.0127341
0.1264	-0.0013956	0.0132254
0.1265	-0.00139425	0.0137163
0.1266	-0.00139286	0.0142066
0.1267	-0.00139141	0.0146965
0.1268	-0.00138992	0.0151858
0.1269	-0.00138837	0.0156747
0.127	-0.00138678	0.0161629
0.1271	-0.00138514	0.0166507
0.1272	-0.00138345	0.0171379
0.1273	-0.00138171	0.0176245
0.1274	-0.00137993	0.0181105
0.1275	-0.00137809	0.0185959
0.1276	-0.00137621	0.0190808
0.1277	-0.00137428	0.019565
0.1278	-0.00137229	0.0200486
0.1279	-0.00137027	0.0205315
0.128	-0.00136819	0.0210138
0.1281	-0.00136606	0.0214954
0.1282	-0.00136389	0.0219763
0.1283	-0.00136167	0.0224566
0.1284	-0.0013594	0.0229361
0.1285	-0.00135708	0.0234149
0.1286	-0.00135472	0.023893
0.1287	-0.0013523	0.0243704
0.1288	-0.00134984	0.024847
0.1289	-0.00134733	0.0253229
0.129	-0.00134478	0.0257979
0.1291	-0.00134217	0.0262722
0.1292	-0.00133952	0.0267457
0.1293	-0.00133682	0.0272184
0.1294	-0.00133408	0.0276903
0.1295	-0.00133129	0.0281613
0.1296	-0.00132845	0.0286315
0.1297	-0.00132556	0.0291009
0.1298	-0.00132263	0.0295693
0.1299	-0.00131965	0.0300369
0.13	-0.00131662	0.0305036
0.1301	-0.00131354	0.0309694
0.1302	-0.00131042	0.0314343
0.1303	-0.00130726	0.0318983
0.1304	-0.00130405	0.0323613
0.1305	-0.00130079	0.0328234
0.1306	-0.00129748	0.0332845
0.1307	-0.00129413	0.0337447
0.1308	-0.00129073	0.0342039
0.1309	-0.00128729	0.0346621
0.131	-0.0012838	0.0351192
0.1311	-0.00128026	0.0355754
0.1312	-0.00127668	0.0360305
0.1313	-0.00127306	0.0364846
0.1314	-0.00126939	0.0369377
0.1315	-0.00126567	0.0373897
0.1316	-0.00126191	0.0378406
0.1317	-0.0012581	0.0382905
0.1318	-0.00125425	0.0387392
0.1319	-0.00125035	0.0391868
0.132	-0.00124641	0.0396334
0.1321	-0.00124243	0.0400788
0.1322	-0.0012384	0.040523
0.1323	-0.00123432	0.0409661
0.1324	-0.00123021	0.0414081
0.1325	-0.00122604	0.0418489
0.1326	-0.00122184	0.0422885
0.1327	-0.00121758	0.0427269
0.1328	-0.00121329	0.0431641
0.1329	-0.00120895	0.0436001
0.133	-0.00120457	0.0440348
0.1331	-0.00120014	0.0444684
0.1332	-0.00119568	0.0449007
0.1333	-0.00119116	0.0453317
0.1334	-0.00118661	0.0457615
0.1335	-0.00118201	0.0461899
0.1336	-0.00117737	0.0466171
0.1337	-0.00117269	0.047043
0.1338	-0.00116796	0.0474676
0.1339	-0.0011632	0.0478909
0.134	-0.00115839	0.0483128
0.1341	-0.00115353	0.0487334
0.1342	-0.00114864	0.0491527
0.1343	-0.0011437	0.0495706
0.1344	-0.00113872	0.0499871
0.1345	-0.00113371	0.0504022
0.1346	-0.00112864	0.0508159
0.1347	-0.00112354	0.0512283
0.1348	-0.0011184	0.0516392
0.1349	-0.00111321	0.0520487
0.135	-0.00110799	0.0524568
0.1351	-0.00110272	0.0528634
0.1352	-0.00109742	0.0532686
0.1353	-0.00109207	0.0536723
0.1354	-0.00108668	0.0540745
0.1355	-0.00108125	0.0544753
0.1356	-0.00107579	0.0548745
0.1357	-0.00107028	0.0552723
0.1358	-0.00106473	0.0556685
0.1359	-0.00105915	0.0560632
0.136	-0.00105352	0.0564564
0.1361	-0.00104785	0.0568481
0.1362	-0.00104215	0.0572382
0.1363	-0.00103641	0.0576267
0.1364	-0.00103063	0.0580137
0.1365	-0.0010248	0.058399
0.1366	-0.00101895	0.0587828
0.1367	-0.00101305	0.059165
0.1368	-0.00100711	0.0595456
0.1369	-0.00100114	0.0599246
0.137	-0.000995128	0.0603019
0.1371	-0.000989079	0.0606776
0.1372	-0.000982992	0.0610517
0.1373	-0.000976868	0.0614241
0.1374	-0.000970707	0.0617948
0.1375	-0.000964509	0.0621639
0.1376	-0.000958275	0.0625313
0.1377	-0.000952003	0.062897
0.1378	-0.000945695	0.063261
0.1379	-0.000939351	0.0636232
0.138	-0.000932971	0.0639838
0.1381	-0.000926554	0.0643426
0.1382	-0.000920102	0.0646997
0.1383	-0.000913614	0.0650551
0.1384	-0.000907091	0.0654087
0.1385	-0.000900533	0.0657605
0.1386	-0.000893939	0.0661106
0.1387	-0.000887311	0.0664589
0.1388	-0.000880647	0.0668054
0.1389	-0.00087395	0.0671501
0.139	-0.000867218	0.067493
0.1391	-0.000860451	0.0678341
0.1392	-0.000853651	0.0681733
0.1393	-0.000846817	0.0685108
0.1394	-0.000839949	0.0688464
0.1395	-0.000833047	0.0691801
0.1396	-0.000826113	0.069512
0.1397	-0.000819145	0.069842
0.1398	-0.000812144	0.0701702
0.1399	-0.000805111	0.0704964
0.14	-0.000798045	0.0708208
0.1401	-0.000790947	0.0711433
0.1402	-0.000783817	0.0714639
0.1403	-0.000776654	0.0717826
0.1404	-0.00076946	0.0720993
0.1405	-0.000762234	0.0724142
0.1406	-0.000754977	0.0727271
0.1407	-0.000747689	0.073038
0.1408	-0.00074037	0.073347
0.1409	-0.00073302	0.0736541
0.141	-0.000725639	0.0739591
0.1411	-0.000718228	0.0742623
0.1412	-0.000710787	0.0745634
0.1413	-0.000703315	0.0748625
0.1414	-0.000695814	0.0751597
0.1415	-0.000688283	0.0754548
0.1416	-0.000680723	0.0757479
0.1417	-0.000673134	0.076039
0.1418	-0.000665516	0.0763281
0.1419	-0.000657868	0.0766152
0.142	-0.000650193	0.0769002
0.1421	-0.000642488	0.0771832
0.1422	-0.000634756	0.0774641
0.1423	-0.000626996	0.077743
0.1424	-0.000619208	0.0780198
0.1425	-0.000611392	0.0782945
0.1426	-0.000603549	0.0785671
0.1427	-0.000595678	0.0788377
0.1428	-0.000587781	0.0791062
0.1429	-0.000579857	0.0793725
0.143	-0.000571907	0.0796368
0.1431	-0.00056393	0.0798989
0.1432	-0.000555927	0.080159
0.1433	-0.000547898	0.0804169
0.1434	-0.000539844	0.0806726
0.1435	-0.000531764	0.0809263
0.1436	-0.000523659	0.0811778
0.1437	-0.000515528	0.0814271
0.1438	-0.000507373	0.0816743
0.1439	-0.000499194	0.0819193
0.144	-0.000490989	0.0821622
0.1441	-0.000482761	0.0824029
0.1442	-0.000474509	0.0826414
0.1443	-0.000466233	0.0828777
0.1444	-0.000457933	0.0831118
0.1445	-0.000449611	0.0833437
0.1446	-0.000441265	0.0835734
0.1447	-0.000432896	0.083801
0.1448	-0.000424505	0.0840263
0.1449	-0.000416091	0.0842493
0.145	-0.000407655	0.0844702
0.1451	-0.000399197	0.0846888
0.1452	-0.000390717	0.0849052
0.1453	-0.000382216	0.0851193
0.1454	-0.000373693	0.0853312
0.1455	-0.00036515	0.0855409
0.1456	-0.000356585	0.0857483
0.1457	-0.000348	0.0859534
0.1458	-0.000339395	0.0861563
0.1459	-0.000330769	0.0863568
0.146	-0.000322123	0.0865552
0.1461	-0.000313458	0.0867512
0.1462	-0.000304773	0.0869449
0.1463	-0.000296069	0.0871364
0.1464	-0.000287346	0.0873255
0.1465	-0.000278604	0.0875124
0.1466	-0.000269844	0.0876969
0.1467	-0.000261065	0.0878792
0.1468	-0.000252268	0.0880591
0.1469	-0.000243453	0.0882367
0.147	-0.000234621	0.088412
0.1471	-0.000225771	0.088585
0.1472	-0.000216904	0.0887556
0.1473	-0.00020802	0.0889239
0.1474	-0.000199119	0.0890898
0.1475	-0.000190202	0.0892534
0.1476	-0.000181268	0.0894147
0.1477	-0.000172319	0.0895736
0.1478	-0.000163354	0.0897302
0.1479	-0.000154373	0.0898844
0.148	-0.000145377	0.0900362
0.1481	-0.000136366	0.0901857
0.1482	-0.00012734	0.0903328
0.1483	-0.000118299	0.0904775
0.1484	-0.000109244	0.0906198
0.1485	-0.000100175	0.0907598
0.1486	-9.10926e-005	0.0908974
0.1487	-8.19961e-005	0.0910326
0.1488	-7.28861e-005	0.0911654
0.1489	-6.37631e-005	0.0912958
0.149	-5.46271e-005	0.0914238
0.1491	-4.54784e-005	0.0915494
0.1492	-3.63173e-005	0.0916727
0.1493	-2.71439e-005	0.0917935
0.1494	-1.79586e-005	0.0919119
0.1495	-8.76164e-006	0.0920278
0.1496	4.46847e-007	0.0921414
0.1497	9.66657e-006	0.0922526
0.1498	1.88973e-005	0.0923613
0.1499	2.81387e-005	0.0924676
0.15	3.73907e-005	0.0925715
0.1501	4.6653e-005	0.092673
0.1502	5.59252e-005	0.092772
0.1503	6.52073e-005	0.0928686
0.1504	7.44989e-005	0.0929627
0.1505	8.37997e-005	0.0930545
0.1506	9.31097e-005	0.0931438
0.1507	0.000102428	0.0932306
0.1508	0.000111756	0.093315
0.1509	0.000121091	0.093397
0.151	0.000130435	0.0934765
0.1511	0.000139787	0.0935535
0.1512	0.000149146	0.0936282
0.1513	0.000158512	0.0937003
0.1514	0.000167886	0.09377
0.1515	0.000177266	0.0938373
0.1516	0.000186653	0.0939021
0.1517	0.000196046	0.0939644
0.1518	0.000205446	0.0940243
0.1519	0.000214851	0.0940817
0.152	0.000224262	0.0941366
0.1521	0.000233678	0.0941891
0.1522	0.0002431	0.0942391
0.1523	0.000252526	0.0942867
0.1524	0.000261957	0.0943317
0.1525	0.000271392	0.0943744
0.1526	0.000280832	0.0944145
0.1527	0.000290275	0.0944522
0.1528	0.000299722	0.0944874
0.1529	0.000309173	0.0945201
0.153	0.000318626	0.0945504
0.1531	0.000328083	0.0945782
0.1532	0.000337542	0.0946035
0.1533	0.000347003	0.0946263
0.1534	0.000356467	0.0946467
0.1535	0.000365932	0.0946645
0.1536	0.0003754	0.09468
0.1537	0.000384868	0.0946929
0.1538	0.000394338	0.0947033
0.1539	0.000403809	0.0947113
0.154	0.00041328	0.0947168
0.1541	0.000422752	0.0947198
0.1542	0.000432224	0.0947204
0.1543	0.000441696	0.0947185
0.1544	0.000451168	0.0947141
0.1545	0.000460639	0.0947072
0.1546	0.000470109	0.0946978
0.1547	0.000479578	0.094686
0.1548	0.000489046	0.0946717
0.1549	0.000498513	0.0946549
0.155	0.000507977	0.0946357
0.1551	0.00051744	0.0946139
0.1552	0.0005269	0.0945897
0.1553	0.000536358	0.0945631
0.1554	0.000545812	0.0945339
0.1555	0.000555264	0.0945023
0.1556	0.000564713	0.0944682
0.1557	0.000574158	0.0944317
0.1558	0.000583599	0.0943927
0.1559	0.000593036	0.0943512
0.156	0.000602469	0.0943072
0.1561	0.000611898	0.0942608
0.1562	0.000621321	0.0942119
0.1563	0.00063074	0.0941606
0.1564	0.000640153	0.0941068
0.1565	0.000649561	0.0940505
0.1566	0.000658963	0.0939918
0.1567	0.00066836	0.0939306
0.1568	0.000677749	0.093867
0.1569	0.000687133	0.0938009
0.157	0.00069651	0.0937324
0.1571	0.000705879	0.0936614
0.1572	0.000715242	0.093588
0.1573	0.000724597	0.0935121
0.1574	0.000733944	0.0934338
0.1575	0.000743283	0.0933531
0.1576	0.000752615	0.0932699
0.1577	0.000761937	0.0931842
0.1578	0.000771251	0.0930962
0.1579	0.000780556	0.0930057
0.158	0.000789852	0.0929127
0.1581	0.000799139	0.0928174
0.1582	0.000808416	0.0927196
0.1583	0.000817683	0.0926194
0.1584	0.00082694	0.0925168
0.1585	0.000836186	0.0924118
0.1586	0.000845422	0.0923043
0.1587	0.000854647	0.0921945
0.1588	0.000863861	0.0920822
0.1589	0.000873063	0.0919675
0.159	0.000882254	0.0918504
0.1591	0.000891433	0.091731
0.1592	0.0009006	0.0916091
0.1593	0.000909755	0.0914848
0.1594	0.000918897	0.0913582
0.1595	0.000928027	0.0912291
0.1596	0.000937143	0.0910977
0.1597	0.000946246	0.0909639
0.1598	0.000955336	0.0908277
0.1599	0.000964411	0.0906891
0.16	0.000973473	0.0905482
0.1601	0.000982521	0.0904049
0.1602	0.000991554	0.0902593
0.1603	0.00100057	0.0901112
0.1604	0.00100958	0.0899609
0.1605	0.00101856	0.0898082
0.1606	0.00102754	0.0896531
0.1607	0.0010365	0.0894957
0.1608	0.00104544	0.0893359
0.1609	0.00105436	0.0891739
0.161	0.00106327	0.0890094
0.1611	0.00107216	0.0888427
0.1612	0.00108104	0.0886736
0.1613	0.0010899	0.0885023
0.1614	0.00109874	0.0883286
0.1615	0.00110756	0.0881526
0.1616	0.00111637	0.0879742
0.1617	0.00112516	0.0877936
0.1618	0.00113393	0.0876107
0.1619	0.00114268	0.0874255
0.162	0.00115141	0.0872381
0.1621	0.00116013	0.0870483
0.1622	0.00116882	0.0868563
0.1623	0.0011775	0.086662
0.1624	0.00118616	0.0864654
0.1625	0.00119479	0.0862665
0.1626	0.00120341	0.0860655
0.1627	0.00121201	0.0858621
0.1628	0.00122058	0.0856565
0.1629	0.00122914	0.0854487
0.163	0.00123767	0.0852386
0.1631	0.00124619	0.0850263
0.1632	0.00125468	0.0848118
0.1633	0.00126315	0.0845951
0.1634	0.0012716	0.0843761
0.1635	0.00128002	0.0841549
0.1636	0.00128843	0.0839316
0.1637	0.00129681	0.083706
0.1638	0.00130517	0.0834783
0.1639	0.0013135	0.0832483
0.164	0.00132182	0.0830162
0.1641	0.00133011	0.0827819
0.1642	0.00133837	0.0825454
0.1643	0.00134662	0.0823068
0.1644	0.00135484	0.082066
0.1645	0.00136303	0.0818231
0.1646	0.0013712	0.081578
0.1647	0.00137935	0.0813308
0.1648	0.00138747	0.0810815
0.1649	0.00139556	0.08083
0.165	0.00140363	0.0805765
0.1651	0.00141168	0.0803208
0.1652	0.0014197	0.080063
0.1653	0.00142769	0.0798031
0.1654	0.00143566	0.0795411
0.1655	0.0014436	0.079277
0.1656	0.00145151	0.0790109
0.1657	0.0014594	0.0787426
0.1658	0.00146726	0.0784723
0.1659	0.00147509	0.0782
0.166	0.0014829	0.0779256
0.1661	0.00149068	0.0776491
0.1662	0.00149843	0.0773707
0.1663	0.00150615	0.0770902
0.1664	0.00151385	0.0768076
0.1665	0.00152151	0.0765231
0.1666	0.00152915	0.0762365
0.1667	0.00153676	0.075948
0.1668	0.00154434	0.0756574
0.1669	0.00155189	0.0753649
0.167	0.00155941	0.0750703
0.1671	0.00156691	0.0747738
0.1672	0.00157437	0.0744754
0.1673	0.0015818	0.074175
0.1674	0.0015892	0.0738726
0.1675	0.00159658	0.0735683
0.1676	0.00160392	0.0732621
0.1677	0.00161123	0.0729539
0.1678	0.00161851	0.0726438
0.1679	0.00162576	0.0723318
0.168	0.00163298	0.0720179
0.1681	0.00164016	0.0717021
0.1682	0.00164732	0.0713844
0.1683	0.00165444	0.0710649
0.1684	0.00166153	0.0707434
0.1685	0.00166859	0.0704201
0.1686	0.00167561	0.070095
0.1687	0.00168261	0.069768
0.1688	0.00168957	0.0694392
0.1689	0.00169649	0.0691085
0.169	0.00170339	0.068776
0.1691	0.00171025	0.0684417
0.1692	0.00171708	0.0681056
0.1693	0.00172387	0.0677677
0.1694	0.00173063	0.0674281
0.1695	0.00173735	0.0670866
0.1696	0.00174405	0.0667434
0.1697	0.0017507	0.0663984
0.1698	0.00175733	0.0660516
0.1699	0.00176391	0.0657031
0.17	0.00177047	0.0653529
0.1701	0.00177698	0.065001
0.1702	0.00178347	0.0646473
0.1703	0.00178991	0.0642919
0.1704	0.00179633	0.0639349
0.1705	0.0018027	0.0635761
0.1706	0.00180904	0.0632156
0.1707	0.00181534	0.0628535
0.1708	0.00182161	0.0624897
0.1709	0.00182784	0.0621243
0.171	0.00183404	0.0617572
0.1711	0.00184019	0.0613885
0.1712	0.00184631	0.0610182
0.1713	0.0018524	0.0606462
0.1714	0.00185844	0.0602726
0.1715	0.00186445	0.0598975
0.1716	0.00187042	0.0595207
0.1717	0.00187636	0.0591424
0.1718	0.00188225	0.0587625
0.1719	0.00188811	0.058381
0.172	0.00189393	0.057998
0.1721	0.00189971	0.0576135
0.1722	0.00190545	0.0572274
0.1723	0.00191115	0.0568398
0.1724	0.00191682	0.0564507
0.1725	0.00192244	0.05606
0.1726	0.00192803	0.0556679
0.1727	0.00193358	0.0552743
0.1728	0.00193908	0.0548793
0.1729	0.00194455	0.0544827
0.173	0.00194998	0.0540848
0.1731	0.00195537	0.0536854
0.1732	0.00196072	0.0532845
0.1733	0.00196603	0.0528822
0.1734	0.00197129	0.0524785
0.1735	0.00197652	0.0520735
0.1736	0.00198171	0.051667
0.1737	0.00198685	0.0512591
0.1738	0.00199196	0.0508499
0.1739	0.00199702	0.0504393
0.174	0.00200205	0.0500274
0.1741	0.00200703	0.0496141
0.1742	0.00201197	0.0491995
0.1743	0.00201687	0.0487836
0.1744	0.00202173	0.0483663
0.1745	0.00202654	0.0479478
0.1746	0.00203132	0.047528
0.1747	0.00203605	0.0471069
0.1748	0.00204074	0.0466845
0.1749	0.00204539	0.0462609
0.175	0.00204999	0.0458361
0.1751	0.00205455	0.04541
0.1752	0.00205907	0.0449827
0.1753	0.00206355	0.0445541
0.1754	0.00206798	0.0441244
0.1755	0.00207237	0.0436935
0.1756	0.00207672	0.0432614
0.1757	0.00208103	0.0428281
0.1758	0.00208529	0.0423937
0.1759	0.00208951	0.0419581
0.176	0.00209368	0.0415214
0.1761	0.00209781	0.0410836
0.1762	0.0021019	0.0406446
0.1763	0.00210594	0.0402046
0.1764	0.00210994	0.0397634
0.1765	0.00211389	0.0393212
0.1766	0.0021178	0.0388779
0.1767	0.00212167	0.0384335
0.1768	0.00212549	0.0379881
0.1769	0.00212926	0.0375417
0.177	0.002133	0.0370942
0.1771	0.00213668	0.0366458
0.1772	0.00214032	0.0361963
0.1773	0.00214392	0.0357458
0.1774	0.00214747	0.0352944
0.1775	0.00215098	0.034842
0.1776	0.00215444	0.0343886
0.1777	0.00215786	0.0339343
0.1778	0.00216123	0.033479
0.1779	0.00216455	0.0330229
0.178	0.00216783	0.0325658
0.1781	0.00217107	0.0321078
0.1782	0.00217426	0.0316489
0.1783	0.0021774	0.0311892
0.1784	0.00218049	0.0307286
0.1785	0.00218354	0.0302671
0.1786	0.00218655	0.0298048
0.1787	0.0021895	0.0293416
0.1788	0.00219241	0.0288777
0.1789	0.00219528	0.0284129
0.179	0.0021981	0.0279474
0.1791	0.00220087	0.027481
0.1792	0.00220359	0.0270139
0.1793	0.00220627	0.026546
0.1794	0.0022089	0.0260774
0.1795	0.00221149	0.0256081
0.1796	0.00221402	0.025138
0.1797	0.00221651	0.0246672
0.1798	0.00221896	0.0241957
0.1799	0.00222135	0.0237235
0.18	0.0022237	0.0232507
0.1801	0.002226	0.0227771
0.1802	0.00222826	0.022303
0.1803	0.00223046	0.0218282
0.1804	0.00223262	0.0213527
0.1805	0.00223473	0.0208766
0.1806	0.0022368	0.0204
0.1807	0.00223881	0.0199227
0.1808	0.00224078	0.0194449
0.1809	0.0022427	0.0189665
0.181	0.00224458	0.0184875
0.1811	0.0022464	0.018008
0.1812	0.00224818	0.0175279
0.1813	0.00224991	0.0170474
0.1814	0.00225159	0.0165663
0.1815	0.00225322	0.0160847
0.1816	0.0022548	0.0156027
0.1817	0.00225634	0.0151201
0.1818	0.00225783	0.0146372
0.1819	0.00225927	0.0141537
0.182	0.00226066	0.0136698
0.1821	0.002262	0.0131855
0.1822	0.0022633	0.0127008
0.1823	0.00226454	0.0122157
0.1824	0.00226574	0.0117302
0.1825	0.00226689	0.0112444
0.1826	0.00226799	0.0107581
0.1827	0.00226904	0.0102716
0.1828	0.00227004	0.00978464
0.1829	0.002271	0.0092974
0.183	0.0022719	0.00880984
0.1831	0.00227276	0.00832198
0.1832	0.00227357	0.00783383
0.1833	0.00227433	0.0073454
0.1834	0.00227504	0.00685671
0.1835	0.0022757	0.00636777
0.1836	0.00227631	0.00587859
0.1837	0.00227687	0.00538918
0.1838	0.00227739	0.00489955
0.1839	0.00227785	0.00440972
0.184	0.00227827	0.0039197
0.1841	0.00227864	0.00342951
0.1842	0.00227895	0.00293914
0.1843	0.00227922	0.00244863
0.1844	0.00227944	0.00195797
0.1845	0.00227962	0.00146718
0.1846	0.00227974	0.000976279
0.1847	0.00227981	0.000485272
0.1848	0.00227984	-5.82735e-006
0.1849	0.00227981	-0.000497006
0.185	0.00227974	-0.000988252
0.1851	0.00227961	-0.00147955
0.1852	0.00227944	-0.0019709
0.1853	0.00227922	-0.00246227
0.1854	0.00227895	-0.00295366
0.1855	0.00227863	-0.00344506
0.1856	0.00227826	-0.00393644
0.1857	0.00227784	-0.00442781
0.1858	0.00227737	-0.00491915
0.1859	0.00227686	-0.00541045
0.186	0.00227629	-0.00590168
0.1861	0.00227568	-0.00639285
0.1862	0.00227501	-0.00688394
0.1863	0.0022743	-0.00737493
0.1864	0.00227354	-0.00786582
0.1865	0.00227273	-0.00835659
0.1866	0.00227187	-0.00884723
0.1867	0.00227096	-0.00933772
0.1868	0.00227	-0.00982806
0.1869	0.00226899	-0.0103182
0.187	0.00226793	-0.0108082
0.1871	0.00226683	-0.011298
0.1872	0.00226567	-0.0117876
0.1873	0.00226447	-0.012277
0.1874	0.00226322	-0.0127662
0.1875	0.00226192	-0.0132551
0.1876	0.00226057	-0.0137437
0.1877	0.00225917	-0.0142321
0.1878	0.00225772	-0.0147202
0.1879	0.00225623	-0.015208
0.188	0.00225468	-0.0156955
0.1881	0.00225309	-0.0161827
0.1882	0.00225144	-0.0166696
0.1883	0.00224975	-0.0171561
0.1884	0.00224801	-0.0176423
0.1885	0.00224622	-0.0181281
0.1886	0.00224439	-0.0186136
0.1887	0.0022425	-0.0190986
0.1888	0.00224057	-0.0195833
0.1889	0.00223858	-0.0200675
0.189	0.00223655	-0.0205513
0.1891	0.00223447	-0.0210347
0.1892	0.00223235	-0.0215176
0.1893	0.00223017	-0.0220001
0.1894	0.00222795	-0.0224821
0.1895	0.00222567	-0.0229636
0.1896	0.00222335	-0.0234446
0.1897	0.00222099	-0.0239251
0.1898	0.00221857	-0.0244051
0.1899	0.0022161	-0.0248845
0.19	0.00221359	-0.0253634
0.1901	0.00221103	-0.0258417
0.1902	0.00220842	-0.0263195
0.1903	0.00220577	-0.0267967
0.1904	0.00220306	-0.0272732
0.1905	0.00220031	-0.0277492
0.1906	0.00219751	-0.0282246
0.1907	0.00219467	-0.0286993
0.1908	0.00219178	-0.0291734
0.1909	0.00218883	-0.0296468
0.191	0.00218585	-0.0301196
0.1911	0.00218281	-0.0305917
0.1912	0.00217973	-0.0310631
0.1913	0.0021766	-0.0315338
0.1914	0.00217342	-0.0320038
0.1915	0.0021702	-0.032473
0.1916	0.00216693	-0.0329415
0.1917	0.00216361	-0.0334093
0.1918	0.00216024	-0.0338763
0.1919	0.00215683	-0.0343426
0.192	0.00215338	-0.034808
0.1921	0.00214987	-0.0352727
0.1922	0.00214632	-0.0357365
0.1923	0.00214272	-0.0361995
0.1924	0.00213908	-0.0366617
0.1925	0.00213539	-0.0371231
0.1926	0.00213166	-0.0375836
0.1927	0.00212788	-0.0380432
0.1928	0.00212405	-0.038502
0.1929	0.00212018	-0.0389598
0.193	0.00211626	-0.0394168
0.1931	0.00211229	-0.0398729
0.1932	0.00210828	-0.040328
0.1933	0.00210423	-0.0407822
0.1934	0.00210013	-0.0412354
0.1935	0.00209598	-0.0416877
0.1936	0.00209179	-0.0421391
0.1937	0.00208755	-0.0425894
0.1938	0.00208327	-0.0430387
0.1939	0.00207894	-0.0434871
0.194	0.00207457	-0.0439344
0.1941	0.00207016	-0.0443807
0.1942	0.0020657	-0.044826
0.1943	0.00206119	-0.0452702
0.1944	0.00205664	-0.0457134
0.1945	0.00205205	-0.0461555
0.1946	0.00204741	-0.0465965
0.1947	0.00204273	-0.0470364
0.1948	0.002038	-0.0474752
0.1949	0.00203323	-0.0479129
0.195	0.00202842	-0.0483495
0.1951	0.00202356	-0.0487849
0.1952	0.00201866	-0.0492192
0.1953	0.00201372	-0.0496523
0.1954	0.00200873	-0.0500843
0.1955	0.0020037	-0.0505151
0.1956	0.00199863	-0.0509446
0.1957	0.00199352	-0.051373
0.1958	0.00198836	-0.0518002
0.1959	0.00198316	-0.0522261
0.196	0.00197791	-0.0526509
0.1961	0.00197263	-0.0530743
0.1962	0.0019673	-0.0534965
0.1963	0.00196193	-0.0539175
0.1964	0.00195651	-0.0543372
0.1965	0.00195106	-0.0547555
0.1966	0.00194556	-0.0551726
0.1967	0.00194002	-0.0555884
0.1968	0.00193444	-0.0560028
0.1969	0.00192882	-0.056416
0.197	0.00192316	-0.0568278
0.1971	0.00191746	-0.0572382
0.1972	0.00191171	-0.0576473
0.1973	0.00190593	-0.058055
0.1974	0.0019001	-0.0584613
0.1975	0.00189424	-0.0588662
0.1976	0.00188833	-0.0592698
0.1977	0.00188238	-0.0596719
0.1978	0.0018764	-0.0600726
0.1979	0.00187037	-0.0604718
0.198	0.0018643	-0.0608697
0.1981	0.00185819	-0.061266
0.1982	0.00185205	-0.0616609
0.1983	0.00184586	-0.0620544
0.1984	0.00183964	-0.0624463
0.1985	0.00183337	-0.0628368
0.1986	0.00182707	-0.0632257
0.1987	0.00182073	-0.0636132
0.1988	0.00181435	-0.0639991
0.1989	0.00180793	-0.0643835
0.199	0.00180147	-0.0647664
0.1991	0.00179497	-0.0651477
0.1992	0.00178844	-0.0655274
0.1993	0.00178187	-0.0659056
0.1994	0.00177526	-0.0662822
0.1995	0.00176861	-0.0666572
0.1996	0.00176193	-0.0670306
0.1997	0.00175521	-0.0674024
0.1998	0.00174845	-0.0677726
0.1999	0.00174165	-0.0681412
0.2	0.00173482	-0.0685081
0.2001	0.00172795	-0.0688734
0.2002	0.00172105	-0.069237
0.2003	0.0017141	-0.069599
0.2004	0.00170713	-0.0699593
0.2005	0.00170011	-0.0703179
0.2006	0.00169306	-0.0706748
0.2007	0.00168598	-0.07103
0.2008	0.00167886	-0.0713836
0.2009	0.0016717	-0.0717354
0.201	0.00166451	-0.0720854
0.2011	0.00165728	-0.0724338
0.2012	0.00165002	-0.0727804
0.2013	0.00164273	-0.0731252
0.2014	0.0016354	-0.0734683
0.2015	0.00162803	-0.0738096
0.2016	0.00162064	-0.0741491
0.2017	0.0016132	-0.0744869
0.2018	0.00160574	-0.0748228
0.2019	0.00159824	-0.075157
0.202	0.00159071	-0.0754893
0.2021	0.00158314	-0.0758199
0.2022	0.00157554	-0.0761485
0.2023	0.00156791	-0.0764754
0.2024	0.00156025	-0.0768004
0.2025	0.00155255	-0.0771236
0.2026	0.00154482	-0.0774449
0.2027	0.00153706	-0.0777643
0.2028	0.00152927	-0.0780818
0.2029	0.00152145	-0.0783975
0.203	0.00151359	-0.0787112
0.2031	0.0015057	-0.0790231
0.2032	0.00149779	-0.0793331
0.2033	0.00148984	-0.0796411
0.2034	0.00148186	-0.0799472
0.2035	0.00147385	-0.0802514
0.2036	0.00146581	-0.0805536
0.2037	0.00145774	-0.0808539
0.2038	0.00144964	-0.0811523
0.2039	0.00144151	-0.0814486
0.204	0.00143335	-0.081743
0.2041	0.00142516	-0.0820355
0.2042	0.00141694	-0.0823259
0.2043	0.00140869	-0.0826144
0.2044	0.00140042	-0.0829008
0.2045	0.00139211	-0.0831852
0.2046	0.00138378	-0.0834677
0.2047	0.00137542	-0.0837481
0.2048	0.00136703	-0.0840265
0.2049	0.00135862	-0.0843028
0.205	0.00135017	-0.0845771
0.2051	0.0013417	-0.0848493
0.2052	0.0013332	-0.0851195
0.2053	0.00132468	-0.0853877
0.2054	0.00131612	-0.0856537
0.2055	0.00130755	-0.0859177
0.2056	0.00129894	-0.0861796
0.2057	0.00129031	-0.0864394
0.2058	0.00128165	-0.0866971
0.2059	0.00127297	-0.0869527
0.206	0.00126426	-0.0872062
0.2061	0.00125553	-0.0874576
0.2062	0.00124677	-0.0877069
0.2063	0.00123799	-0.087954
0.2064	0.00122918	-0.088199
0.2065	0.00122035	-0.0884419
0.2066	0.00121149	-0.0886826
0.2067	0.00120261	-0.0889211
0.2068	0.00119371	-0.0891575
0.2069	0.00118478	-0.0893918
0.207	0.00117583	-0.0896238
0.2071	0.00116686	-0.0898537
0.2072	0.00115786	-0.0900814
0.2073	0.00114884	-0.0903069
0.2074	0.0011398	-0.0905302
0.2075	0.00113073	-0.0907514
0.2076	0.00112165	-0.0909703
0.2077	0.00111254	-0.091187
0.2078	0.00110341	-0.0914015
0.2079	0.00109426	-0.0916137
0.208	0.00108509	-0.0918238
0.2081	0.00107589	-0.0920316
0.2082	0.00106668	-0.0922371
0.2083	0.00105745	-0.0924405
0.2084	0.00104819	-0.0926415
0.2085	0.00103892	-0.0928403
0.2086	0.00102962	-0.0930369
0.2087	0.00102031	-0.0932312
0.2088	0.00101098	-0.0934232
0.2089	0.00100163	-0.093613
0.209	0.000992256	-0.0938005
0.2091	0.000982867	-0.0939857
0.2092	0.000973459	-0.0941686
0.2093	0.000964033	-0.0943492
0.2094	0.000954589	-0.0945275
0.2095	0.000945128	-0.0947036
0.2096	0.000935648	-0.0948773
0.2097	0.000926152	-0.0950487
0.2098	0.000916639	-0.0952178
0.2099	0.000907109	-0.0953845
0.21	0.000897562	-0.095549
0.2101	0.000887999	-0.0957111
0.2102	0.00087842	-0.0958709
0.2103	0.000868825	-0.0960284
0.2104	0.000859214	-0.0961835
0.2105	0.000849588	-0.0963363
0.2106	0.000839947	-0.0964867
0.2107	0.000830291	-0.0966348
0.2108	0.00082062	-0.0967805
0.2109	0.000810935	-0.0969238
0.211	0.000801236	-0.0970648
0.2111	0.000791522	-0.0972035
0.2112	0.000781795	-0.0973398
0.2113	0.000772054	-0.0974736
0.2114	0.0007623	-0.0976052
0.2115	0.000752533	-0.0977343
0.2116	0.000742753	-0.0978611
0.2117	0.000732961	-0.0979854
0.2118	0.000723156	-0.0981074
0.2119	0.00071334	-0.098227
0.212	0.000703511	-0.0983442
0.2121	0.000693671	-0.098459
0.2122	0.000683819	-0.0985714
0.2123	0.000673957	-0.0986814
0.2124	0.000664083	-0.098789
0.2125	0.000654199	-0.0988941
0.2126	0.000644304	-0.0989969
0.2127	0.0006344	-0.0990973
0.2128	0.000624485	-0.0991952
0.2129	0.000614561	-0.0992907
0.213	0.000604627	-0.0993838
0.2131	0.000594684	-0.0994745
0.2132	0.000584732	-0.0995627
0.2133	0.000574772	-0.0996485
0.2134	0.000564803	-0.0997319
0.2135	0.000554825	-0.0998128
0.2136	0.00054484	-0.0998913
0.2137	0.000534847	-0.0999674
0.2138	0.000524847	-0.100041
0.2139	0.000514839	-0.100112
0.214	0.000504824	-0.100181
0.2141	0.000494803	-0.100247
0.2142	0.000484775	-0.100311
0.2143	0.000474741	-0.100373
0.2144	0.000464701	-0.100431
0.2145	0.000454655	-0.100488
0.2146	0.000444603	-0.100542
0.2147	0.000434546	-0.100594
0.2148	0.000424484	-0.100643
0.2149	0.000414418	-0.100689
0.215	0.000404347	-0.100734
0.2151	0.000394271	-0.100775
0.2152	0.000384192	-0.100815
0.2153	0.000374108	-0.100852
0.2154	0.000364021	-0.100886
0.2155	0.000353931	-0.100918
0.2156	0.000343838	-0.100947
0.2157	0.000333742	-0.100974
0.2158	0.000323643	-0.100999
0.2159	0.000313542	-0.101021
0.216	0.000303439	-0.10104
0.2161	0.000293334	-0.101058
0.2162	0.000283228	-0.101072
0.2163	0.00027312	-0.101084
0.2164	0.000263011	-0.101094
0.2165	0.000252901	-0.101101
0.2166	0.000242791	-0.101106
0.2167	0.00023268	-0.101108
0.2168	0.000222569	-0.101108
0.2169	0.000212458	-0.101106
0.217	0.000202348	-0.1011
0.2171	0.000192238	-0.101093
0.2172	0.000182129	-0.101083
0.2173	0.000172022	-0.10107
0.2174	0.000161915	-0.101055
0.2175	0.000151811	-0.101038
0.2176	0.000141708	-0.101018
0.2177	0.000131607	-0.100996
0.2178	0.000121509	-0.100971
0.2179	0.000111413	-0.100943
0.218	0.00010132	-0.100914
0.2181	9.12306e-005	-0.100881
0.2182	8.11442e-005	-0.100847
0.2183	7.10613e-005	-0.100809
0.2184	6.09824e-005	-0.10077
0.2185	5.09075e-005	-0.100728
0.2186	4.08369e-005	-0.100683
0.2187	3.07709e-005	-0.100636
0.2188	2.07098e-005	-0.100587
0.2189	1.06537e-005	-0.100535
0.219	6.0297e-007	-0.10048
0.2191	-9.44222e-006	-0.100423
0.2192	-1.94816e-005	-0.100364
0.2193	-2.95149e-005	-0.100302
0.2194	-3.9542e-005	-0.100238
0.2195	-4.95624e-005	-0.100171
0.2196	-5.95761e-005	-0.100102
0.2197	-6.95828e-005	-0.100031
0.2198	-7.95822e-005	-0.0999566
0.2199	-8.9574e-005	-0.0998801
0.22	-9.95581e-005	-0.0998012
0.2201	-0.000109534	-0.0997199
0.2202	-0.000119502	-0.0996361
0.2203	-0.000129461	-0.0995499
0.2204	-0.000139412	-0.0994612
0.2205	-0.000149353	-0.0993701
0.2206	-0.000159286	-0.0992766
0.2207	-0.000169209	-0.0991807
0.2208	-0.000179122	-0.0990823
0.2209	-0.000189025	-0.0989816
0.221	-0.000198918	-0.0988784
0.2211	-0.000208801	-0.0987728
0.2212	-0.000218673	-0.0986647
0.2213	-0.000228534	-0.0985543
0.2214	-0.000238383	-0.0984414
0.2215	-0.000248222	-0.0983262
0.2216	-0.000258049	-0.0982085
0.2217	-0.000267863	-0.0980885
0.2218	-0.000277666	-0.097966
0.2219	-0.000287457	-0.0978412
0.222	-0.000297234	-0.0977139
0.2221	-0.000306999	-0.0975843
0.2222	-0.000316751	-0.0974523
0.2223	-0.00032649	-0.0973179
0.2224	-0.000336215	-0.0971811
0.2225	-0.000345926	-0.0970419
0.2226	-0.000355623	-0.0969004
0.2227	-0.000365306	-0.0967565
0.2228	-0.000374974	-0.0966103
0.2229	-0.000384628	-0.0964617
0.223	-0.000394266	-0.0963107
0.2231	-0.00040389	-0.0961574
0.2232	-0.000413498	-0.0960017
0.2233	-0.00042309	-0.0958437
0.2234	-0.000432666	-0.0956833
0.2235	-0.000442227	-0.0955206
0.2236	-0.00045177	-0.0953556
0.2237	-0.000461298	-0.0951882
0.2238	-0.000470808	-0.0950185
0.2239	-0.000480301	-0.0948465
0.224	-0.000489777	-0.0946722
0.2241	-0.000499236	-0.0944955
0.2242	-0.000508676	-0.0943166
0.2243	-0.000518099	-0.0941353
0.2244	-0.000527503	-0.0939517
0.2245	-0.000536889	-0.0937659
0.2246	-0.000546256	-0.0935778
0.2247	-0.000555605	-0.0933873
0.2248	-0.000564934	-0.0931946
0.2249	-0.000574243	-0.0929996
0.225	-0.000583534	-0.0928024
0.2251	-0.000592804	-0.0926028
0.2252	-0.000602054	-0.092401
0.2253	-0.000611284	-0.092197
0.2254	-0.000620493	-0.0919907
0.2255	-0.000629682	-0.0917822
0.2256	-0.00063885	-0.0915714
0.2257	-0.000647996	-0.0913583
0.2258	-0.000657121	-0.0911431
0.2259	-0.000666225	-0.0909256
0.226	-0.000675306	-0.0907059
0.2261	-0.000684366	-0.090484
0.2262	-0.000693403	-0.0902599
0.2263	-0.000702418	-0.0900335
0.2264	-0.00071141	-0.089805
0.2265	-0.000720379	-0.0895743
0.2266	-0.000729325	-0.0893414
0.2267	-0.000738247	-0.0891063
0.2268	-0.000747146	-0.088869
0.2269	-0.000756021	-0.0886296
0.227	-0.000764872	-0.088388
0.2271	-0.000773698	-0.0881442
0.2272	-0.0007825	-0.0878983
0.2273	-0.000791278	-0.0876503
0.2274	-0.00080003	-0.0874001
0.2275	-0.000808758	-0.0871477
0.2276	-0.00081746	-0.0868933
0.2277	-0.000826136	-0.0866367
0.2278	-0.000834787	-0.086378
0.2279	-0.000843412	-0.0861172
0.228	-0.00085201	-0.0858543
0.2281	-0.000860583	-0.0855893
0.2282	-0.000869128	-0.0853222
0.2283	-0.000877647	-0.0850531
0.2284	-0.000886139	-0.0847818
0.2285	-0.000894603	-0.0845085
0.2286	-0.00090304	-0.0842332
0.2287	-0.00091145	-0.0839557
0.2288	-0.000919831	-0.0836763
0.2289	-0.000928185	-0.0833948
0.229	-0.00093651	-0.0831112
0.2291	-0.000944807	-0.0828257
0.2292	-0.000953075	-0.0825381
0.2293	-0.000961315	-0.0822485
0.2294	-0.000969525	-0.0819568
0.2295	-0.000977706	-0.0816632
0.2296	-0.000985858	-0.0813676
0.2297	-0.00099398	-0.0810701
0.2298	-0.00100207	-0.0807705
0.2299	-0.00101013	-0.080469
0.23	-0.00101817	-0.0801655
0.2301	-0.00102617	-0.07986
0.2302	-0.00103414	-0.0795527
0.2303	-0.00104208	-0.0792433
0.2304	-0.00104999	-0.0789321
0.2305	-0.00105786	-0.0786189
0.2306	-0.00106571	-0.0783038
0.2307	-0.00107352	-0.0779868
0.2308	-0.00108131	-0.0776679
0.2309	-0.00108906	-0.0773471
0.231	-0.00109678	-0.0770244
0.2311	-0.00110446	-0.0766999
0.2312	-0.00111212	-0.0763734
0.2313	-0.00111974	-0.0760452
0.2314	-0.00112733	-0.075715
0.2315	-0.00113488	-0.075383
0.2316	-0.0011424	-0.0750492
0.2317	-0.00114989	-0.0747136
0.2318	-0.00115734	-0.0743761
0.2319	-0.00116476	-0.0740369
0.232	-0.00117215	-0.0736958
0.2321	-0.0011795	-0.073353
0.2322	-0.00118682	-0.0730083
0.2323	-0.00119411	-0.0726619
0.2324	-0.00120135	-0.0723137
0.2325	-0.00120857	-0.0719638
0.2326	-0.00121575	-0.0716121
0.2327	-0.00122289	-0.0712586
0.2328	-0.00123	-0.0709035
0.2329	-0.00123707	-0.0705466
0.233	-0.00124411	-0.070188
0.2331	-0.00125111	-0.0698276
0.2332	-0.00125807	-0.0694656
0.2333	-0.001265	-0.0691019
0.2334	-0.00127189	-0.0687366
0.2335	-0.00127875	-0.0683695
0.2336	-0.00128557	-0.0680008
0.2337	-0.00129235	-0.0676304
0.2338	-0.00129909	-0.0672584
0.2339	-0.0013058	-0.0668848
0.234	-0.00131247	-0.0665096
0.2341	-0.0013191	-0.0661327
0.2342	-0.0013257	-0.0657542
0.2343	-0.00133225	-0.0653741
0.2344	-0.00133877	-0.0649925
0.2345	-0.00134525	-0.0646092
0.2346	-0.00135169	-0.0642244
0.2347	-0.0013581	-0.0638381
0.2348	-0.00136446	-0.0634502
0.2349	-0.00137079	-0.0630607
0.235	-0.00137707	-0.0626698
0.2351	-0.00138332	-0.0622773
0.2352	-0.00138953	-0.0618833
0.2353	-0.0013957	-0.0614878
0.2354	-0.00140183	-0.0610908
0.2355	-0.00140792	-0.0606923
0.2356	-0.00141396	-0.0602924
0.2357	-0.00141997	-0.059891
0.2358	-0.00142594	-0.0594881
0.2359	-0.00143187	-0.0590838
0.236	-0.00143776	-0.0586781
0.2361	-0.00144361	-0.058271
0.2362	-0.00144941	-0.0578624
0.2363	-0.00145518	-0.0574525
0.2364	-0.0014609	-0.0570412
0.2365	-0.00146659	-0.0566284
0.2366	-0.00147223	-0.0562144
0.2367	-0.00147783	-0.0557989
0.2368	-0.00148339	-0.0553821
0.2369	-0.00148891	-0.054964
0.237	-0.00149438	-0.0545446
0.2371	-0.00149982	-0.0541238
0.2372	-0.00150521	-0.0537017
0.2373	-0.00151056	-0.0532783
0.2374	-0.00151586	-0.0528537
0.2375	-0.00152113	-0.0524278
0.2376	-0.00152635	-0.0520006
0.2377	-0.00153153	-0.0515721
0.2378	-0.00153666	-0.0511424
0.2379	-0.00154176	-0.0507115
0.238	-0.0015468	-0.0502794
0.2381	-0.00155181	-0.049846
0.2382	-0.00155677	-0.0494115
0.2383	-0.00156169	-0.0489757
0.2384	-0.00156657	-0.0485388
0.2385	-0.0015714	-0.0481007
0.2386	-0.00157619	-0.0476615
0.2387	-0.00158093	-0.0472211
0.2388	-0.00158563	-0.0467795
0.2389	-0.00159029	-0.0463369
0.239	-0.0015949	-0.0458931
0.2391	-0.00159947	-0.0454483
0.2392	-0.00160399	-0.0450023
0.2393	-0.00160847	-0.0445553
0.2394	-0.0016129	-0.0441072
0.2395	-0.00161729	-0.043658
0.2396	-0.00162163	-0.0432078
0.2397	-0.00162593	-0.0427566
0.2398	-0.00163018	-0.0423044
0.2399	-0.00163439	-0.0418511
0.24	-0.00163855	-0.0413968
0.2401	-0.00164267	-0.0409416
0.2402	-0.00164674	-0.0404853
0.2403	-0.00165077	-0.0400281
0.2404	-0.00165475	-0.03957
0.2405	-0.00165868	-0.0391109
0.2406	-0.00166257	-0.0386508
0.2407	-0.00166641	-0.0381899
0.2408	-0.00167021	-0.037728
0.2409	-0.00167396	-0.0372652
0.241	-0.00167766	-0.0368016
0.2411	-0.00168132	-0.0363371
0.2412	-0.00168493	-0.0358717
0.2413	-0.00168849	-0.0354054
0.2414	-0.00169201	-0.0349383
0.2415	-0.00169548	-0.0344704
0.2416	-0.0016989	-0.0340017
0.2417	-0.00170228	-0.0335322
0.2418	-0.00170561	-0.0330619
0.2419	-0.00170889	-0.0325908
0.242	-0.00171213	-0.0321189
0.2421	-0.00171532	-0.0316462
0.2422	-0.00171846	-0.0311729
0.2423	-0.00172155	-0.0306987
0.2424	-0.0017246	-0.0302239
0.2425	-0.0017276	-0.0297484
0.2426	-0.00173055	-0.0292721
0.2427	-0.00173345	-0.0287952
0.2428	-0.00173631	-0.0283176
0.2429	-0.00173911	-0.0278393
0.243	-0.00174187	-0.0273604
0.2431	-0.00174459	-0.0268808
0.2432	-0.00174725	-0.0264006
0.2433	-0.00174987	-0.0259198
0.2434	-0.00175243	-0.0254384
0.2435	-0.00175495	-0.0249564
0.2436	-0.00175743	-0.0244738
0.2437	-0.00175985	-0.0239906
0.2438	-0.00176222	-0.0235069
0.2439	-0.00176455	-0.0230227
0.244	-0.00176683	-0.0225379
0.2441	-0.00176906	-0.0220526
0.2442	-0.00177124	-0.0215667
0.2443	-0.00177337	-0.0210804
0.2444	-0.00177545	-0.0205936
0.2445	-0.00177749	-0.0201064
0.2446	-0.00177948	-0.0196187
0.2447	-0.00178141	-0.0191305
0.2448	-0.0017833	-0.0186419
0.2449	-0.00178514	-0.0181529
0.245	-0.00178693	-0.0176634
0.2451	-0.00178867	-0.0171736
0.2452	-0.00179037	-0.0166834
0.2453	-0.00179201	-0.0161928
0.2454	-0.00179361	-0.0157018
0.2455	-0.00179515	-0.0152105
0.2456	-0.00179665	-0.0147189
0.2457	-0.00179809	-0.0142269
0.2458	-0.00179949	-0.0137346
0.2459	-0.00180084	-0.013242
0.246	-0.00180214	-0.0127492
0.2461	-0.00180339	-0.012256
0.2462	-0.00180459	-0.0117626
0.2463	-0.00180574	-0.011269
0.2464	-0.00180685	-0.0107751
0.2465	-0.0018079	-0.0102809
0.2466	-0.0018089	-0.00978659
0.2467	-0.00180986	-0.00929205
0.2468	-0.00181076	-0.00879731
0.2469	-0.00181162	-0.0083024
0.247	-0.00181242	-0.00780733
0.2471	-0.00181318	-0.0073121
0.2472	-0.00181388	-0.00681674
0.2473	-0.00181454	-0.00632124
0.2474	-0.00181515	-0.00582563
0.2475	-0.00181571	-0.00532992
0.2476	-0.00181621	-0.00483411
0.2477	-0.00181667	-0.00433823
0.2478	-0.00181708	-0.00384228
0.2479	-0.00181744	-0.00334627
0.248	-0.00181775	-0.00285023
0.2481	-0.00181801	-0.00235415
0.2482	-0.00181822	-0.00185806
0.2483	-0.00181838	-0.00136197
0.2484	-0.00181849	-0.000865878
0.2485	-0.00181856	-0.00036981
0.2486	-0.00181857	0.000126225
0.2487	-0.00181853	0.000622216
0.2488	-0.00181844	0.00111815
0.2489	-0.00181831	0.00161401
0.249	-0.00181812	0.00210979
0.2491	-0.00181789	0.00260548
0.2492	-0.0018176	0.00310106
0.2493	-0.00181726	0.00359652
0.2494	-0.00181688	0.00409185
0.2495	-0.00181645	0.00458704
0.2496	-0.00181596	0.00508207
0.2497	-0.00181543	0.00557693
0.2498	-0.00181485	0.00607161
0.2499	-0.00181422	0.0065661
0.25	-0.00181353	0.00706038
0.2501	-0.0018128	0.00755444
0.2502	-0.00181202	0.00804828
0.2503	-0.00181119	0.00854187
0.2504	-0.00181032	0.00903521
0.2505	-0.00180939	0.00952828
0.2506	-0.00180841	0.0100211
0.2507	-0.00180738	0.0105136
0.2508	-0.00180631	0.0110058
0.2509	-0.00180518	0.0114976
0.251	-0.00180401	0.0119892
0.2511	-0.00180278	0.0124804
0.2512	-0.00180151	0.0129713
0.2513	-0.00180019	0.0134618
