0	0	0
0.0001	5.16986e-009	0.000114825
0.0002	2.51359e-008	0.000294832
0.0003	6.60995e-008	0.000533787
0.0004	1.33668e-007	0.000826042
0.0005	2.32912e-007	0.00116647
0.0006	3.68413e-007	0.00155044
0.0007	5.4431e-007	0.00197373
0.0008	7.64341e-007	0.00243252
0.0009	1.03188e-006	0.00292335
0.001	1.34997e-006	0.00344308
0.0011	1.72137e-006	0.00398886
0.0012	2.14853e-006	0.0045581
0.0013	2.63369e-006	0.00514845
0.0014	3.17885e-006	0.00575779
0.0015	3.78581e-006	0.00638417
0.0016	4.45619e-006	0.00702584
0.0017	5.19144e-006	0.0076812
0.0018	5.99284e-006	0.00834881
0.0019	6.86156e-006	0.00902735
0.002	7.79864e-006	0.0097156
0.0021	8.80497e-006	0.0104125
0.0022	9.88139e-006	0.011117
0.0023	1.10286e-005	0.0118283
0.0024	1.22472e-005	0.0125455
0.0025	1.35379e-005	0.0132679
0.0026	1.4901e-005	0.0139947
0.0027	1.63369e-005	0.0147254
0.0028	1.78462e-005	0.0154594
0.0029	1.94289e-005	0.0161962
0.003	2.10855e-005	0.0169352
0.0031	2.2816e-005	0.0176761
0.0032	2.46207e-005	0.0184185
0.0033	2.64998e-005	0.0191619
0.0034	2.84532e-005	0.0199062
0.0035	3.0481e-005	0.0206508
0.0036	3.25833e-005	0.0213956
0.0037	3.47601e-005	0.0221404
0.0038	3.70114e-005	0.0228848
0.0039	3.93371e-005	0.0236286
0.004	4.17371e-005	0.0243716
0.0041	4.42114e-005	0.0251137
0.0042	4.67598e-005	0.0258547
0.0043	4.93822e-005	0.0265943
0.0044	5.20786e-005	0.0273325
0.0045	5.48487e-005	0.0280691
0.0046	5.76924e-005	0.028804
0.0047	6.06094e-005	0.0295369
0.0048	6.35997e-005	0.030268
0.0049	6.66629e-005	0.0309969
0.005	6.9799e-005	0.0317236
0.0051	7.30076e-005	0.032448
0.0052	7.62885e-005	0.03317
0.0053	7.96415e-005	0.0338896
0.0054	8.30663e-005	0.0346066
0.0055	8.65627e-005	0.0353209
0.0056	9.01304e-005	0.0360325
0.0057	9.37691e-005	0.0367413
0.0058	9.74786e-005	0.0374473
0.0059	0.000101258	0.0381503
0.006	0.000105109	0.0388503
0.0061	0.000109028	0.0395472
0.0062	0.000113018	0.040241
0.0063	0.000117077	0.0409316
0.0064	0.000121204	0.0416189
0.0065	0.0001254	0.042303
0.0066	0.000129665	0.0429836
0.0067	0.000133997	0.0436609
0.0068	0.000138397	0.0443347
0.0069	0.000142864	0.045005
0.007	0.000147398	0.0456717
0.0071	0.000151998	0.0463348
0.0072	0.000156664	0.0469942
0.0073	0.000161397	0.0476499
0.0074	0.000166194	0.0483018
0.0075	0.000171057	0.04895
0.0076	0.000175984	0.0495943
0.0077	0.000180976	0.0502346
0.0078	0.000186031	0.0508711
0.0079	0.00019115	0.0515035
0.008	0.000196331	0.052132
0.0081	0.000201576	0.0527563
0.0082	0.000206883	0.0533766
0.0083	0.000212251	0.0539927
0.0084	0.000217681	0.0546046
0.0085	0.000223172	0.0552122
0.0086	0.000228723	0.0558156
0.0087	0.000234335	0.0564147
0.0088	0.000240006	0.0570095
0.0089	0.000245737	0.0575998
0.009	0.000251526	0.0581857
0.0091	0.000257374	0.0587671
0.0092	0.000263279	0.0593441
0.0093	0.000269242	0.0599165
0.0094	0.000275262	0.0604843
0.0095	0.000281339	0.0610475
0.0096	0.000287472	0.0616061
0.0097	0.00029366	0.0621599
0.0098	0.000299903	0.0627091
0.0099	0.000306202	0.0632535
0.01	0.000312554	0.0637931
0.0101	0.00031896	0.0643279
0.0102	0.000325419	0.0648578
0.0103	0.000331932	0.0653829
0.0104	0.000338496	0.065903
0.0105	0.000345112	0.0664181
0.0106	0.000351779	0.0669283
0.0107	0.000358497	0.0674334
0.0108	0.000365266	0.0679335
0.0109	0.000372084	0.0684285
0.011	0.000378951	0.0689184
0.0111	0.000385867	0.0694032
0.0112	0.000392832	0.0698827
0.0113	0.000399844	0.0703571
0.0114	0.000406903	0.0708262
0.0115	0.000414009	0.0712901
0.0116	0.000421161	0.0717486
0.0117	0.000428358	0.0722019
0.0118	0.000435601	0.0726497
0.0119	0.000442888	0.0730922
0.012	0.000450219	0.0735293
0.0121	0.000457594	0.073961
0.0122	0.000465011	0.0743872
0.0123	0.000472471	0.0748079
0.0124	0.000479973	0.0752231
0.0125	0.000487516	0.0756327
0.0126	0.000495099	0.0760368
0.0127	0.000502723	0.0764353
0.0128	0.000510386	0.0768282
0.0129	0.000518088	0.0772154
0.013	0.000525829	0.077597
0.0131	0.000533607	0.0779729
0.0132	0.000541423	0.0783431
0.0133	0.000549276	0.0787075
0.0134	0.000557165	0.0790662
0.0135	0.000565089	0.0794191
0.0136	0.000573048	0.0797662
0.0137	0.000581042	0.0801075
0.0138	0.00058907	0.0804429
0.0139	0.00059713	0.0807725
0.014	0.000605224	0.0810961
0.0141	0.000613349	0.0814139
0.0142	0.000621506	0.0817258
0.0143	0.000629694	0.0820317
0.0144	0.000637913	0.0823316
0.0145	0.00064616	0.0826256
0.0146	0.000654437	0.0829135
0.0147	0.000662743	0.0831955
0.0148	0.000671076	0.0834714
0.0149	0.000679437	0.0837413
0.015	0.000687824	0.0840051
0.0151	0.000696238	0.0842628
0.0152	0.000704677	0.0845144
0.0153	0.000713141	0.0847599
0.0154	0.000721629	0.0849992
0.0155	0.00073014	0.0852324
0.0156	0.000738675	0.0854595
0.0157	0.000747232	0.0856804
0.0158	0.000755811	0.0858951
0.0159	0.000764411	0.0861036
0.016	0.000773031	0.0863058
0.0161	0.000781672	0.0865019
0.0162	0.000790331	0.0866917
0.0163	0.00079901	0.0868753
0.0164	0.000807706	0.0870526
0.0165	0.00081642	0.0872237
0.0166	0.000825151	0.0873884
0.0167	0.000833898	0.0875469
0.0168	0.00084266	0.0876991
0.0169	0.000851437	0.087845
0.017	0.000860229	0.0879845
0.0171	0.000869034	0.0881177
0.0172	0.000877852	0.0882446
0.0173	0.000886683	0.0883652
0.0174	0.000895525	0.0884794
0.0175	0.000904378	0.0885873
0.0176	0.000913242	0.0886887
0.0177	0.000922116	0.0887839
0.0178	0.000930999	0.0888726
0.0179	0.00093989	0.088955
0.018	0.000948789	0.089031
0.0181	0.000957696	0.0891006
0.0182	0.000966609	0.0891639
0.0183	0.000975529	0.0892207
0.0184	0.000984453	0.0892711
0.0185	0.000993383	0.0893152
0.0186	0.00100232	0.0893528
0.0187	0.00101125	0.0893841
0.0188	0.00102019	0.0894089
0.0189	0.00102913	0.0894273
0.019	0.00103808	0.0894394
0.0191	0.00104702	0.089445
0.0192	0.00105597	0.0894442
0.0193	0.00106491	0.089437
0.0194	0.00107385	0.0894235
0.0195	0.0010828	0.0894035
0.0196	0.00109173	0.0893771
0.0197	0.00110067	0.0893443
0.0198	0.0011096	0.0893051
0.0199	0.00111853	0.0892596
0.02	0.00112745	0.0892076
0.0201	0.00113637	0.0891493
0.0202	0.00114528	0.0890846
0.0203	0.00115419	0.0890135
0.0204	0.00116309	0.0889361
0.0205	0.00117198	0.0888523
0.0206	0.00118086	0.0887621
0.0207	0.00118973	0.0886656
0.0208	0.00119859	0.0885627
0.0209	0.00120744	0.0884535
0.021	0.00121628	0.088338
0.0211	0.00122511	0.0882162
0.0212	0.00123392	0.088088
0.0213	0.00124273	0.0879535
0.0214	0.00125151	0.0878128
0.0215	0.00126029	0.0876658
0.0216	0.00126905	0.0875124
0.0217	0.00127779	0.0873529
0.0218	0.00128652	0.087187
0.0219	0.00129523	0.087015
0.022	0.00130392	0.0868367
0.0221	0.00131259	0.0866522
0.0222	0.00132125	0.0864615
0.0223	0.00132989	0.0862645
0.0224	0.0013385	0.0860615
0.0225	0.0013471	0.0858522
0.0226	0.00135567	0.0856368
0.0227	0.00136423	0.0854153
0.0228	0.00137276	0.0851876
0.0229	0.00138126	0.0849538
0.023	0.00138975	0.084714
0.0231	0.00139821	0.084468
0.0232	0.00140664	0.084216
0.0233	0.00141505	0.083958
0.0234	0.00142343	0.083694
0.0235	0.00143179	0.0834239
0.0236	0.00144012	0.0831478
0.0237	0.00144842	0.0828658
0.0238	0.00145669	0.0825778
0.0239	0.00146493	0.0822839
0.024	0.00147315	0.0819841
0.0241	0.00148133	0.0816784
0.0242	0.00148948	0.0813668
0.0243	0.0014976	0.0810493
0.0244	0.00150569	0.0807261
0.0245	0.00151375	0.080397
0.0246	0.00152177	0.0800621
0.0247	0.00152976	0.0797215
0.0248	0.00153771	0.0793751
0.0249	0.00154563	0.079023
0.025	0.00155352	0.0786652
0.0251	0.00156137	0.0783017
0.0252	0.00156918	0.0779326
0.0253	0.00157695	0.0775578
0.0254	0.00158469	0.0771775
0.0255	0.00159239	0.0767915
0.0256	0.00160005	0.0764
0.0257	0.00160767	0.076003
0.0258	0.00161525	0.0756005
0.0259	0.00162279	0.0751925
0.026	0.00163029	0.0747791
0.0261	0.00163774	0.0743603
0.0262	0.00164516	0.073936
0.0263	0.00165253	0.0735064
0.0264	0.00165986	0.0730715
0.0265	0.00166715	0.0726312
0.0266	0.00167439	0.0721857
0.0267	0.00168158	0.0717349
0.0268	0.00168873	0.0712789
0.0269	0.00169584	0.0708177
0.027	0.0017029	0.0703514
0.0271	0.00170991	0.0698799
0.0272	0.00171687	0.0694033
0.0273	0.00172379	0.0689217
0.0274	0.00173066	0.068435
0.0275	0.00173748	0.0679433
0.0276	0.00174424	0.0674466
0.0277	0.00175096	0.066945
0.0278	0.00175763	0.0664385
0.0279	0.00176425	0.0659271
0.028	0.00177082	0.0654109
0.0281	0.00177733	0.0648899
0.0282	0.0017838	0.0643641
0.0283	0.00179021	0.0638335
0.0284	0.00179656	0.0632983
0.0285	0.00180287	0.0627584
0.0286	0.00180911	0.0622138
0.0287	0.00181531	0.0616647
0.0288	0.00182145	0.061111
0.0289	0.00182753	0.0605527
0.029	0.00183356	0.05999
0.0291	0.00183953	0.0594228
0.0292	0.00184544	0.0588512
0.0293	0.0018513	0.0582752
0.0294	0.0018571	0.0576949
0.0295	0.00186284	0.0571103
0.0296	0.00186852	0.0565214
0.0297	0.00187414	0.0559283
0.0298	0.0018797	0.055331
0.0299	0.00188521	0.0547295
0.03	0.00189065	0.0541239
0.0301	0.00189603	0.0535143
0.0302	0.00190135	0.0529006
0.0303	0.00190661	0.0522829
0.0304	0.00191181	0.0516613
0.0305	0.00191694	0.0510358
0.0306	0.00192202	0.0504063
0.0307	0.00192703	0.0497731
0.0308	0.00193197	0.0491361
0.0309	0.00193685	0.0484953
0.031	0.00194167	0.0478508
0.0311	0.00194642	0.0472027
0.0312	0.00195111	0.0465509
0.0313	0.00195573	0.0458955
0.0314	0.00196029	0.0452366
0.0315	0.00196478	0.0445743
0.0316	0.0019692	0.0439084
0.0317	0.00197356	0.0432392
0.0318	0.00197785	0.0425666
0.0319	0.00198207	0.0418906
0.032	0.00198623	0.0412114
0.0321	0.00199032	0.040529
0.0322	0.00199434	0.0398433
0.0323	0.00199829	0.0391545
0.0324	0.00200217	0.0384627
0.0325	0.00200598	0.0377677
0.0326	0.00200972	0.0370698
0.0327	0.00201339	0.0363689
0.0328	0.00201699	0.035665
0.0329	0.00202052	0.0349583
0.033	0.00202399	0.0342488
0.0331	0.00202737	0.0335365
0.0332	0.00203069	0.0328214
0.0333	0.00203394	0.0321037
0.0334	0.00203711	0.0313833
0.0335	0.00204022	0.0306603
0.0336	0.00204324	0.0299348
0.0337	0.0020462	0.0292067
0.0338	0.00204909	0.0284762
0.0339	0.0020519	0.0277433
0.034	0.00205463	0.0270081
0.0341	0.0020573	0.0262705
0.0342	0.00205989	0.0255307
0.0343	0.0020624	0.0247886
0.0344	0.00206485	0.0240444
0.0345	0.00206721	0.023298
0.0346	0.00206951	0.0225496
0.0347	0.00207172	0.0217992
0.0348	0.00207387	0.0210467
0.0349	0.00207593	0.0202924
0.035	0.00207792	0.0195362
0.0351	0.00207984	0.0187781
0.0352	0.00208168	0.0180183
0.0353	0.00208344	0.0172567
0.0354	0.00208513	0.0164935
0.0355	0.00208674	0.0157286
0.0356	0.00208828	0.0149622
0.0357	0.00208973	0.0141942
0.0358	0.00209112	0.0134247
0.0359	0.00209242	0.0126538
0.036	0.00209365	0.0118815
0.0361	0.0020948	0.0111079
0.0362	0.00209587	0.010333
0.0363	0.00209686	0.00955684
0.0364	0.00209778	0.00877952
0.0365	0.00209862	0.00800107
0.0366	0.00209938	0.00722153
0.0367	0.00210006	0.00644097
0.0368	0.00210067	0.00565942
0.0369	0.00210119	0.00487694
0.037	0.00210164	0.00409359
0.0371	0.00210201	0.0033094
0.0372	0.0021023	0.00252444
0.0373	0.00210252	0.00173874
0.0374	0.00210265	0.000952375
0.0375	0.00210271	0.000165381
0.0376	0.00210269	-0.000622187
0.0377	0.00210258	-0.00141028
0.0378	0.0021024	-0.00219885
0.0379	0.00210214	-0.00298783
0.038	0.00210181	-0.00377719
0.0381	0.00210139	-0.00456687
0.0382	0.00210089	-0.00535681
0.0383	0.00210032	-0.00614698
0.0384	0.00209966	-0.0069373
0.0385	0.00209893	-0.00772775
0.0386	0.00209812	-0.00851826
0.0387	0.00209723	-0.00930878
0.0388	0.00209626	-0.0100993
0.0389	0.00209521	-0.0108897
0.039	0.00209408	-0.0116799
0.0391	0.00209287	-0.01247
0.0392	0.00209158	-0.0132598
0.0393	0.00209022	-0.0140493
0.0394	0.00208877	-0.0148385
0.0395	0.00208725	-0.0156273
0.0396	0.00208565	-0.0164156
0.0397	0.00208397	-0.0172034
0.0398	0.00208221	-0.0179907
0.0399	0.00208037	-0.0187774
0.04	0.00207845	-0.0195634
0.0401	0.00207646	-0.0203488
0.0402	0.00207438	-0.0211334
0.0403	0.00207223	-0.0219171
0.0404	0.00207	-0.0227001
0.0405	0.00206769	-0.0234821
0.0406	0.0020653	-0.0242631
0.0407	0.00206284	-0.0250432
0.0408	0.00206029	-0.0258222
0.0409	0.00205767	-0.0266001
0.041	0.00205497	-0.0273768
0.0411	0.0020522	-0.0281524
0.0412	0.00204934	-0.0289266
0.0413	0.00204641	-0.0296996
0.0414	0.0020434	-0.0304712
0.0415	0.00204032	-0.0312414
0.0416	0.00203716	-0.0320101
0.0417	0.00203392	-0.0327774
0.0418	0.0020306	-0.033543
0.0419	0.00202721	-0.0343071
0.042	0.00202374	-0.0350695
0.0421	0.00202019	-0.0358302
0.0422	0.00201657	-0.0365892
0.0423	0.00201288	-0.0373463
0.0424	0.0020091	-0.0381016
0.0425	0.00200526	-0.038855
0.0426	0.00200133	-0.0396065
0.0427	0.00199733	-0.0403559
0.0428	0.00199326	-0.0411033
0.0429	0.00198911	-0.0418486
0.043	0.00198489	-0.0425918
0.0431	0.0019806	-0.0433327
0.0432	0.00197623	-0.0440714
0.0433	0.00197178	-0.0448079
0.0434	0.00196726	-0.045542
0.0435	0.00196267	-0.0462737
0.0436	0.00195801	-0.047003
0.0437	0.00195327	-0.0477298
0.0438	0.00194846	-0.0484541
0.0439	0.00194358	-0.0491758
0.044	0.00193863	-0.0498949
0.0441	0.0019336	-0.0506113
0.0442	0.00192851	-0.051325
0.0443	0.00192334	-0.052036
0.0444	0.0019181	-0.0527442
0.0445	0.00191279	-0.0534495
0.0446	0.00190741	-0.0541519
0.0447	0.00190196	-0.0548514
0.0448	0.00189644	-0.0555478
0.0449	0.00189085	-0.0562413
0.045	0.00188519	-0.0569317
0.0451	0.00187946	-0.0576189
0.0452	0.00187367	-0.058303
0.0453	0.0018678	-0.0589839
0.0454	0.00186187	-0.0596615
0.0455	0.00185587	-0.0603359
0.0456	0.0018498	-0.0610069
0.0457	0.00184367	-0.0616745
0.0458	0.00183747	-0.0623387
0.0459	0.0018312	-0.0629994
0.046	0.00182487	-0.0636566
0.0461	0.00181847	-0.0643102
0.0462	0.00181201	-0.0649602
0.0463	0.00180548	-0.0656066
0.0464	0.00179889	-0.0662493
0.0465	0.00179223	-0.0668883
0.0466	0.00178551	-0.0675236
0.0467	0.00177872	-0.068155
0.0468	0.00177188	-0.0687826
0.0469	0.00176497	-0.0694062
0.047	0.001758	-0.070026
0.0471	0.00175096	-0.0706418
0.0472	0.00174387	-0.0712536
0.0473	0.00173671	-0.0718613
0.0474	0.0017295	-0.0724649
0.0475	0.00172222	-0.0730644
0.0476	0.00171488	-0.0736598
0.0477	0.00170749	-0.0742509
0.0478	0.00170003	-0.0748378
0.0479	0.00169252	-0.0754204
0.048	0.00168495	-0.0759987
0.0481	0.00167732	-0.0765727
0.0482	0.00166963	-0.0771422
0.0483	0.00166189	-0.0777073
0.0484	0.00165409	-0.078268
0.0485	0.00164624	-0.0788241
0.0486	0.00163833	-0.0793757
0.0487	0.00163036	-0.0799228
0.0488	0.00162234	-0.0804652
0.0489	0.00161427	-0.081003
0.049	0.00160614	-0.0815361
0.0491	0.00159796	-0.0820644
0.0492	0.00158973	-0.0825881
0.0493	0.00158145	-0.0831069
0.0494	0.00157311	-0.0836209
0.0495	0.00156472	-0.0841301
0.0496	0.00155628	-0.0846344
0.0497	0.0015478	-0.0851337
0.0498	0.00153926	-0.0856282
0.0499	0.00153067	-0.0861176
0.05	0.00152203	-0.086602
0.0501	0.00151335	-0.0870814
0.0502	0.00150462	-0.0875557
0.0503	0.00149584	-0.0880249
0.0504	0.00148701	-0.088489
0.0505	0.00147814	-0.0889478
0.0506	0.00146922	-0.0894015
0.0507	0.00146026	-0.08985
0.0508	0.00145125	-0.0902932
0.0509	0.0014422	-0.0907311
0.051	0.00143311	-0.0911637
0.0511	0.00142397	-0.091591
0.0512	0.00141479	-0.0920129
0.0513	0.00140557	-0.0924294
0.0514	0.0013963	-0.0928405
0.0515	0.001387	-0.0932461
0.0516	0.00137766	-0.0936462
0.0517	0.00136827	-0.0940409
0.0518	0.00135885	-0.09443
0.0519	0.00134939	-0.0948135
0.052	0.00133988	-0.0951915
0.0521	0.00133035	-0.0955639
0.0522	0.00132077	-0.0959306
0.0523	0.00131116	-0.0962917
0.0524	0.00130151	-0.0966471
0.0525	0.00129183	-0.0969968
0.0526	0.00128211	-0.0973408
0.0527	0.00127236	-0.097679
0.0528	0.00126258	-0.0980115
0.0529	0.00125276	-0.0983382
0.053	0.00124291	-0.0986591
0.0531	0.00123303	-0.0989741
0.0532	0.00122312	-0.0992833
0.0533	0.00121317	-0.0995866
0.0534	0.0012032	-0.099884
0.0535	0.0011932	-0.100176
0.0536	0.00118317	-0.100461
0.0537	0.00117311	-0.100741
0.0538	0.00116302	-0.101014
0.0539	0.0011529	-0.101282
0.054	0.00114276	-0.101544
0.0541	0.00113259	-0.101799
0.0542	0.0011224	-0.102049
0.0543	0.00111218	-0.102293
0.0544	0.00110194	-0.10253
0.0545	0.00109168	-0.102761
0.0546	0.00108139	-0.102987
0.0547	0.00107108	-0.103206
0.0548	0.00106075	-0.103419
0.0549	0.0010504	-0.103626
0.055	0.00104003	-0.103827
0.0551	0.00102963	-0.104021
0.0552	0.00101922	-0.10421
0.0553	0.00100879	-0.104392
0.0554	0.000998343	-0.104568
0.0555	0.000987878	-0.104738
0.0556	0.000977396	-0.104901
0.0557	0.000966898	-0.105058
0.0558	0.000956384	-0.105209
0.0559	0.000945856	-0.105354
0.056	0.000935313	-0.105493
0.0561	0.000924758	-0.105625
0.0562	0.000914189	-0.105751
0.0563	0.000903608	-0.10587
0.0564	0.000893015	-0.105984
0.0565	0.000882411	-0.106091
0.0566	0.000871797	-0.106191
0.0567	0.000861173	-0.106286
0.0568	0.00085054	-0.106374
0.0569	0.000839899	-0.106455
0.057	0.000829249	-0.106531
0.0571	0.000818593	-0.1066
0.0572	0.000807929	-0.106662
0.0573	0.00079726	-0.106718
0.0574	0.000786586	-0.106768
0.0575	0.000775907	-0.106812
0.0576	0.000765224	-0.106849
0.0577	0.000754537	-0.10688
0.0578	0.000743848	-0.106904
0.0579	0.000733157	-0.106922
0.058	0.000722464	-0.106933
0.0581	0.00071177	-0.106939
0.0582	0.000701076	-0.106937
0.0583	0.000690383	-0.10693
0.0584	0.000679691	-0.106916
0.0585	0.000669	-0.106896
0.0586	0.000658312	-0.106869
0.0587	0.000647626	-0.106836
0.0588	0.000636945	-0.106796
0.0589	0.000626267	-0.10675
0.059	0.000615595	-0.106698
0.0591	0.000604928	-0.10664
0.0592	0.000594267	-0.106575
0.0593	0.000583613	-0.106503
0.0594	0.000572967	-0.106425
0.0595	0.000562328	-0.106341
0.0596	0.000551699	-0.106251
0.0597	0.000541078	-0.106154
0.0598	0.000530468	-0.106051
0.0599	0.000519868	-0.105942
0.06	0.00050928	-0.105826
0.0601	0.000498704	-0.105704
0.0602	0.00048814	-0.105575
0.0603	0.000477589	-0.10544
0.0604	0.000467052	-0.105299
0.0605	0.000456529	-0.105152
0.0606	0.000446022	-0.104998
0.0607	0.00043553	-0.104838
0.0608	0.000425054	-0.104672
0.0609	0.000414595	-0.1045
0.061	0.000404154	-0.104321
0.0611	0.000393731	-0.104136
0.0612	0.000383327	-0.103945
0.0613	0.000372942	-0.103748
0.0614	0.000362578	-0.103544
0.0615	0.000352234	-0.103335
0.0616	0.000341911	-0.103119
0.0617	0.00033161	-0.102897
0.0618	0.000321332	-0.102669
0.0619	0.000311077	-0.102434
0.062	0.000300845	-0.102194
0.0621	0.000290638	-0.101947
0.0622	0.000280456	-0.101695
0.0623	0.000270299	-0.101436
0.0624	0.000260169	-0.101171
0.0625	0.000250065	-0.100901
0.0626	0.000239989	-0.100624
0.0627	0.000229941	-0.100341
0.0628	0.000219921	-0.100052
0.0629	0.00020993	-0.0997577
0.063	0.00019997	-0.099457
0.0631	0.000190039	-0.0991504
0.0632	0.00018014	-0.0988379
0.0633	0.000170272	-0.0985195
0.0634	0.000160436	-0.0981952
0.0635	0.000150633	-0.0978651
0.0636	0.000140863	-0.0975292
0.0637	0.000131127	-0.0971874
0.0638	0.000121426	-0.0968399
0.0639	0.000111759	-0.0964865
0.064	0.000102129	-0.0961275
0.0641	9.25341e-005	-0.0957627
0.0642	8.29763e-005	-0.0953922
0.0643	7.34559e-005	-0.0950161
0.0644	6.39733e-005	-0.0946343
0.0645	5.45292e-005	-0.0942468
0.0646	4.51241e-005	-0.0938538
0.0647	3.57586e-005	-0.0934552
0.0648	2.64333e-005	-0.0930511
0.0649	1.71486e-005	-0.0926414
0.065	7.90519e-006	-0.0922262
0.0651	-1.29644e-006	-0.0918055
0.0652	-1.04557e-005	-0.0913794
0.0653	-1.95721e-005	-0.0909479
0.0654	-2.86451e-005	-0.0905109
0.0655	-3.76741e-005	-0.0900686
0.0656	-4.66587e-005	-0.089621
0.0657	-5.55982e-005	-0.0891681
0.0658	-6.44921e-005	-0.0887098
0.0659	-7.334e-005	-0.0882464
0.066	-8.21412e-005	-0.0877777
0.0661	-9.08953e-005	-0.0873038
0.0662	-9.96018e-005	-0.0868247
0.0663	-0.00010826	-0.0863405
0.0664	-0.00011687	-0.0858512
0.0665	-0.00012543	-0.0853568
0.0666	-0.000133941	-0.0848574
0.0667	-0.000142401	-0.084353
0.0668	-0.000150811	-0.0838436
0.0669	-0.00015917	-0.0833292
0.067	-0.000167477	-0.0828099
0.0671	-0.000175732	-0.0822858
0.0672	-0.000183934	-0.0817568
0.0673	-0.000192083	-0.081223
0.0674	-0.000200178	-0.0806844
0.0675	-0.00020822	-0.080141
0.0676	-0.000216206	-0.079593
0.0677	-0.000224138	-0.0790403
0.0678	-0.000232014	-0.0784829
0.0679	-0.000239835	-0.0779209
0.068	-0.000247598	-0.0773544
0.0681	-0.000255305	-0.0767833
0.0682	-0.000262955	-0.0762077
0.0683	-0.000270547	-0.0756276
0.0684	-0.00027808	-0.0750432
0.0685	-0.000285555	-0.0744543
0.0686	-0.000292971	-0.0738611
0.0687	-0.000300327	-0.0732635
0.0688	-0.000307624	-0.0726617
0.0689	-0.000314859	-0.0720557
0.069	-0.000322035	-0.0714454
0.0691	-0.000329148	-0.070831
0.0692	-0.000336201	-0.0702125
0.0693	-0.000343191	-0.0695898
0.0694	-0.000350118	-0.0689632
0.0695	-0.000356983	-0.0683325
0.0696	-0.000363785	-0.0676979
0.0697	-0.000370523	-0.0670593
0.0698	-0.000377197	-0.0664169
0.0699	-0.000383806	-0.0657706
0.07	-0.000390351	-0.0651205
0.0701	-0.00039683	-0.0644666
0.0702	-0.000403244	-0.0638091
0.0703	-0.000409592	-0.0631478
0.0704	-0.000415873	-0.0624829
0.0705	-0.000422088	-0.0618144
0.0706	-0.000428236	-0.0611424
0.0707	-0.000434316	-0.0604669
0.0708	-0.000440329	-0.0597878
0.0709	-0.000446274	-0.0591054
0.071	-0.00045215	-0.0584196
0.0711	-0.000457958	-0.0577305
0.0712	-0.000463696	-0.057038
0.0713	-0.000469365	-0.0563423
0.0714	-0.000474965	-0.0556434
0.0715	-0.000480494	-0.0549414
0.0716	-0.000485953	-0.0542362
0.0717	-0.000491341	-0.0535279
0.0718	-0.000496658	-0.0528167
0.0719	-0.000501904	-0.0521024
0.072	-0.000507079	-0.0513852
0.0721	-0.000512181	-0.0506652
0.0722	-0.000517212	-0.0499422
0.0723	-0.000522169	-0.0492165
0.0724	-0.000527055	-0.048488
0.0725	-0.000531867	-0.0477569
0.0726	-0.000536606	-0.047023
0.0727	-0.000541272	-0.0462866
0.0728	-0.000545863	-0.0455475
0.0729	-0.000550381	-0.044806
0.073	-0.000554824	-0.044062
0.0731	-0.000559193	-0.0433155
0.0732	-0.000563487	-0.0425667
0.0733	-0.000567707	-0.0418156
0.0734	-0.00057185	-0.0410621
0.0735	-0.000575919	-0.0403065
0.0736	-0.000579912	-0.0395486
0.0737	-0.000583829	-0.0387886
0.0738	-0.000587669	-0.0380265
0.0739	-0.000591434	-0.0372624
0.074	-0.000595122	-0.0364963
0.0741	-0.000598733	-0.0357282
0.0742	-0.000602267	-0.0349582
0.0743	-0.000605725	-0.0341864
0.0744	-0.000609104	-0.0334128
0.0745	-0.000612407	-0.0326374
0.0746	-0.000615632	-0.0318604
0.0747	-0.000618779	-0.0310816
0.0748	-0.000621848	-0.0303013
0.0749	-0.000624839	-0.0295195
0.075	-0.000627752	-0.0287361
0.0751	-0.000630586	-0.0279513
0.0752	-0.000633342	-0.027165
0.0753	-0.000636019	-0.0263774
0.0754	-0.000638618	-0.0255886
0.0755	-0.000641137	-0.0247984
0.0756	-0.000643577	-0.0240071
0.0757	-0.000645938	-0.0232146
0.0758	-0.00064822	-0.022421
0.0759	-0.000650423	-0.0216263
0.076	-0.000652545	-0.0208307
0.0761	-0.000654589	-0.0200341
0.0762	-0.000656552	-0.0192366
0.0763	-0.000658436	-0.0184383
0.0764	-0.00066024	-0.0176391
0.0765	-0.000661964	-0.0168392
0.0766	-0.000663608	-0.0160386
0.0767	-0.000665171	-0.0152374
0.0768	-0.000666655	-0.0144355
0.0769	-0.000668059	-0.0136332
0.077	-0.000669382	-0.0128303
0.0771	-0.000670625	-0.012027
0.0772	-0.000671787	-0.0112233
0.0773	-0.000672869	-0.0104192
0.0774	-0.000673871	-0.00961488
0.0775	-0.000674792	-0.0088103
0.0776	-0.000675633	-0.00800554
0.0777	-0.000676393	-0.00720064
0.0778	-0.000677073	-0.00639566
0.0779	-0.000677672	-0.00559064
0.078	-0.000678191	-0.00478564
0.0781	-0.00067863	-0.00398071
0.0782	-0.000678987	-0.0031759
0.0783	-0.000679265	-0.00237125
0.0784	-0.000679462	-0.00156683
0.0785	-0.000679578	-0.000762687
0.0786	-0.000679614	4.1136e-005
0.0787	-0.00067957	0.000844584
0.0788	-0.000679445	0.00164761
0.0789	-0.00067924	0.00245015
0.079	-0.000678955	0.00325217
0.0791	-0.00067859	0.0040536
0.0792	-0.000678145	0.00485441
0.0793	-0.000677619	0.00565454
0.0794	-0.000677014	0.00645393
0.0795	-0.000676328	0.00725255
0.0796	-0.000675563	0.00805033
0.0797	-0.000674718	0.00884722
0.0798	-0.000673794	0.00964318
0.0799	-0.00067279	0.0104382
0.08	-0.000671706	0.0112321
0.0801	-0.000670543	0.012025
0.0802	-0.000669301	0.0128167
0.0803	-0.00066798	0.0136072
0.0804	-0.00066658	0.0143965
0.0805	-0.000665101	0.0151845
0.0806	-0.000663543	0.0159712
0.0807	-0.000661907	0.0167565
0.0808	-0.000660192	0.0175403
0.0809	-0.000658399	0.0183227
0.081	-0.000656527	0.0191035
0.0811	-0.000654578	0.0198827
0.0812	-0.000652551	0.0206603
0.0813	-0.000650446	0.0214362
0.0814	-0.000648264	0.0222104
0.0815	-0.000646004	0.0229828
0.0816	-0.000643667	0.0237534
0.0817	-0.000641253	0.0245221
0.0818	-0.000638763	0.0252888
0.0819	-0.000636196	0.0260536
0.082	-0.000633552	0.0268163
0.0821	-0.000630832	0.027577
0.0822	-0.000628037	0.0283355
0.0823	-0.000625165	0.0290919
0.0824	-0.000622218	0.0298461
0.0825	-0.000619196	0.0305979
0.0826	-0.000616099	0.0313475
0.0827	-0.000612927	0.0320947
0.0828	-0.00060968	0.0328395
0.0829	-0.000606359	0.0335818
0.083	-0.000602964	0.0343217
0.0831	-0.000599495	0.0350589
0.0832	-0.000595952	0.0357936
0.0833	-0.000592336	0.0365256
0.0834	-0.000588647	0.037255
0.0835	-0.000584885	0.0379816
0.0836	-0.000581051	0.0387054
0.0837	-0.000577144	0.0394264
0.0838	-0.000573166	0.0401445
0.0839	-0.000569115	0.0408597
0.084	-0.000564994	0.0415719
0.0841	-0.000560801	0.0422811
0.0842	-0.000556538	0.0429872
0.0843	-0.000552204	0.0436902
0.0844	-0.0005478	0.0443901
0.0845	-0.000543326	0.0450868
0.0846	-0.000538783	0.0457803
0.0847	-0.00053417	0.0464705
0.0848	-0.000529489	0.0471573
0.0849	-0.000524739	0.0478408
0.085	-0.000519921	0.0485209
0.0851	-0.000515035	0.0491975
0.0852	-0.000510081	0.0498706
0.0853	-0.000505061	0.0505402
0.0854	-0.000499973	0.0512062
0.0855	-0.000494819	0.0518686
0.0856	-0.0004896	0.0525273
0.0857	-0.000484314	0.0531823
0.0858	-0.000478963	0.0538336
0.0859	-0.000473547	0.054481
0.086	-0.000468067	0.0551247
0.0861	-0.000462523	0.0557644
0.0862	-0.000456914	0.0564003
0.0863	-0.000451243	0.0570321
0.0864	-0.000445508	0.05766
0.0865	-0.000439711	0.0582839
0.0866	-0.000433851	0.0589037
0.0867	-0.00042793	0.0595193
0.0868	-0.000421948	0.0601309
0.0869	-0.000415904	0.0607382
0.087	-0.0004098	0.0613413
0.0871	-0.000403636	0.0619401
0.0872	-0.000397412	0.0625346
0.0873	-0.000391129	0.0631248
0.0874	-0.000384788	0.0637106
0.0875	-0.000378387	0.064292
0.0876	-0.000371929	0.0648689
0.0877	-0.000365414	0.0654413
0.0878	-0.000358841	0.0660092
0.0879	-0.000352212	0.0665726
0.088	-0.000345527	0.0671313
0.0881	-0.000338786	0.0676854
0.0882	-0.00033199	0.0682349
0.0883	-0.000325139	0.0687796
0.0884	-0.000318234	0.0693196
0.0885	-0.000311275	0.0698548
0.0886	-0.000304263	0.0703852
0.0887	-0.000297199	0.0709108
0.0888	-0.000290081	0.0714315
0.0889	-0.000282912	0.0719472
0.089	-0.000275692	0.0724581
0.0891	-0.000268421	0.072964
0.0892	-0.000261099	0.0734648
0.0893	-0.000253728	0.0739607
0.0894	-0.000246307	0.0744514
0.0895	-0.000238838	0.0749371
0.0896	-0.00023132	0.0754176
0.0897	-0.000223755	0.075893
0.0898	-0.000216142	0.0763632
0.0899	-0.000208482	0.0768282
0.09	-0.000200776	0.0772879
0.0901	-0.000193025	0.0777423
0.0902	-0.000185228	0.0781914
0.0903	-0.000177387	0.0786352
0.0904	-0.000169501	0.0790737
0.0905	-0.000161572	0.0795067
0.0906	-0.0001536	0.0799343
0.0907	-0.000145585	0.0803565
0.0908	-0.000137529	0.0807732
0.0909	-0.000129431	0.0811844
0.091	-0.000121292	0.0815901
0.0911	-0.000113113	0.0819902
0.0912	-0.000104894	0.0823848
0.0913	-9.66364e-005	0.0827737
0.0914	-8.83398e-005	0.0831571
0.0915	-8.00052e-005	0.0835347
0.0916	-7.16331e-005	0.0839067
0.0917	-6.3224e-005	0.0842731
0.0918	-5.47786e-005	0.0846336
0.0919	-4.62975e-005	0.0849885
0.092	-3.77811e-005	0.0853376
0.0921	-2.92302e-005	0.0856809
0.0922	-2.06452e-005	0.0860184
0.0923	-1.20267e-005	0.08635
0.0924	-3.37535e-006	0.0866758
0.0925	5.30828e-006	0.0869958
0.0926	1.40236e-005	0.0873098
0.0927	2.277e-005	0.0876179
0.0928	3.1547e-005	0.0879201
0.0929	4.03539e-005	0.0882164
0.093	4.91901e-005	0.0885067
0.0931	5.8055e-005	0.088791
0.0932	6.69481e-005	0.0890693
0.0933	7.58687e-005	0.0893415
0.0934	8.48162e-005	0.0896078
0.0935	9.379e-005	0.0898679
0.0936	0.00010279	0.0901221
0.0937	0.000111814	0.0903701
0.0938	0.000120863	0.090612
0.0939	0.000129936	0.0908478
0.094	0.000139033	0.0910774
0.0941	0.000148152	0.091301
0.0942	0.000157293	0.0915183
0.0943	0.000166455	0.0917295
0.0944	0.000175638	0.0919345
0.0945	0.000184842	0.0921333
0.0946	0.000194065	0.0923258
0.0947	0.000203307	0.0925122
0.0948	0.000212567	0.0926923
0.0949	0.000221845	0.0928662
0.095	0.00023114	0.0930338
0.0951	0.000240452	0.0931951
0.0952	0.000249779	0.0933502
0.0953	0.000259121	0.0934989
0.0954	0.000268478	0.0936414
0.0955	0.000277849	0.0937775
0.0956	0.000287234	0.0939074
0.0957	0.000296631	0.0940309
0.0958	0.00030604	0.0941481
0.0959	0.00031546	0.0942589
0.096	0.000324891	0.0943635
0.0961	0.000334333	0.0944616
0.0962	0.000343783	0.0945534
0.0963	0.000353243	0.0946388
0.0964	0.000362711	0.0947179
0.0965	0.000372186	0.0947906
0.0966	0.000381669	0.0948569
0.0967	0.000391158	0.0949168
0.0968	0.000400652	0.0949704
0.0969	0.000410152	0.0950175
0.097	0.000419655	0.0950583
0.0971	0.000429163	0.0950927
0.0972	0.000438674	0.0951207
0.0973	0.000448187	0.0951422
0.0974	0.000457702	0.0951574
0.0975	0.000467218	0.0951662
0.0976	0.000476735	0.0951686
0.0977	0.000486252	0.0951646
0.0978	0.000495768	0.0951542
0.0979	0.000505282	0.0951374
0.098	0.000514795	0.0951142
0.0981	0.000524305	0.0950846
0.0982	0.000533812	0.0950486
0.0983	0.000543314	0.0950063
0.0984	0.000552813	0.0949575
0.0985	0.000562306	0.0949024
0.0986	0.000571793	0.0948408
0.0987	0.000581274	0.094773
0.0988	0.000590747	0.0946987
0.0989	0.000600213	0.0946181
0.099	0.000609671	0.0945311
0.0991	0.000619119	0.0944378
0.0992	0.000628558	0.0943381
0.0993	0.000637987	0.094232
0.0994	0.000647404	0.0941197
0.0995	0.00065681	0.094001
0.0996	0.000666204	0.093876
0.0997	0.000675585	0.0937447
0.0998	0.000684953	0.0936071
0.0999	0.000694307	0.0934632
0.1	0.000703645	0.093313
0.1001	0.000712969	0.0931566
0.1002	0.000722277	0.0929938
0.1003	0.000731567	0.0928249
0.1004	0.000740841	0.0926497
0.1005	0.000750097	0.0924682
0.1006	0.000759335	0.0922806
0.1007	0.000768553	0.0920867
0.1008	0.000777752	0.0918867
0.1009	0.00078693	0.0916804
0.101	0.000796088	0.0914681
0.1011	0.000805224	0.0912495
0.1012	0.000814337	0.0910248
0.1013	0.000823428	0.090794
0.1014	0.000832496	0.0905571
0.1015	0.00084154	0.0903141
0.1016	0.000850559	0.0900651
0.1017	0.000859552	0.0898099
0.1018	0.00086852	0.0895487
0.1019	0.000877462	0.0892815
0.102	0.000886377	0.0890083
0.1021	0.000895263	0.0887291
0.1022	0.000904122	0.088444
0.1023	0.000912952	0.0881528
0.1024	0.000921753	0.0878558
0.1025	0.000930523	0.0875528
0.1026	0.000939263	0.0872439
0.1027	0.000947972	0.0869292
0.1028	0.000956649	0.0866086
0.1029	0.000965293	0.0862821
0.103	0.000973905	0.0859499
0.1031	0.000982483	0.0856118
0.1032	0.000991027	0.085268
0.1033	0.000999536	0.0849184
0.1034	0.00100801	0.0845632
0.1035	0.00101645	0.0842022
0.1036	0.00102485	0.0838355
0.1037	0.00103322	0.0834632
0.1038	0.00104154	0.0830852
0.1039	0.00104983	0.0827017
0.104	0.00105808	0.0823125
0.1041	0.00106629	0.0819178
0.1042	0.00107447	0.0815176
0.1043	0.0010826	0.0811119
0.1044	0.00109069	0.0807007
0.1045	0.00109874	0.080284
0.1046	0.00110675	0.0798619
0.1047	0.00111471	0.0794344
0.1048	0.00112263	0.0790016
0.1049	0.00113051	0.0785634
0.105	0.00113834	0.0781199
0.1051	0.00114613	0.0776711
0.1052	0.00115388	0.077217
0.1053	0.00116158	0.0767577
0.1054	0.00116923	0.0762933
0.1055	0.00117684	0.0758236
0.1056	0.00118439	0.0753488
0.1057	0.00119191	0.074869
0.1058	0.00119937	0.074384
0.1059	0.00120678	0.073894
0.106	0.00121415	0.073399
0.1061	0.00122146	0.072899
0.1062	0.00122873	0.072394
0.1063	0.00123594	0.0718842
0.1064	0.0012431	0.0713695
0.1065	0.00125021	0.0708499
0.1066	0.00125727	0.0703255
0.1067	0.00126428	0.0697963
0.1068	0.00127123	0.0692623
0.1069	0.00127813	0.0687237
0.107	0.00128498	0.0681804
0.1071	0.00129177	0.0676324
0.1072	0.0012985	0.0670798
0.1073	0.00130518	0.0665227
0.1074	0.00131181	0.065961
0.1075	0.00131838	0.0653948
0.1076	0.00132489	0.0648242
0.1077	0.00133134	0.0642491
0.1078	0.00133774	0.0636697
0.1079	0.00134407	0.0630858
0.108	0.00135035	0.0624977
0.1081	0.00135657	0.0619053
0.1082	0.00136273	0.0613087
0.1083	0.00136883	0.0607078
0.1084	0.00137488	0.0601028
0.1085	0.00138086	0.0594937
0.1086	0.00138677	0.0588805
0.1087	0.00139263	0.0582632
0.1088	0.00139843	0.057642
0.1089	0.00140416	0.0570168
0.109	0.00140983	0.0563876
0.1091	0.00141544	0.0557546
0.1092	0.00142098	0.0551177
0.1093	0.00142646	0.0544771
0.1094	0.00143188	0.0538326
0.1095	0.00143723	0.0531845
0.1096	0.00144251	0.0525327
0.1097	0.00144773	0.0518772
0.1098	0.00145289	0.0512181
0.1099	0.00145798	0.0505555
0.11	0.001463	0.0498894
0.1101	0.00146795	0.0492199
0.1102	0.00147284	0.0485469
0.1103	0.00147766	0.0478705
0.1104	0.00148242	0.0471908
0.1105	0.0014871	0.0465078
0.1106	0.00149172	0.0458216
0.1107	0.00149627	0.0451321
0.1108	0.00150074	0.0444395
0.1109	0.00150515	0.0437438
0.111	0.00150949	0.043045
0.1111	0.00151376	0.0423432
0.1112	0.00151796	0.0416385
0.1113	0.00152209	0.0409307
0.1114	0.00152615	0.0402201
0.1115	0.00153013	0.0395067
0.1116	0.00153405	0.0387905
0.1117	0.00153789	0.0380715
0.1118	0.00154166	0.0373498
0.1119	0.00154536	0.0366254
0.112	0.00154899	0.0358985
0.1121	0.00155254	0.0351689
0.1122	0.00155602	0.0344369
0.1123	0.00155943	0.0337024
0.1124	0.00156276	0.0329655
0.1125	0.00156602	0.0322262
0.1126	0.00156921	0.0314845
0.1127	0.00157232	0.0307406
0.1128	0.00157536	0.0299945
0.1129	0.00157832	0.0292462
0.113	0.0015812	0.0284957
0.1131	0.00158402	0.0277432
0.1132	0.00158675	0.0269886
0.1133	0.00158941	0.026232
0.1134	0.001592	0.0254735
0.1135	0.00159451	0.0247131
0.1136	0.00159694	0.0239508
0.1137	0.0015993	0.0231868
0.1138	0.00160158	0.022421
0.1139	0.00160378	0.0216535
0.114	0.00160591	0.0208844
0.1141	0.00160796	0.0201136
0.1142	0.00160993	0.0193414
0.1143	0.00161183	0.0185676
0.1144	0.00161365	0.0177924
0.1145	0.00161539	0.0170157
0.1146	0.00161705	0.0162378
0.1147	0.00161863	0.0154585
0.1148	0.00162014	0.014678
0.1149	0.00162157	0.0138963
0.115	0.00162292	0.0131134
0.1151	0.00162419	0.0123294
0.1152	0.00162539	0.0115444
0.1153	0.0016265	0.0107584
0.1154	0.00162754	0.00997148
0.1155	0.0016285	0.00918364
0.1156	0.00162937	0.00839496
0.1157	0.00163017	0.00760548
0.1158	0.0016309	0.00681525
0.1159	0.00163154	0.00602434
0.116	0.0016321	0.00523278
0.1161	0.00163258	0.00444064
0.1162	0.00163299	0.00364795
0.1163	0.00163331	0.00285478
0.1164	0.00163356	0.00206117
0.1165	0.00163373	0.00126717
0.1166	0.00163381	0.000472837
0.1167	0.00163382	-0.000321779
0.1168	0.00163375	-0.00111663
0.1169	0.0016336	-0.00191166
0.117	0.00163337	-0.00270682
0.1171	0.00163306	-0.00350206
0.1172	0.00163267	-0.00429733
0.1173	0.0016322	-0.00509258
0.1174	0.00163165	-0.00588775
0.1175	0.00163102	-0.00668279
0.1176	0.00163031	-0.00747767
0.1177	0.00162952	-0.00827231
0.1178	0.00162866	-0.00906667
0.1179	0.00162771	-0.00986071
0.118	0.00162668	-0.0106544
0.1181	0.00162558	-0.0114476
0.1182	0.00162439	-0.0122403
0.1183	0.00162313	-0.0130325
0.1184	0.00162179	-0.0138242
0.1185	0.00162037	-0.0146151
0.1186	0.00161886	-0.0154054
0.1187	0.00161728	-0.016195
0.1188	0.00161563	-0.0169838
0.1189	0.00161389	-0.0177717
0.119	0.00161207	-0.0185588
0.1191	0.00161018	-0.0193449
0.1192	0.0016082	-0.02013
0.1193	0.00160615	-0.0209141
0.1194	0.00160402	-0.021697
0.1195	0.00160181	-0.0224789
0.1196	0.00159952	-0.0232595
0.1197	0.00159716	-0.0240389
0.1198	0.00159472	-0.024817
0.1199	0.0015922	-0.0255938
0.12	0.0015896	-0.0263692
0.1201	0.00158692	-0.0271431
0.1202	0.00158417	-0.0279156
0.1203	0.00158134	-0.0286865
0.1204	0.00157843	-0.0294558
0.1205	0.00157545	-0.0302234
0.1206	0.00157239	-0.0309894
0.1207	0.00156925	-0.0317537
0.1208	0.00156604	-0.0325161
0.1209	0.00156275	-0.0332767
0.121	0.00155938	-0.0340355
0.1211	0.00155594	-0.0347922
0.1212	0.00155242	-0.035547
0.1213	0.00154883	-0.0362998
0.1214	0.00154516	-0.0370505
0.1215	0.00154142	-0.0377991
0.1216	0.0015376	-0.0385455
0.1217	0.00153371	-0.0392896
0.1218	0.00152975	-0.0400315
0.1219	0.00152571	-0.0407711
0.122	0.00152159	-0.0415083
0.1221	0.0015174	-0.042243
0.1222	0.00151314	-0.0429754
0.1223	0.00150881	-0.0437052
0.1224	0.0015044	-0.0444324
0.1225	0.00149992	-0.045157
0.1226	0.00149537	-0.045879
0.1227	0.00149075	-0.0465983
0.1228	0.00148605	-0.0473149
0.1229	0.00148128	-0.0480286
0.123	0.00147645	-0.0487396
0.1231	0.00147154	-0.0494476
0.1232	0.00146656	-0.0501527
0.1233	0.00146151	-0.0508549
0.1234	0.00145639	-0.051554
0.1235	0.00145119	-0.0522501
0.1236	0.00144594	-0.052943
0.1237	0.00144061	-0.0536328
0.1238	0.00143521	-0.0543194
0.1239	0.00142974	-0.0550028
0.124	0.00142421	-0.0556829
0.1241	0.00141861	-0.0563596
0.1242	0.00141294	-0.057033
0.1243	0.0014072	-0.057703
0.1244	0.0014014	-0.0583695
0.1245	0.00139553	-0.0590325
0.1246	0.00138959	-0.059692
0.1247	0.00138359	-0.0603479
0.1248	0.00137752	-0.0610001
0.1249	0.00137139	-0.0616487
0.125	0.00136519	-0.0622935
0.1251	0.00135893	-0.0629347
0.1252	0.0013526	-0.063572
0.1253	0.00134621	-0.0642055
0.1254	0.00133976	-0.0648351
0.1255	0.00133325	-0.0654608
0.1256	0.00132667	-0.0660825
0.1257	0.00132003	-0.0667002
0.1258	0.00131333	-0.0673139
0.1259	0.00130657	-0.0679235
0.126	0.00129975	-0.068529
0.1261	0.00129286	-0.0691304
0.1262	0.00128592	-0.0697275
0.1263	0.00127892	-0.0703205
0.1264	0.00127186	-0.0709091
0.1265	0.00126474	-0.0714935
0.1266	0.00125756	-0.0720735
0.1267	0.00125032	-0.0726491
0.1268	0.00124303	-0.0732203
0.1269	0.00123568	-0.073787
0.127	0.00122827	-0.0743492
0.1271	0.00122081	-0.074907
0.1272	0.00121329	-0.0754601
0.1273	0.00120572	-0.0760087
0.1274	0.00119809	-0.0765526
0.1275	0.00119041	-0.0770918
0.1276	0.00118267	-0.0776263
0.1277	0.00117488	-0.0781561
0.1278	0.00116704	-0.0786811
0.1279	0.00115914	-0.0792013
0.128	0.0011512	-0.0797167
0.1281	0.0011432	-0.0802272
0.1282	0.00113515	-0.0807328
0.1283	0.00112706	-0.0812334
0.1284	0.00111891	-0.0817291
0.1285	0.00111071	-0.0822197
0.1286	0.00110246	-0.0827053
0.1287	0.00109417	-0.0831859
0.1288	0.00108583	-0.0836614
0.1289	0.00107744	-0.0841317
0.129	0.001069	-0.0845968
0.1291	0.00106052	-0.0850568
0.1292	0.00105199	-0.0855116
0.1293	0.00104342	-0.0859611
0.1294	0.0010348	-0.0864053
0.1295	0.00102613	-0.0868442
0.1296	0.00101743	-0.0872778
0.1297	0.00100868	-0.087706
0.1298	0.000999887	-0.0881288
0.1299	0.000991053	-0.0885463
0.13	0.000982178	-0.0889582
0.1301	0.000973262	-0.0893647
0.1302	0.000964305	-0.0897657
0.1303	0.000955309	-0.0901612
0.1304	0.000946273	-0.0905511
0.1305	0.000937199	-0.0909355
0.1306	0.000928086	-0.0913142
0.1307	0.000918936	-0.0916873
0.1308	0.000909749	-0.0920548
0.1309	0.000900525	-0.0924166
0.131	0.000891266	-0.0927727
0.1311	0.000881971	-0.0931231
0.1312	0.000872641	-0.0934678
0.1313	0.000863278	-0.0938067
0.1314	0.00085388	-0.0941398
0.1315	0.00084445	-0.0944671
0.1316	0.000834987	-0.0947885
0.1317	0.000825492	-0.0951041
0.1318	0.000815966	-0.0954139
0.1319	0.00080641	-0.0957178
0.132	0.000796823	-0.0960157
0.1321	0.000787207	-0.0963077
0.1322	0.000777562	-0.0965938
0.1323	0.000767888	-0.0968739
0.1324	0.000758187	-0.0971481
0.1325	0.000748459	-0.0974162
0.1326	0.000738704	-0.0976783
0.1327	0.000728923	-0.0979344
0.1328	0.000719117	-0.0981844
0.1329	0.000709287	-0.0984284
0.133	0.000699432	-0.0986662
0.1331	0.000689554	-0.098898
0.1332	0.000679652	-0.0991237
0.1333	0.000669729	-0.0993432
0.1334	0.000659784	-0.0995566
0.1335	0.000649818	-0.0997638
0.1336	0.000639832	-0.0999649
0.1337	0.000629825	-0.10016
0.1338	0.0006198	-0.100348
0.1339	0.000609756	-0.100531
0.134	0.000599694	-0.100707
0.1341	0.000589615	-0.100877
0.1342	0.000579519	-0.101041
0.1343	0.000569407	-0.101198
0.1344	0.000559279	-0.10135
0.1345	0.000549137	-0.101495
0.1346	0.00053898	-0.101633
0.1347	0.00052881	-0.101766
0.1348	0.000518627	-0.101892
0.1349	0.000508432	-0.102012
0.135	0.000498225	-0.102125
0.1351	0.000488007	-0.102232
0.1352	0.000477779	-0.102333
0.1353	0.000467541	-0.102428
0.1354	0.000457294	-0.102516
0.1355	0.000447038	-0.102597
0.1356	0.000436775	-0.102673
0.1357	0.000426504	-0.102742
0.1358	0.000416226	-0.102805
0.1359	0.000405943	-0.102861
0.136	0.000395654	-0.102911
0.1361	0.000385361	-0.102954
0.1362	0.000375064	-0.102992
0.1363	0.000364763	-0.103022
0.1364	0.000354459	-0.103047
0.1365	0.000344154	-0.103065
0.1366	0.000333847	-0.103077
0.1367	0.000323539	-0.103082
0.1368	0.00031323	-0.103081
0.1369	0.000302923	-0.103073
0.137	0.000292616	-0.103059
0.1371	0.000282311	-0.103039
0.1372	0.000272008	-0.103012
0.1373	0.000261709	-0.102979
0.1374	0.000251413	-0.10294
0.1375	0.000241121	-0.102894
0.1376	0.000230834	-0.102842
0.1377	0.000220553	-0.102783
0.1378	0.000210278	-0.102718
0.1379	0.00020001	-0.102647
0.138	0.000189749	-0.102569
0.1381	0.000179496	-0.102485
0.1382	0.000169252	-0.102395
0.1383	0.000159017	-0.102298
0.1384	0.000148793	-0.102195
0.1385	0.000138579	-0.102085
0.1386	0.000128376	-0.101969
0.1387	0.000118185	-0.101847
0.1388	0.000108007	-0.101719
0.1389	9.78414e-005	-0.101584
0.139	8.769e-005	-0.101443
0.1391	7.7553e-005	-0.101296
0.1392	6.74311e-005	-0.101142
0.1393	5.73248e-005	-0.100982
0.1394	4.72348e-005	-0.100816
0.1395	3.71617e-005	-0.100644
0.1396	2.71062e-005	-0.100465
0.1397	1.70689e-005	-0.10028
0.1398	7.05039e-006	-0.100089
0.1399	-2.94872e-006	-0.099892
0.14	-1.29278e-005	-0.0996885
0.1401	-2.28862e-005	-0.0994789
0.1402	-3.28234e-005	-0.0992631
0.1403	-4.27386e-005	-0.0990411
0.1404	-5.26314e-005	-0.098813
0.1405	-6.2501e-005	-0.0985788
0.1406	-7.23469e-005	-0.0983384
0.1407	-8.21685e-005	-0.098092
0.1408	-9.19651e-005	-0.0978395
0.1409	-0.000101736	-0.0975809
0.141	-0.000111481	-0.0973163
0.1411	-0.000121199	-0.0970457
0.1412	-0.00013089	-0.096769
0.1413	-0.000140553	-0.0964863
0.1414	-0.000150187	-0.0961977
0.1415	-0.000159792	-0.0959031
0.1416	-0.000169368	-0.0956026
0.1417	-0.000178913	-0.0952961
0.1418	-0.000188427	-0.0949838
0.1419	-0.000197909	-0.0946655
0.142	-0.000207359	-0.0943414
0.1421	-0.000216777	-0.0940115
0.1422	-0.000226162	-0.0936757
0.1423	-0.000235512	-0.0933341
0.1424	-0.000244828	-0.0929868
0.1425	-0.000254109	-0.0926337
0.1426	-0.000263355	-0.0922749
0.1427	-0.000272564	-0.0919103
0.1428	-0.000281737	-0.0915401
0.1429	-0.000290872	-0.0911642
0.143	-0.000299969	-0.0907827
0.1431	-0.000309028	-0.0903955
0.1432	-0.000318048	-0.0900028
0.1433	-0.000327029	-0.0896045
0.1434	-0.000335969	-0.0892006
0.1435	-0.000344869	-0.0887913
0.1436	-0.000353727	-0.0883764
0.1437	-0.000362544	-0.0879561
0.1438	-0.000371318	-0.0875304
0.1439	-0.00038005	-0.0870992
0.144	-0.000388738	-0.0866627
0.1441	-0.000397382	-0.0862208
0.1442	-0.000405982	-0.0857736
0.1443	-0.000414536	-0.085321
0.1444	-0.000423046	-0.0848632
0.1445	-0.000431509	-0.0844002
0.1446	-0.000439926	-0.083932
0.1447	-0.000448295	-0.0834586
0.1448	-0.000456617	-0.08298
0.1449	-0.000464891	-0.0824963
0.145	-0.000473116	-0.0820075
0.1451	-0.000481292	-0.0815137
0.1452	-0.000489419	-0.0810148
0.1453	-0.000497495	-0.080511
0.1454	-0.000505521	-0.0800022
0.1455	-0.000513495	-0.0794884
0.1456	-0.000521418	-0.0789698
0.1457	-0.000529289	-0.0784463
0.1458	-0.000537107	-0.0779179
0.1459	-0.000544873	-0.0773848
0.146	-0.000552584	-0.0768469
0.1461	-0.000560242	-0.0763042
0.1462	-0.000567845	-0.0757569
0.1463	-0.000575393	-0.0752049
0.1464	-0.000582886	-0.0746483
0.1465	-0.000590323	-0.0740871
0.1466	-0.000597703	-0.0735213
0.1467	-0.000605027	-0.0729511
0.1468	-0.000612293	-0.0723763
0.1469	-0.000619502	-0.0717971
0.147	-0.000626652	-0.0712135
0.1471	-0.000633744	-0.0706255
0.1472	-0.000640777	-0.0700332
0.1473	-0.000647751	-0.0694366
0.1474	-0.000654665	-0.0688357
0.1475	-0.000661518	-0.0682306
0.1476	-0.00066831	-0.0676214
0.1477	-0.000675042	-0.0670079
0.1478	-0.000681712	-0.0663904
0.1479	-0.00068832	-0.0657689
0.148	-0.000694866	-0.0651432
0.1481	-0.000701348	-0.0645137
0.1482	-0.000707768	-0.0638801
0.1483	-0.000714124	-0.0632427
0.1484	-0.000720417	-0.0626014
0.1485	-0.000726645	-0.0619563
0.1486	-0.000732808	-0.0613074
0.1487	-0.000738906	-0.0606547
0.1488	-0.000744939	-0.0599984
0.1489	-0.000750905	-0.0593384
0.149	-0.000756806	-0.0586748
0.1491	-0.00076264	-0.0580076
0.1492	-0.000768407	-0.0573369
0.1493	-0.000774108	-0.0566627
0.1494	-0.00077974	-0.055985
0.1495	-0.000785304	-0.055304
0.1496	-0.000790801	-0.0546196
0.1497	-0.000796228	-0.0539319
0.1498	-0.000801587	-0.0532409
0.1499	-0.000806876	-0.0525467
0.15	-0.000812096	-0.0518493
0.1501	-0.000817246	-0.0511487
0.1502	-0.000822326	-0.0504451
0.1503	-0.000827335	-0.0497384
0.1504	-0.000832273	-0.0490287
0.1505	-0.000837141	-0.0483161
0.1506	-0.000841936	-0.0476006
0.1507	-0.000846661	-0.0468822
0.1508	-0.000851313	-0.0461609
0.1509	-0.000855893	-0.0454369
0.151	-0.0008604	-0.0447102
0.1511	-0.000864835	-0.0439808
0.1512	-0.000869196	-0.0432487
0.1513	-0.000873484	-0.0425141
0.1514	-0.000877699	-0.0417769
0.1515	-0.00088184	-0.0410372
0.1516	-0.000885906	-0.0402951
0.1517	-0.000889899	-0.0395505
0.1518	-0.000893816	-0.0388037
0.1519	-0.000897659	-0.0380545
0.152	-0.000901427	-0.037303
0.1521	-0.00090512	-0.0365494
0.1522	-0.000908737	-0.0357936
0.1523	-0.000912278	-0.0350356
0.1524	-0.000915744	-0.0342756
0.1525	-0.000919133	-0.0335136
0.1526	-0.000922447	-0.0327496
0.1527	-0.000925683	-0.0319837
0.1528	-0.000928843	-0.031216
0.1529	-0.000931926	-0.0304464
0.153	-0.000934932	-0.029675
0.1531	-0.000937861	-0.0289019
0.1532	-0.000940713	-0.0281271
0.1533	-0.000943487	-0.0273507
0.1534	-0.000946183	-0.0265728
0.1535	-0.000948801	-0.0257933
0.1536	-0.000951342	-0.0250123
0.1537	-0.000953804	-0.0242299
0.1538	-0.000956187	-0.0234462
0.1539	-0.000958493	-0.0226611
0.154	-0.00096072	-0.0218747
0.1541	-0.000962868	-0.0210871
0.1542	-0.000964937	-0.0202983
0.1543	-0.000966927	-0.0195084
0.1544	-0.000968839	-0.0187175
0.1545	-0.000970671	-0.0179255
0.1546	-0.000972424	-0.0171325
0.1547	-0.000974097	-0.0163386
0.1548	-0.000975691	-0.0155438
0.1549	-0.000977206	-0.0147482
0.155	-0.000978641	-0.0139519
0.1551	-0.000979996	-0.0131548
0.1552	-0.000981272	-0.012357
0.1553	-0.000982468	-0.0115586
0.1554	-0.000983584	-0.0107597
0.1555	-0.00098462	-0.00996024
0.1556	-0.000985576	-0.00916032
0.1557	-0.000986452	-0.00835998
0.1558	-0.000987248	-0.00755928
0.1559	-0.000987964	-0.00675826
0.156	-0.000988599	-0.00595698
0.1561	-0.000989155	-0.00515549
0.1562	-0.00098963	-0.00435384
0.1563	-0.000990026	-0.00355208
0.1564	-0.000990341	-0.00275027
0.1565	-0.000990576	-0.00194844
0.1566	-0.000990731	-0.00114667
0.1567	-0.000990805	-0.000344985
0.1568	-0.0009908	0.000456549
0.1569	-0.000990714	0.00125788
0.157	-0.000990548	0.00205897
0.1571	-0.000990302	0.00285976
0.1572	-0.000989976	0.00366019
0.1573	-0.00098957	0.00446022
0.1574	-0.000989084	0.0052598
0.1575	-0.000988518	0.00605887
0.1576	-0.000987872	0.00685739
0.1577	-0.000987147	0.0076553
0.1578	-0.000986341	0.00845256
0.1579	-0.000985456	0.0092491
0.158	-0.000984491	0.0100449
0.1581	-0.000983447	0.0108399
0.1582	-0.000982323	0.011634
0.1583	-0.00098112	0.0124272
0.1584	-0.000979838	0.0132194
0.1585	-0.000978477	0.0140107
0.1586	-0.000977036	0.0148008
0.1587	-0.000975516	0.0155899
0.1588	-0.000973918	0.0163778
0.1589	-0.000972241	0.0171645
0.159	-0.000970485	0.0179499
0.1591	-0.000968651	0.018734
0.1592	-0.000966738	0.0195167
0.1593	-0.000964748	0.020298
0.1594	-0.000962679	0.0210779
0.1595	-0.000960532	0.0218562
0.1596	-0.000958308	0.022633
0.1597	-0.000956006	0.0234082
0.1598	-0.000953626	0.0241817
0.1599	-0.000951169	0.0249535
0.16	-0.000948635	0.0257235
0.1601	-0.000946025	0.0264917
0.1602	-0.000943337	0.0272581
0.1603	-0.000940573	0.0280225
0.1604	-0.000937733	0.028785
0.1605	-0.000934816	0.0295455
0.1606	-0.000931824	0.030304
0.1607	-0.000928755	0.0310603
0.1608	-0.000925612	0.0318145
0.1609	-0.000922393	0.0325665
0.161	-0.000919098	0.0333162
0.1611	-0.000915729	0.0340637
0.1612	-0.000912286	0.0348088
0.1613	-0.000908768	0.0355515
0.1614	-0.000905176	0.0362918
0.1615	-0.00090151	0.0370296
0.1616	-0.00089777	0.0377648
0.1617	-0.000893957	0.0384975
0.1618	-0.00089007	0.0392276
0.1619	-0.000886111	0.039955
0.162	-0.000882079	0.0406797
0.1621	-0.000877975	0.0414016
0.1622	-0.000873799	0.0421207
0.1623	-0.000869551	0.0428369
0.1624	-0.000865232	0.0435503
0.1625	-0.000860841	0.0442607
0.1626	-0.00085638	0.0449681
0.1627	-0.000851848	0.0456724
0.1628	-0.000847246	0.0463737
0.1629	-0.000842573	0.0470719
0.163	-0.000837831	0.0477668
0.1631	-0.00083302	0.0484586
0.1632	-0.00082814	0.0491471
0.1633	-0.000823191	0.0498323
0.1634	-0.000818173	0.0505142
0.1635	-0.000813088	0.0511927
0.1636	-0.000807935	0.0518677
0.1637	-0.000802714	0.0525392
0.1638	-0.000797427	0.0532073
0.1639	-0.000792073	0.0538718
0.164	-0.000786653	0.0545326
0.1641	-0.000781167	0.0551898
0.1642	-0.000775615	0.0558434
0.1643	-0.000769998	0.0564932
0.1644	-0.000764317	0.0571392
0.1645	-0.00075857	0.0577814
0.1646	-0.00075276	0.0584198
0.1647	-0.000746887	0.0590542
0.1648	-0.00074095	0.0596848
0.1649	-0.00073495	0.0603113
0.165	-0.000728888	0.0609339
0.1651	-0.000722763	0.0615523
0.1652	-0.000716577	0.0621667
0.1653	-0.00071033	0.062777
0.1654	-0.000704022	0.0633831
0.1655	-0.000697654	0.0639849
0.1656	-0.000691225	0.0645826
0.1657	-0.000684737	0.0651759
0.1658	-0.00067819	0.0657649
0.1659	-0.000671584	0.0663495
0.166	-0.00066492	0.0669298
0.1661	-0.000658199	0.0675056
0.1662	-0.000651419	0.0680769
0.1663	-0.000644583	0.0686437
0.1664	-0.000637691	0.069206
0.1665	-0.000630742	0.0697637
0.1666	-0.000623738	0.0703168
0.1667	-0.000616679	0.0708652
0.1668	-0.000609565	0.0714089
0.1669	-0.000602397	0.0719479
0.167	-0.000595176	0.0724822
0.1671	-0.000587901	0.0730116
0.1672	-0.000580574	0.0735363
0.1673	-0.000573194	0.0740561
0.1674	-0.000565763	0.0745709
0.1675	-0.00055828	0.0750809
0.1676	-0.000550747	0.0755859
0.1677	-0.000543163	0.0760859
0.1678	-0.00053553	0.0765809
0.1679	-0.000527847	0.0770708
0.168	-0.000520116	0.0775557
0.1681	-0.000512336	0.0780354
0.1682	-0.000504509	0.07851
0.1683	-0.000496634	0.0789795
0.1684	-0.000488713	0.0794437
0.1685	-0.000480746	0.0799027
0.1686	-0.000472733	0.0803564
0.1687	-0.000464675	0.0808048
0.1688	-0.000456572	0.0812479
0.1689	-0.000448425	0.0816857
0.169	-0.000440235	0.0821181
0.1691	-0.000432002	0.082545
0.1692	-0.000423726	0.0829666
0.1693	-0.000415409	0.0833826
0.1694	-0.00040705	0.0837932
0.1695	-0.00039865	0.0841983
0.1696	-0.00039021	0.0845979
0.1697	-0.000381731	0.0849919
0.1698	-0.000373212	0.0853803
0.1699	-0.000364655	0.085763
0.17	-0.00035606	0.0861402
0.1701	-0.000347427	0.0865117
0.1702	-0.000338757	0.0868775
0.1703	-0.000330052	0.0872376
0.1704	-0.00032131	0.0875919
0.1705	-0.000312533	0.0879405
0.1706	-0.000303722	0.0882834
0.1707	-0.000294877	0.0886204
0.1708	-0.000285998	0.0889516
0.1709	-0.000277087	0.089277
0.171	-0.000268143	0.0895965
0.1711	-0.000259168	0.0899102
0.1712	-0.000250161	0.0902179
0.1713	-0.000241124	0.0905197
0.1714	-0.000232058	0.0908156
0.1715	-0.000222961	0.0911055
0.1716	-0.000213837	0.0913895
0.1717	-0.000204684	0.0916674
0.1718	-0.000195503	0.0919393
0.1719	-0.000186296	0.0922053
0.172	-0.000177063	0.0924651
0.1721	-0.000167803	0.0927189
0.1722	-0.000158519	0.0929666
0.1723	-0.00014921	0.0932083
0.1724	-0.000139877	0.0934438
0.1725	-0.000130522	0.0936732
0.1726	-0.000121143	0.0938964
0.1727	-0.000111743	0.0941135
0.1728	-0.000102321	0.0943245
0.1729	-9.28778e-005	0.0945292
0.173	-8.34149e-005	0.0947278
0.1731	-7.39325e-005	0.0949201
0.1732	-6.44311e-005	0.0951062
0.1733	-5.49114e-005	0.0952861
0.1734	-4.53741e-005	0.0954598
0.1735	-3.58197e-005	0.0956272
0.1736	-2.62489e-005	0.0957884
0.1737	-1.66622e-005	0.0959432
0.1738	-7.06042e-006	0.0960918
0.1739	2.55593e-006	0.0962341
0.174	1.21862e-005	0.0963701
0.1741	2.18297e-005	0.0964998
0.1742	3.14859e-005	0.0966232
0.1743	4.11542e-005	0.0967402
0.1744	5.08338e-005	0.0968509
0.1745	6.05241e-005	0.0969553
0.1746	7.02246e-005	0.0970533
0.1747	7.99346e-005	0.097145
0.1748	8.96534e-005	0.0972303
0.1749	9.93805e-005	0.0973093
0.175	0.000109115	0.0973818
0.1751	0.000118857	0.0974481
0.1752	0.000128604	0.0975079
0.1753	0.000138358	0.0975613
0.1754	0.000148117	0.0976084
0.1755	0.000157879	0.0976491
0.1756	0.000167646	0.0976834
0.1757	0.000177416	0.0977113
0.1758	0.000187188	0.0977328
0.1759	0.000196962	0.0977479
0.176	0.000206738	0.0977566
0.1761	0.000216513	0.0977589
0.1762	0.000226289	0.0977548
0.1763	0.000236064	0.0977444
0.1764	0.000245838	0.0977275
0.1765	0.000255609	0.0977043
0.1766	0.000265378	0.0976746
0.1767	0.000275144	0.0976386
0.1768	0.000284906	0.0975961
0.1769	0.000294663	0.0975473
0.177	0.000304415	0.0974921
0.1771	0.000314161	0.0974306
0.1772	0.000323901	0.0973626
0.1773	0.000333634	0.0972883
0.1774	0.000343358	0.0972076
0.1775	0.000353075	0.0971206
0.1776	0.000362782	0.0970272
0.1777	0.00037248	0.0969275
0.1778	0.000382168	0.0968214
0.1779	0.000391844	0.096709
0.178	0.000401509	0.0965903
0.1781	0.000411162	0.0964652
0.1782	0.000420802	0.0963339
0.1783	0.000430429	0.0961962
0.1784	0.000440041	0.0960522
0.1785	0.000449639	0.095902
0.1786	0.000459221	0.0957455
0.1787	0.000468788	0.0955827
0.1788	0.000478338	0.0954137
0.1789	0.00048787	0.0952384
0.179	0.000497385	0.0950569
0.1791	0.000506882	0.0948692
0.1792	0.000516359	0.0946753
0.1793	0.000525816	0.0944752
0.1794	0.000535254	0.0942689
0.1795	0.00054467	0.0940564
0.1796	0.000554065	0.0938378
0.1797	0.000563437	0.093613
0.1798	0.000572787	0.0933821
0.1799	0.000582113	0.0931451
0.18	0.000591416	0.092902
0.1801	0.000600694	0.0926529
0.1802	0.000609946	0.0923976
0.1803	0.000619173	0.0921363
0.1804	0.000628373	0.091869
0.1805	0.000637547	0.0915957
0.1806	0.000646692	0.0913164
0.1807	0.00065581	0.0910311
0.1808	0.000664898	0.0907398
0.1809	0.000673957	0.0904426
0.181	0.000682987	0.0901395
0.1811	0.000691985	0.0898305
0.1812	0.000700953	0.0895156
0.1813	0.000709888	0.0891948
0.1814	0.000718791	0.0888682
0.1815	0.000727662	0.0885358
0.1816	0.000736498	0.0881976
0.1817	0.000745301	0.0878536
0.1818	0.000754069	0.0875039
0.1819	0.000762801	0.0871484
0.182	0.000771498	0.0867872
0.1821	0.000780159	0.0864203
0.1822	0.000788782	0.0860478
0.1823	0.000797368	0.0856696
0.1824	0.000805916	0.0852858
0.1825	0.000814425	0.0848964
0.1826	0.000822895	0.0845015
0.1827	0.000831325	0.084101
0.1828	0.000839715	0.083695
0.1829	0.000848064	0.0832836
0.183	0.000856372	0.0828666
0.1831	0.000864637	0.0824442
0.1832	0.00087286	0.0820165
0.1833	0.00088104	0.0815833
0.1834	0.000889177	0.0811448
0.1835	0.000897269	0.080701
0.1836	0.000905317	0.0802519
0.1837	0.000913319	0.0797975
0.1838	0.000921276	0.0793379
0.1839	0.000929187	0.078873
0.184	0.00093705	0.078403
0.1841	0.000944867	0.0779279
0.1842	0.000952636	0.0774476
0.1843	0.000960356	0.0769622
0.1844	0.000968028	0.0764718
0.1845	0.000975651	0.0759764
0.1846	0.000983223	0.075476
0.1847	0.000990746	0.0749706
0.1848	0.000998217	0.0744603
0.1849	0.00100564	0.0739451
0.185	0.00101301	0.0734251
0.1851	0.00102032	0.0729002
0.1852	0.00102759	0.0723705
0.1853	0.0010348	0.0718361
0.1854	0.00104195	0.0712969
0.1855	0.00104906	0.0707531
0.1856	0.0010561	0.0702046
0.1857	0.0010631	0.0696515
0.1858	0.00107003	0.0690938
0.1859	0.00107691	0.0685315
0.186	0.00108374	0.0679648
0.1861	0.00109051	0.0673935
0.1862	0.00109722	0.0668178
0.1863	0.00110387	0.0662378
0.1864	0.00111047	0.0656533
0.1865	0.001117	0.0650645
0.1866	0.00112348	0.0644715
0.1867	0.0011299	0.0638742
0.1868	0.00113625	0.0632726
0.1869	0.00114255	0.0626669
0.187	0.00114879	0.0620571
0.1871	0.00115496	0.0614432
0.1872	0.00116107	0.0608252
0.1873	0.00116713	0.0602032
0.1874	0.00117312	0.0595772
0.1875	0.00117904	0.0589473
0.1876	0.0011849	0.0583135
0.1877	0.0011907	0.0576758
0.1878	0.00119644	0.0570343
0.1879	0.00120211	0.056389
0.188	0.00120772	0.0557401
0.1881	0.00121326	0.0550874
0.1882	0.00121873	0.054431
0.1883	0.00122414	0.0537711
0.1884	0.00122949	0.0531076
0.1885	0.00123477	0.0524406
0.1886	0.00123998	0.0517701
0.1887	0.00124512	0.0510961
0.1888	0.0012502	0.0504188
0.1889	0.0012552	0.0497381
0.189	0.00126014	0.0490541
0.1891	0.00126501	0.0483669
0.1892	0.00126982	0.0476764
0.1893	0.00127455	0.0469828
0.1894	0.00127921	0.046286
0.1895	0.00128381	0.0455862
0.1896	0.00128833	0.0448833
0.1897	0.00129278	0.0441774
0.1898	0.00129717	0.0434686
0.1899	0.00130148	0.0427568
0.19	0.00130572	0.0420422
0.1901	0.00130989	0.0413248
0.1902	0.00131398	0.0406047
0.1903	0.00131801	0.0398818
0.1904	0.00132196	0.0391562
0.1905	0.00132584	0.038428
0.1906	0.00132964	0.0376972
0.1907	0.00133338	0.0369639
0.1908	0.00133704	0.0362282
0.1909	0.00134062	0.0354899
0.191	0.00134413	0.0347493
0.1911	0.00134757	0.0340064
0.1912	0.00135094	0.0332611
0.1913	0.00135422	0.0325136
0.1914	0.00135744	0.0317639
0.1915	0.00136058	0.031012
0.1916	0.00136364	0.0302581
0.1917	0.00136663	0.0295021
0.1918	0.00136954	0.028744
0.1919	0.00137238	0.027984
0.192	0.00137514	0.0272222
0.1921	0.00137782	0.0264584
0.1922	0.00138043	0.0256928
0.1923	0.00138296	0.0249255
0.1924	0.00138541	0.0241565
0.1925	0.00138779	0.0233858
0.1926	0.00139009	0.0226135
0.1927	0.00139231	0.0218396
0.1928	0.00139446	0.0210642
0.1929	0.00139653	0.0202873
0.193	0.00139852	0.019509
0.1931	0.00140043	0.0187294
0.1932	0.00140226	0.0179484
0.1933	0.00140402	0.0171662
0.1934	0.0014057	0.0163828
0.1935	0.00140729	0.0155982
0.1936	0.00140882	0.0148124
0.1937	0.00141026	0.0140257
0.1938	0.00141162	0.0132379
0.1939	0.0014129	0.0124491
0.194	0.00141411	0.0116594
0.1941	0.00141524	0.0108689
0.1942	0.00141628	0.0100775
0.1943	0.00141725	0.00928541
0.1944	0.00141814	0.00849258
0.1945	0.00141895	0.0076991
0.1946	0.00141968	0.00690501
0.1947	0.00142033	0.00611037
0.1948	0.0014209	0.00531522
0.1949	0.00142139	0.00451961
0.195	0.00142181	0.00372359
0.1951	0.00142214	0.00292723
0.1952	0.00142239	0.00213056
0.1953	0.00142257	0.00133364
0.1954	0.00142266	0.000536524
0.1955	0.00142267	-0.000260744
0.1956	0.00142261	-0.00105811
0.1957	0.00142246	-0.00185552
0.1958	0.00142224	-0.00265293
0.1959	0.00142193	-0.00345028
0.196	0.00142155	-0.00424752
0.1961	0.00142108	-0.00504461
0.1962	0.00142054	-0.00584149
0.1963	0.00141991	-0.0066381
0.1964	0.00141921	-0.00743441
0.1965	0.00141843	-0.00823035
0.1966	0.00141756	-0.00902588
0.1967	0.00141662	-0.00982095
0.1968	0.0014156	-0.0106155
0.1969	0.0014145	-0.0114095
0.197	0.00141332	-0.0122028
0.1971	0.00141206	-0.0129955
0.1972	0.00141072	-0.0137875
0.1973	0.0014093	-0.0145787
0.1974	0.0014078	-0.0153691
0.1975	0.00140623	-0.0161586
0.1976	0.00140457	-0.0169472
0.1977	0.00140284	-0.0177348
0.1978	0.00140102	-0.0185214
0.1979	0.00139913	-0.019307
0.198	0.00139716	-0.0200914
0.1981	0.00139511	-0.0208746
0.1982	0.00139299	-0.0216566
0.1983	0.00139078	-0.0224373
0.1984	0.0013885	-0.0232167
0.1985	0.00138614	-0.0239947
0.1986	0.0013837	-0.0247713
0.1987	0.00138119	-0.0255465
0.1988	0.00137859	-0.0263201
0.1989	0.00137592	-0.0270921
0.199	0.00137317	-0.0278625
0.1991	0.00137035	-0.0286312
0.1992	0.00136745	-0.0293983
0.1993	0.00136447	-0.0301635
0.1994	0.00136141	-0.0309269
0.1995	0.00135828	-0.0316885
0.1996	0.00135508	-0.0324481
0.1997	0.00135179	-0.0332058
0.1998	0.00134844	-0.0339614
0.1999	0.001345	-0.034715
0.2	0.00134149	-0.0354665
0.2001	0.00133791	-0.0362158
0.2002	0.00133425	-0.0369629
0.2003	0.00133052	-0.0377077
0.2004	0.00132671	-0.0384503
0.2005	0.00132283	-0.0391905
0.2006	0.00131887	-0.0399282
0.2007	0.00131484	-0.0406636
0.2008	0.00131074	-0.0413964
0.2009	0.00130656	-0.0421267
0.201	0.00130231	-0.0428545
0.2011	0.00129799	-0.0435796
0.2012	0.0012936	-0.044302
0.2013	0.00128913	-0.0450216
0.2014	0.00128459	-0.0457385
0.2015	0.00127998	-0.0464526
0.2016	0.0012753	-0.0471638
0.2017	0.00127055	-0.0478722
0.2018	0.00126573	-0.0485775
0.2019	0.00126083	-0.0492799
0.202	0.00125587	-0.0499792
0.2021	0.00125084	-0.0506754
0.2022	0.00124574	-0.0513685
0.2023	0.00124057	-0.0520583
0.2024	0.00123533	-0.052745
0.2025	0.00123002	-0.0534284
0.2026	0.00122464	-0.0541085
0.2027	0.00121919	-0.0547852
0.2028	0.00121368	-0.0554586
0.2029	0.0012081	-0.0561285
0.203	0.00120246	-0.0567949
0.2031	0.00119674	-0.0574577
0.2032	0.00119097	-0.058117
0.2033	0.00118512	-0.0587727
0.2034	0.00117921	-0.0594248
0.2035	0.00117324	-0.0600731
0.2036	0.0011672	-0.0607177
0.2037	0.00116109	-0.0613585
0.2038	0.00115493	-0.0619955
0.2039	0.00114869	-0.0626286
0.204	0.0011424	-0.0632579
0.2041	0.00113604	-0.0638832
0.2042	0.00112962	-0.0645045
0.2043	0.00112314	-0.0651217
0.2044	0.0011166	-0.0657349
0.2045	0.00110999	-0.0663441
0.2046	0.00110333	-0.066949
0.2047	0.00109661	-0.0675498
0.2048	0.00108982	-0.0681464
0.2049	0.00108298	-0.0687387
0.205	0.00107607	-0.0693267
0.2051	0.00106911	-0.0699104
0.2052	0.00106209	-0.0704897
0.2053	0.00105501	-0.0710646
0.2054	0.00104788	-0.0716351
0.2055	0.00104069	-0.0722011
0.2056	0.00103344	-0.0727625
0.2057	0.00102613	-0.0733194
0.2058	0.00101877	-0.0738718
0.2059	0.00101136	-0.0744195
0.206	0.00100389	-0.0749625
0.2061	0.000996367	-0.0755008
0.2062	0.000988791	-0.0760345
0.2063	0.000981161	-0.0765633
0.2064	0.000973478	-0.0770874
0.2065	0.000965743	-0.0776066
0.2066	0.000957957	-0.0781209
0.2067	0.000950119	-0.0786304
0.2068	0.000942231	-0.0791349
0.2069	0.000934292	-0.0796345
0.207	0.000926304	-0.0801291
0.2071	0.000918267	-0.0806186
0.2072	0.000910181	-0.0811031
0.2073	0.000902046	-0.0815825
0.2074	0.000893864	-0.0820568
0.2075	0.000885635	-0.0825259
0.2076	0.000877359	-0.0829898
0.2077	0.000869037	-0.0834486
0.2078	0.00086067	-0.0839021
0.2079	0.000852257	-0.0843503
0.208	0.0008438	-0.0847932
0.2081	0.000835299	-0.0852308
0.2082	0.000826754	-0.0856631
0.2083	0.000818166	-0.08609
0.2084	0.000809536	-0.0865114
0.2085	0.000800864	-0.0869275
0.2086	0.000792151	-0.087338
0.2087	0.000783397	-0.0877431
0.2088	0.000774602	-0.0881426
0.2089	0.000765768	-0.0885367
0.209	0.000756895	-0.0889251
0.2091	0.000747984	-0.089308
0.2092	0.000739034	-0.0896852
0.2093	0.000730047	-0.0900568
0.2094	0.000721023	-0.0904227
0.2095	0.000711962	-0.090783
0.2096	0.000702866	-0.0911375
0.2097	0.000693735	-0.0914863
0.2098	0.000684569	-0.0918294
0.2099	0.000675369	-0.0921667
0.21	0.000666136	-0.0924981
0.2101	0.00065687	-0.0928238
0.2102	0.000647571	-0.0931436
0.2103	0.000638241	-0.0934575
0.2104	0.00062888	-0.0937656
0.2105	0.000619488	-0.0940677
0.2106	0.000610067	-0.094364
0.2107	0.000600616	-0.0946543
0.2108	0.000591136	-0.0949386
0.2109	0.000581628	-0.095217
0.211	0.000572093	-0.0954893
0.2111	0.000562531	-0.0957557
0.2112	0.000552942	-0.096016
0.2113	0.000543328	-0.0962703
0.2114	0.000533688	-0.0965185
0.2115	0.000524024	-0.0967606
0.2116	0.000514336	-0.0969966
0.2117	0.000504625	-0.0972266
0.2118	0.000494891	-0.0974504
0.2119	0.000485135	-0.097668
0.212	0.000475358	-0.0978795
0.2121	0.000465559	-0.0980849
0.2122	0.000455741	-0.098284
0.2123	0.000445903	-0.098477
0.2124	0.000436046	-0.0986637
0.2125	0.00042617	-0.0988443
0.2126	0.000416277	-0.0990186
0.2127	0.000406367	-0.0991866
0.2128	0.00039644	-0.0993485
0.2129	0.000386497	-0.099504
0.213	0.000376539	-0.0996533
0.2131	0.000366567	-0.0997963
0.2132	0.00035658	-0.099933
0.2133	0.000346581	-0.100063
0.2134	0.000336568	-0.100187
0.2135	0.000326543	-0.100305
0.2136	0.000316507	-0.100417
0.2137	0.00030646	-0.100522
0.2138	0.000296403	-0.100621
0.2139	0.000286336	-0.100713
0.214	0.000276261	-0.100799
0.2141	0.000266177	-0.100879
0.2142	0.000256085	-0.100952
0.2143	0.000245986	-0.101019
0.2144	0.000235881	-0.10108
0.2145	0.000225771	-0.101134
0.2146	0.000215655	-0.101182
0.2147	0.000205534	-0.101224
0.2148	0.00019541	-0.101259
0.2149	0.000185283	-0.101287
0.215	0.000175153	-0.10131
0.2151	0.000165021	-0.101326
0.2152	0.000154888	-0.101335
0.2153	0.000144754	-0.101338
0.2154	0.00013462	-0.101335
0.2155	0.000124487	-0.101326
0.2156	0.000114356	-0.10131
0.2157	0.000104226	-0.101287
0.2158	9.40983e-005	-0.101258
0.2159	8.39742e-005	-0.101223
0.216	7.38539e-005	-0.101182
0.2161	6.3738e-005	-0.101134
0.2162	5.36273e-005	-0.101079
0.2163	4.35223e-005	-0.101019
0.2164	3.34238e-005	-0.100952
0.2165	2.33322e-005	-0.100878
0.2166	1.32483e-005	-0.100798
0.2167	3.17273e-006	-0.100712
0.2168	-6.89393e-006	-0.10062
0.2169	-1.6951e-005	-0.100521
0.217	-2.69979e-005	-0.100416
0.2171	-3.7034e-005	-0.100304
0.2172	-4.70586e-005	-0.100186
0.2173	-5.7071e-005	-0.100062
0.2174	-6.70708e-005	-0.0999317
0.2175	-7.70572e-005	-0.0997949
0.2176	-8.70295e-005	-0.0996518
0.2177	-9.69873e-005	-0.0995024
0.2178	-0.00010693	-0.0993468
0.2179	-0.000116856	-0.0991849
0.218	-0.000126767	-0.0990167
0.2181	-0.00013666	-0.0988422
0.2182	-0.000146535	-0.0986616
0.2183	-0.000156392	-0.0984747
0.2184	-0.00016623	-0.0982816
0.2185	-0.000176048	-0.0980823
0.2186	-0.000185846	-0.0978768
0.2187	-0.000195623	-0.0976652
0.2188	-0.000205379	-0.0974474
0.2189	-0.000215112	-0.0972234
0.219	-0.000224823	-0.0969933
0.2191	-0.000234511	-0.0967571
0.2192	-0.000244174	-0.0965148
0.2193	-0.000253813	-0.0962664
0.2194	-0.000263427	-0.0960119
0.2195	-0.000273016	-0.0957514
0.2196	-0.000282577	-0.0954848
0.2197	-0.000292112	-0.0952122
0.2198	-0.00030162	-0.0949337
0.2199	-0.000311099	-0.0946491
0.22	-0.000320549	-0.0943585
0.2201	-0.00032997	-0.094062
0.2202	-0.000339362	-0.0937596
0.2203	-0.000348722	-0.0934513
0.2204	-0.000358052	-0.0931371
0.2205	-0.000367349	-0.092817
0.2206	-0.000376615	-0.092491
0.2207	-0.000385847	-0.0921592
0.2208	-0.000395046	-0.0918216
0.2209	-0.000404212	-0.0914783
0.221	-0.000413342	-0.0911291
0.2211	-0.000422437	-0.0907742
0.2212	-0.000431497	-0.0904136
0.2213	-0.00044052	-0.0900473
0.2214	-0.000449506	-0.0896753
0.2215	-0.000458455	-0.0892977
0.2216	-0.000467365	-0.0889144
0.2217	-0.000476237	-0.0885256
0.2218	-0.00048507	-0.0881311
0.2219	-0.000493863	-0.0877311
0.222	-0.000502616	-0.0873256
0.2221	-0.000511328	-0.0869146
0.2222	-0.000519999	-0.0864981
0.2223	-0.000528628	-0.0860761
0.2224	-0.000537214	-0.0856488
0.2225	-0.000545757	-0.085216
0.2226	-0.000554257	-0.0847779
0.2227	-0.000562713	-0.0843344
0.2228	-0.000571124	-0.0838856
0.2229	-0.00057949	-0.0834316
0.223	-0.00058781	-0.0829723
0.2231	-0.000596084	-0.0825077
0.2232	-0.000604311	-0.082038
0.2233	-0.000612491	-0.0815631
0.2234	-0.000620624	-0.0810831
0.2235	-0.000628708	-0.0805979
0.2236	-0.000636743	-0.0801077
0.2237	-0.000644729	-0.0796125
0.2238	-0.000652665	-0.0791122
0.2239	-0.000660551	-0.078607
0.224	-0.000668387	-0.0780968
0.2241	-0.000676171	-0.0775817
0.2242	-0.000683903	-0.0770618
0.2243	-0.000691583	-0.076537
0.2244	-0.00069921	-0.0760073
0.2245	-0.000706784	-0.0754729
0.2246	-0.000714305	-0.0749338
0.2247	-0.000721771	-0.0743899
0.2248	-0.000729182	-0.0738414
0.2249	-0.000736539	-0.0732882
0.225	-0.00074384	-0.0727304
0.2251	-0.000751085	-0.0721681
0.2252	-0.000758273	-0.0716012
0.2253	-0.000765405	-0.0710298
0.2254	-0.000772479	-0.0704539
0.2255	-0.000779496	-0.0698737
0.2256	-0.000786454	-0.069289
0.2257	-0.000793353	-0.0687
0.2258	-0.000800194	-0.0681067
0.2259	-0.000806974	-0.0675091
0.226	-0.000813695	-0.0669073
0.2261	-0.000820356	-0.0663012
0.2262	-0.000826955	-0.065691
0.2263	-0.000833494	-0.0650767
0.2264	-0.000839971	-0.0644583
0.2265	-0.000846385	-0.0638359
0.2266	-0.000852738	-0.0632095
0.2267	-0.000859027	-0.0625791
0.2268	-0.000865253	-0.0619448
0.2269	-0.000871416	-0.0613066
0.227	-0.000877514	-0.0606645
0.2271	-0.000883549	-0.0600187
0.2272	-0.000889518	-0.0593691
0.2273	-0.000895422	-0.0587158
0.2274	-0.000901261	-0.0580588
0.2275	-0.000907034	-0.0573982
0.2276	-0.000912741	-0.056734
0.2277	-0.000918381	-0.0560662
0.2278	-0.000923954	-0.0553949
0.2279	-0.00092946	-0.0547202
0.228	-0.000934898	-0.0540421
0.2281	-0.000940268	-0.0533605
0.2282	-0.00094557	-0.0526757
0.2283	-0.000950803	-0.0519875
0.2284	-0.000955967	-0.0512961
0.2285	-0.000961062	-0.0506015
0.2286	-0.000966087	-0.0499038
0.2287	-0.000971043	-0.0492029
0.2288	-0.000975928	-0.048499
0.2289	-0.000980742	-0.0477921
0.229	-0.000985486	-0.0470821
0.2291	-0.000990159	-0.0463693
0.2292	-0.00099476	-0.0456535
0.2293	-0.000999289	-0.0449349
0.2294	-0.00100375	-0.0442136
0.2295	-0.00100813	-0.0434894
0.2296	-0.00101244	-0.0427626
0.2297	-0.00101668	-0.0420331
0.2298	-0.00102085	-0.041301
0.2299	-0.00102494	-0.0405664
0.23	-0.00102896	-0.0398292
0.2301	-0.00103291	-0.0390895
0.2302	-0.00103678	-0.0383475
0.2303	-0.00104058	-0.037603
0.2304	-0.0010443	-0.0368563
0.2305	-0.00104795	-0.0361072
0.2306	-0.00105152	-0.035356
0.2307	-0.00105502	-0.0346025
0.2308	-0.00105844	-0.0338469
0.2309	-0.00106179	-0.0330892
0.231	-0.00106506	-0.0323295
0.2311	-0.00106826	-0.0315678
0.2312	-0.00107138	-0.0308042
0.2313	-0.00107442	-0.0300387
0.2314	-0.00107738	-0.0292713
0.2315	-0.00108027	-0.0285021
0.2316	-0.00108308	-0.0277312
0.2317	-0.00108582	-0.0269586
0.2318	-0.00108848	-0.0261843
0.2319	-0.00109106	-0.0254085
0.232	-0.00109356	-0.0246311
0.2321	-0.00109598	-0.0238522
0.2322	-0.00109833	-0.0230718
0.2323	-0.0011006	-0.0222901
0.2324	-0.00110279	-0.021507
0.2325	-0.0011049	-0.0207226
0.2326	-0.00110693	-0.019937
0.2327	-0.00110888	-0.0191501
0.2328	-0.00111076	-0.0183622
0.2329	-0.00111256	-0.0175731
0.233	-0.00111427	-0.016783
0.2331	-0.00111591	-0.0159918
0.2332	-0.00111747	-0.0151998
0.2333	-0.00111895	-0.0144068
0.2334	-0.00112035	-0.013613
0.2335	-0.00112168	-0.0128184
0.2336	-0.00112292	-0.0120231
0.2337	-0.00112408	-0.011227
0.2338	-0.00112516	-0.0104304
0.2339	-0.00112617	-0.00963311
0.234	-0.00112709	-0.00883531
0.2341	-0.00112793	-0.00803702
0.2342	-0.0011287	-0.0072383
0.2343	-0.00112938	-0.00643918
0.2344	-0.00112998	-0.00563974
0.2345	-0.00113051	-0.00484001
0.2346	-0.00113095	-0.00404005
0.2347	-0.00113132	-0.0032399
0.2348	-0.0011316	-0.00243963
0.2349	-0.0011318	-0.00163928
0.235	-0.00113193	-0.000838894
0.2351	-0.00113197	-3.85353e-005
0.2352	-0.00113194	0.000761749
0.2353	-0.00113182	0.00156191
0.2354	-0.00113162	0.00236189
0.2355	-0.00113135	0.00316165
0.2356	-0.00113099	0.00396112
0.2357	-0.00113056	0.00476027
0.2358	-0.00113004	0.00555903
0.2359	-0.00112944	0.00635737
0.236	-0.00112877	0.00715522
0.2361	-0.00112801	0.00795254
0.2362	-0.00112718	0.00874927
0.2363	-0.00112626	0.00954536
0.2364	-0.00112527	0.0103408
0.2365	-0.00112419	0.0111354
0.2366	-0.00112304	0.0119293
0.2367	-0.00112181	0.0127224
0.2368	-0.0011205	0.0135145
0.2369	-0.00111911	0.0143057
0.237	-0.00111764	0.015096
0.2371	-0.00111609	0.0158852
0.2372	-0.00111446	0.0166732
0.2373	-0.00111275	0.0174602
0.2374	-0.00111097	0.018246
0.2375	-0.0011091	0.0190305
0.2376	-0.00110716	0.0198137
0.2377	-0.00110514	0.0205956
0.2378	-0.00110304	0.0213761
0.2379	-0.00110087	0.0221551
0.238	-0.00109861	0.0229326
0.2381	-0.00109628	0.0237087
0.2382	-0.00109387	0.0244831
0.2383	-0.00109138	0.0252558
0.2384	-0.00108882	0.0260269
0.2385	-0.00108618	0.0267963
0.2386	-0.00108346	0.0275638
0.2387	-0.00108066	0.0283296
0.2388	-0.00107779	0.0290934
0.2389	-0.00107485	0.0298553
0.239	-0.00107182	0.0306152
0.2391	-0.00106872	0.0313731
0.2392	-0.00106555	0.0321289
0.2393	-0.0010623	0.0328825
0.2394	-0.00105897	0.033634
0.2395	-0.00105557	0.0343833
0.2396	-0.00105209	0.0351303
0.2397	-0.00104854	0.0358749
0.2398	-0.00104492	0.0366172
0.2399	-0.00104122	0.0373571
0.24	-0.00103745	0.0380945
0.2401	-0.0010336	0.0388294
0.2402	-0.00102968	0.0395618
0.2403	-0.00102569	0.0402915
0.2404	-0.00102162	0.0410186
0.2405	-0.00101749	0.041743
0.2406	-0.00101328	0.0424647
0.2407	-0.00100899	0.0431835
0.2408	-0.00100464	0.0438996
0.2409	-0.00100021	0.0446127
0.241	-0.000995717	0.0453229
0.2411	-0.000991149	0.0460302
0.2412	-0.000986511	0.0467344
0.2413	-0.000981802	0.0474356
0.2414	-0.000977024	0.0481336
0.2415	-0.000972176	0.0488285
0.2416	-0.000967258	0.0495202
0.2417	-0.000962272	0.0502087
0.2418	-0.000957217	0.0508939
0.2419	-0.000952093	0.0515757
0.242	-0.000946902	0.0522542
0.2421	-0.000941642	0.0529292
0.2422	-0.000936316	0.0536008
0.2423	-0.000930922	0.0542689
0.2424	-0.000925462	0.0549335
0.2425	-0.000919936	0.0555945
0.2426	-0.000914343	0.0562518
0.2427	-0.000908686	0.0569055
0.2428	-0.000902962	0.0575554
0.2429	-0.000897175	0.0582016
0.243	-0.000891322	0.058844
0.2431	-0.000885406	0.0594826
0.2432	-0.000879426	0.0601173
0.2433	-0.000873383	0.0607481
0.2434	-0.000867276	0.0613749
0.2435	-0.000861108	0.0619977
0.2436	-0.000854877	0.0626165
0.2437	-0.000848585	0.0632312
0.2438	-0.000842231	0.0638418
0.2439	-0.000835816	0.0644482
0.244	-0.000829341	0.0650504
0.2441	-0.000822806	0.0656484
0.2442	-0.000816212	0.0662422
0.2443	-0.000809558	0.0668316
0.2444	-0.000802846	0.0674166
0.2445	-0.000796075	0.0679973
0.2446	-0.000789246	0.0685736
0.2447	-0.00078236	0.0691454
0.2448	-0.000775417	0.0697127
0.2449	-0.000768418	0.0702755
0.245	-0.000761362	0.0708337
0.2451	-0.000754251	0.0713873
0.2452	-0.000747085	0.0719363
0.2453	-0.000739864	0.0724806
0.2454	-0.000732589	0.0730202
0.2455	-0.00072526	0.073555
0.2456	-0.000717878	0.0740851
0.2457	-0.000710444	0.0746104
0.2458	-0.000702956	0.0751308
0.2459	-0.000695418	0.0756463
0.246	-0.000687827	0.076157
0.2461	-0.000680186	0.0766627
0.2462	-0.000672495	0.0771634
0.2463	-0.000664754	0.0776591
0.2464	-0.000656963	0.0781498
0.2465	-0.000649124	0.0786354
0.2466	-0.000641236	0.0791159
0.2467	-0.000633301	0.0795912
0.2468	-0.000625318	0.0800614
0.2469	-0.000617289	0.0805264
0.247	-0.000609213	0.0809862
0.2471	-0.000601092	0.0814408
0.2472	-0.000592925	0.08189
0.2473	-0.000584714	0.082334
0.2474	-0.000576459	0.0827726
0.2475	-0.00056816	0.0832058
0.2476	-0.000559818	0.0836337
0.2477	-0.000551433	0.0840561
0.2478	-0.000543007	0.0844731
0.2479	-0.000534539	0.0848846
0.248	-0.00052603	0.0852907
0.2481	-0.000517481	0.0856911
0.2482	-0.000508892	0.0860861
0.2483	-0.000500264	0.0864754
0.2484	-0.000491597	0.0868592
0.2485	-0.000482892	0.0872373
0.2486	-0.00047415	0.0876098
0.2487	-0.00046537	0.0879766
0.2488	-0.000456554	0.0883377
0.2489	-0.000447703	0.0886931
0.249	-0.000438816	0.0890428
0.2491	-0.000429895	0.0893867
0.2492	-0.000420939	0.0897248
0.2493	-0.00041195	0.0900571
0.2494	-0.000402928	0.0903835
0.2495	-0.000393873	0.0907041
0.2496	-0.000384787	0.0910189
0.2497	-0.00037567	0.0913277
0.2498	-0.000366522	0.0916306
0.2499	-0.000357344	0.0919276
0.25	-0.000348136	0.0922187
0.2501	-0.0003389	0.0925038
0.2502	-0.000329636	0.0927829
0.2503	-0.000320344	0.093056
0.2504	-0.000311025	0.0933231
0.2505	-0.000301679	0.0935841
0.2506	-0.000292308	0.0938391
0.2507	-0.000282912	0.094088
0.2508	-0.000273491	0.0943308
0.2509	-0.000264046	0.0945675
0.251	-0.000254577	0.0947981
0.2511	-0.000245086	0.0950226
0.2512	-0.000235573	0.0952409
0.2513	-0.000226038	0.0954531
