0	0	0
0.0001	6.46225e-009	0.000143529
0.0002	3.14192e-008	0.000368528
0.0003	8.26215e-008	0.000667199
0.0004	1.67077e-007	0.00103247
0.0005	2.91119e-007	0.00145792
0.0006	4.60471e-007	0.00193774
0.0007	6.80301e-007	0.00246663
0.0008	9.55273e-007	0.00303982
0.0009	1.2896e-006	0.00365295
0.001	1.68706e-006	0.00430207
0.0011	2.15109e-006	0.00498359
0.0012	2.68475e-006	0.00569426
0.0013	3.29081e-006	0.00643111
0.0014	3.97176e-006	0.00719146
0.0015	4.72981e-006	0.00797286
0.0016	5.56696e-006	0.00877309
0.0017	6.48498e-006	0.00959012
0.0018	7.48548e-006	0.0104221
0.0019	8.56985e-006	0.0112674
0.002	9.73934e-006	0.0121244
0.0021	1.09951e-005	0.0129918
0.0022	1.2338e-005	0.0138682
0.0023	1.3769e-005	0.0147526
0.0024	1.52888e-005	0.0156439
0.0025	1.6898e-005	0.016541
0.0026	1.85971e-005	0.0174432
0.0027	2.03867e-005	0.0183496
0.0028	2.22672e-005	0.0192594
0.0029	2.42387e-005	0.020172
0.003	2.63016e-005	0.0210867
0.0031	2.84561e-005	0.022003
0.0032	3.07023e-005	0.0229204
0.0033	3.30402e-005	0.0238383
0.0034	3.54699e-005	0.0247562
0.0035	3.79914e-005	0.0256739
0.0036	4.06047e-005	0.0265908
0.0037	4.33096e-005	0.0275067
0.0038	4.6106e-005	0.0284212
0.0039	4.89937e-005	0.0293339
0.004	5.19727e-005	0.0302447
0.0041	5.50426e-005	0.0311531
0.0042	5.82032e-005	0.0320591
0.0043	6.14543e-005	0.0329623
0.0044	6.47956e-005	0.0338624
0.0045	6.82267e-005	0.0347594
0.0046	7.17474e-005	0.035653
0.0047	7.53572e-005	0.036543
0.0048	7.90558e-005	0.0374292
0.0049	8.28429e-005	0.0383115
0.005	8.6718e-005	0.0391897
0.0051	9.06807e-005	0.0400636
0.0052	9.47306e-005	0.0409332
0.0053	9.88672e-005	0.0417982
0.0054	0.00010309	0.0426585
0.0055	0.000107399	0.043514
0.0056	0.000111793	0.0443646
0.0057	0.000116271	0.0452101
0.0058	0.000120835	0.0460504
0.0059	0.000125481	0.0468855
0.006	0.000130211	0.0477152
0.0061	0.000135024	0.0485394
0.0062	0.000139919	0.0493579
0.0063	0.000144896	0.0501708
0.0064	0.000149953	0.0509779
0.0065	0.000155091	0.051779
0.0066	0.000160309	0.0525742
0.0067	0.000165606	0.0533633
0.0068	0.000170981	0.0541461
0.0069	0.000176435	0.0549228
0.007	0.000181965	0.055693
0.0071	0.000187573	0.0564569
0.0072	0.000193257	0.0572142
0.0073	0.000199016	0.0579649
0.0074	0.000204849	0.0587089
0.0075	0.000210757	0.0594462
0.0076	0.000216738	0.0601766
0.0077	0.000222792	0.0609001
0.0078	0.000228918	0.0616165
0.0079	0.000235115	0.0623259
0.008	0.000241383	0.0630282
0.0081	0.000247721	0.0637233
0.0082	0.000254128	0.064411
0.0083	0.000260603	0.0650914
0.0084	0.000267146	0.0657644
0.0085	0.000273755	0.0664298
0.0086	0.000280431	0.0670877
0.0087	0.000287173	0.067738
0.0088	0.000293979	0.0683805
0.0089	0.000300848	0.0690153
0.009	0.000307781	0.0696423
0.0091	0.000314777	0.0702614
0.0092	0.000321833	0.0708725
0.0093	0.000328951	0.0714756
0.0094	0.000336128	0.0720706
0.0095	0.000343365	0.0726575
0.0096	0.00035066	0.0732362
0.0097	0.000358012	0.0738066
0.0098	0.000365421	0.0743688
0.0099	0.000372885	0.0749225
0.01	0.000380405	0.0754679
0.0101	0.000387978	0.0760048
0.0102	0.000395605	0.0765331
0.0103	0.000403285	0.0770529
0.0104	0.000411016	0.077564
0.0105	0.000418797	0.0780665
0.0106	0.000426629	0.0785602
0.0107	0.000434509	0.0790452
0.0108	0.000442438	0.0795213
0.0109	0.000450413	0.0799886
0.011	0.000458435	0.0804469
0.0111	0.000466502	0.0808963
0.0112	0.000474614	0.0813366
0.0113	0.000482769	0.081768
0.0114	0.000490967	0.0821902
0.0115	0.000499207	0.0826033
0.0116	0.000507488	0.0830072
0.0117	0.000515808	0.0834018
0.0118	0.000524168	0.0837873
0.0119	0.000532565	0.0841634
0.012	0.000541	0.0845302
0.0121	0.000549471	0.0848877
0.0122	0.000557977	0.0852357
0.0123	0.000566518	0.0855743
0.0124	0.000575092	0.0859035
0.0125	0.000583698	0.0862231
0.0126	0.000592336	0.0865333
0.0127	0.000601004	0.0868338
0.0128	0.000609702	0.0871248
0.0129	0.000618429	0.0874062
0.013	0.000627183	0.0876779
0.0131	0.000635964	0.0879399
0.0132	0.000644771	0.0881922
0.0133	0.000653602	0.0884349
0.0134	0.000662458	0.0886678
0.0135	0.000671336	0.0888909
0.0136	0.000680236	0.0891042
0.0137	0.000689156	0.0893077
0.0138	0.000698097	0.0895014
0.0139	0.000707056	0.0896852
0.014	0.000716033	0.0898592
0.0141	0.000725028	0.0900233
0.0142	0.000734038	0.0901775
0.0143	0.000743063	0.0903218
0.0144	0.000752102	0.0904562
0.0145	0.000761154	0.0905806
0.0146	0.000770218	0.0906951
0.0147	0.000779292	0.0907997
0.0148	0.000788377	0.0908942
0.0149	0.000797471	0.0909788
0.015	0.000806573	0.0910534
0.0151	0.000815681	0.091118
0.0152	0.000824796	0.0911727
0.0153	0.000833916	0.0912173
0.0154	0.000843039	0.0912519
0.0155	0.000852166	0.0912765
0.0156	0.000861294	0.0912911
0.0157	0.000870423	0.0912957
0.0158	0.000879553	0.0912903
0.0159	0.000888681	0.0912748
0.016	0.000897807	0.0912494
0.0161	0.000906931	0.091214
0.0162	0.00091605	0.0911685
0.0163	0.000925164	0.0911131
0.0164	0.000934272	0.0910477
0.0165	0.000943373	0.0909723
0.0166	0.000952466	0.090887
0.0167	0.00096155	0.0907917
0.0168	0.000970624	0.0906864
0.0169	0.000979687	0.0905712
0.017	0.000988738	0.0904461
0.0171	0.000997776	0.0903111
0.0172	0.0010068	0.0901661
0.0173	0.00101581	0.0900113
0.0174	0.0010248	0.0898466
0.0175	0.00103378	0.0896721
0.0176	0.00104274	0.0894878
0.0177	0.00105168	0.0892936
0.0178	0.00106059	0.0890896
0.0179	0.00106949	0.0888759
0.018	0.00107837	0.0886524
0.0181	0.00108722	0.0884192
0.0182	0.00109605	0.0881763
0.0183	0.00110486	0.0879237
0.0184	0.00111364	0.0876615
0.0185	0.00112239	0.0873897
0.0186	0.00113112	0.0871082
0.0187	0.00113981	0.0868172
0.0188	0.00114848	0.0865167
0.0189	0.00115711	0.0862067
0.019	0.00116572	0.0858872
0.0191	0.00117429	0.0855582
0.0192	0.00118283	0.0852199
0.0193	0.00119134	0.0848721
0.0194	0.0011998	0.0845151
0.0195	0.00120824	0.0841487
0.0196	0.00121663	0.0837731
0.0197	0.00122499	0.0833883
0.0198	0.00123331	0.0829942
0.0199	0.00124159	0.0825911
0.02	0.00124983	0.0821788
0.0201	0.00125803	0.0817575
0.0202	0.00126618	0.0813271
0.0203	0.00127429	0.0808878
0.0204	0.00128236	0.0804396
0.0205	0.00129038	0.0799824
0.0206	0.00129835	0.0795165
0.0207	0.00130628	0.0790417
0.0208	0.00131416	0.0785583
0.0209	0.00132199	0.0780661
0.021	0.00132977	0.0775653
0.0211	0.00133751	0.0770558
0.0212	0.00134519	0.0765379
0.0213	0.00135281	0.0760115
0.0214	0.00136039	0.0754766
0.0215	0.00136791	0.0749334
0.0216	0.00137537	0.0743818
0.0217	0.00138278	0.073822
0.0218	0.00139014	0.0732539
0.0219	0.00139743	0.0726777
0.022	0.00140467	0.0720935
0.0221	0.00141185	0.0715011
0.0222	0.00141897	0.0709009
0.0223	0.00142603	0.0702927
0.0224	0.00143303	0.0696766
0.0225	0.00143997	0.0690528
0.0226	0.00144684	0.0684212
0.0227	0.00145365	0.067782
0.0228	0.0014604	0.0671351
0.0229	0.00146708	0.0664808
0.023	0.00147369	0.0658189
0.0231	0.00148024	0.0651497
0.0232	0.00148672	0.0644732
0.0233	0.00149314	0.0637893
0.0234	0.00149948	0.0630983
0.0235	0.00150576	0.0624002
0.0236	0.00151196	0.061695
0.0237	0.0015181	0.0609829
0.0238	0.00152416	0.0602638
0.0239	0.00153015	0.0595379
0.024	0.00153607	0.0588052
0.0241	0.00154191	0.0580658
0.0242	0.00154768	0.0573199
0.0243	0.00155337	0.0565674
0.0244	0.00155899	0.0558084
0.0245	0.00156453	0.055043
0.0246	0.00157	0.0542713
0.0247	0.00157539	0.0534934
0.0248	0.0015807	0.0527094
0.0249	0.00158593	0.0519193
0.025	0.00159108	0.0511231
0.0251	0.00159615	0.0503211
0.0252	0.00160115	0.0495133
0.0253	0.00160606	0.0486996
0.0254	0.00161089	0.0478804
0.0255	0.00161563	0.0470555
0.0256	0.0016203	0.0462251
0.0257	0.00162488	0.0453894
0.0258	0.00162937	0.0445482
0.0259	0.00163379	0.0437019
0.026	0.00163811	0.0428503
0.0261	0.00164236	0.0419937
0.0262	0.00164651	0.0411321
0.0263	0.00165058	0.0402656
0.0264	0.00165457	0.0393943
0.0265	0.00165846	0.0385183
0.0266	0.00166227	0.0376376
0.0267	0.00166599	0.0367524
0.0268	0.00166962	0.0358627
0.0269	0.00167316	0.0349686
0.027	0.00167661	0.0340703
0.0271	0.00167998	0.0331677
0.0272	0.00168325	0.0322611
0.0273	0.00168643	0.0313504
0.0274	0.00168952	0.0304359
0.0275	0.00169251	0.0295175
0.0276	0.00169542	0.0285954
0.0277	0.00169823	0.0276696
0.0278	0.00170095	0.0267403
0.0279	0.00170358	0.0258075
0.028	0.00170612	0.0248714
0.0281	0.00170856	0.023932
0.0282	0.0017109	0.0229895
0.0283	0.00171315	0.0220439
0.0284	0.00171531	0.0210953
0.0285	0.00171737	0.0201438
0.0286	0.00171934	0.0191895
0.0287	0.00172121	0.0182326
0.0288	0.00172299	0.017273
0.0289	0.00172466	0.016311
0.029	0.00172625	0.0153465
0.0291	0.00172773	0.0143797
0.0292	0.00172912	0.0134108
0.0293	0.00173042	0.0124397
0.0294	0.00173161	0.0114666
0.0295	0.00173271	0.0104917
0.0296	0.00173371	0.00951485
0.0297	0.00173461	0.00853634
0.0298	0.00173542	0.0075562
0.0299	0.00173612	0.00657455
0.03	0.00173673	0.00559148
0.0301	0.00173724	0.00460709
0.0302	0.00173765	0.00362148
0.0303	0.00173797	0.00263474
0.0304	0.00173818	0.00164699
0.0305	0.0017383	0.000658312
0.0306	0.00173831	-0.000331187
0.0307	0.00173823	-0.00132141
0.0308	0.00173805	-0.00231226
0.0309	0.00173777	-0.00330362
0.031	0.00173739	-0.00429542
0.0311	0.00173691	-0.00528753
0.0312	0.00173633	-0.00627987
0.0313	0.00173565	-0.00727233
0.0314	0.00173487	-0.00826482
0.0315	0.001734	-0.00925723
0.0316	0.00173302	-0.0102495
0.0317	0.00173195	-0.0112414
0.0318	0.00173077	-0.012233
0.0319	0.0017295	-0.0132241
0.032	0.00172813	-0.0142146
0.0321	0.00172666	-0.0152045
0.0322	0.00172509	-0.0161936
0.0323	0.00172342	-0.0171818
0.0324	0.00172165	-0.018169
0.0325	0.00171979	-0.0191551
0.0326	0.00171782	-0.0201401
0.0327	0.00171576	-0.0211238
0.0328	0.0017136	-0.0221062
0.0329	0.00171134	-0.023087
0.033	0.00170898	-0.0240663
0.0331	0.00170652	-0.0250439
0.0332	0.00170397	-0.0260198
0.0333	0.00170132	-0.0269938
0.0334	0.00169857	-0.0279658
0.0335	0.00169573	-0.0289358
0.0336	0.00169279	-0.0299036
0.0337	0.00168975	-0.0308691
0.0338	0.00168661	-0.0318323
0.0339	0.00168338	-0.0327931
0.034	0.00168005	-0.0337513
0.0341	0.00167663	-0.0347068
0.0342	0.00167311	-0.0356596
0.0343	0.0016695	-0.0366096
0.0344	0.00166579	-0.0375566
0.0345	0.00166199	-0.0385006
0.0346	0.00165809	-0.0394415
0.0347	0.0016541	-0.0403792
0.0348	0.00165001	-0.0413136
0.0349	0.00164584	-0.0422445
0.035	0.00164157	-0.043172
0.0351	0.0016372	-0.0440958
0.0352	0.00163275	-0.045016
0.0353	0.0016282	-0.0459324
0.0354	0.00162356	-0.0468449
0.0355	0.00161883	-0.0477535
0.0356	0.00161401	-0.048658
0.0357	0.0016091	-0.0495583
0.0358	0.0016041	-0.0504544
0.0359	0.00159901	-0.0513462
0.036	0.00159383	-0.0522336
0.0361	0.00158856	-0.0531164
0.0362	0.00158321	-0.0539947
0.0363	0.00157776	-0.0548683
0.0364	0.00157223	-0.0557371
0.0365	0.00156662	-0.056601
0.0366	0.00156091	-0.05746
0.0367	0.00155512	-0.058314
0.0368	0.00154925	-0.0591628
0.0369	0.00154329	-0.0600065
0.037	0.00153725	-0.0608448
0.0371	0.00153112	-0.0616778
0.0372	0.00152491	-0.0625053
0.0373	0.00151862	-0.0633273
0.0374	0.00151225	-0.0641436
0.0375	0.00150579	-0.0649542
0.0376	0.00149926	-0.0657591
0.0377	0.00149264	-0.066558
0.0378	0.00148595	-0.0673511
0.0379	0.00147917	-0.0681381
0.038	0.00147232	-0.0689189
0.0381	0.00146539	-0.0696936
0.0382	0.00145838	-0.070462
0.0383	0.0014513	-0.0712241
0.0384	0.00144414	-0.0719798
0.0385	0.0014369	-0.0727289
0.0386	0.00142959	-0.0734715
0.0387	0.00142221	-0.0742074
0.0388	0.00141475	-0.0749366
0.0389	0.00140722	-0.075659
0.039	0.00139962	-0.0763745
0.0391	0.00139194	-0.0770831
0.0392	0.0013842	-0.0777847
0.0393	0.00137639	-0.0784792
0.0394	0.0013685	-0.0791665
0.0395	0.00136055	-0.0798466
0.0396	0.00135254	-0.0805194
0.0397	0.00134445	-0.0811849
0.0398	0.0013363	-0.0818429
0.0399	0.00132808	-0.0824935
0.04	0.0013198	-0.0831364
0.0401	0.00131145	-0.0837718
0.0402	0.00130305	-0.0843994
0.0403	0.00129458	-0.0850193
0.0404	0.00128604	-0.0856314
0.0405	0.00127745	-0.0862356
0.0406	0.0012688	-0.0868319
0.0407	0.00126008	-0.0874201
0.0408	0.00125131	-0.0880004
0.0409	0.00124248	-0.0885724
0.041	0.0012336	-0.0891364
0.0411	0.00122466	-0.089692
0.0412	0.00121566	-0.0902394
0.0413	0.00120661	-0.0907785
0.0414	0.0011975	-0.0913091
0.0415	0.00118835	-0.0918313
0.0416	0.00117914	-0.092345
0.0417	0.00116988	-0.0928501
0.0418	0.00116057	-0.0933467
0.0419	0.00115121	-0.0938345
0.042	0.0011418	-0.0943137
0.0421	0.00113235	-0.0947841
0.0422	0.00112285	-0.0952457
0.0423	0.0011133	-0.0956984
0.0424	0.00110371	-0.0961422
0.0425	0.00109407	-0.0965771
0.0426	0.00108439	-0.097003
0.0427	0.00107467	-0.0974199
0.0428	0.00106491	-0.0978277
0.0429	0.0010551	-0.0982264
0.043	0.00104526	-0.098616
0.0431	0.00103538	-0.0989963
0.0432	0.00102546	-0.0993674
0.0433	0.00101551	-0.0997292
0.0434	0.00100552	-0.100082
0.0435	0.000995492	-0.100425
0.0436	0.000985433	-0.100759
0.0437	0.000975341	-0.101083
0.0438	0.000965217	-0.101398
0.0439	0.000955062	-0.101704
0.044	0.000944876	-0.102
0.0441	0.000934662	-0.102286
0.0442	0.00092442	-0.102563
0.0443	0.00091415	-0.10283
0.0444	0.000903854	-0.103088
0.0445	0.000893533	-0.103336
0.0446	0.000883187	-0.103574
0.0447	0.000872818	-0.103803
0.0448	0.000862427	-0.104021
0.0449	0.000852014	-0.104231
0.045	0.000841581	-0.10443
0.0451	0.000831128	-0.10462
0.0452	0.000820657	-0.104799
0.0453	0.000810169	-0.104969
0.0454	0.000799664	-0.105129
0.0455	0.000789143	-0.10528
0.0456	0.000778608	-0.10542
0.0457	0.00076806	-0.10555
0.0458	0.000757499	-0.105671
0.0459	0.000746926	-0.105782
0.046	0.000736343	-0.105882
0.0461	0.00072575	-0.105973
0.0462	0.000715148	-0.106054
0.0463	0.000704539	-0.106125
0.0464	0.000693924	-0.106186
0.0465	0.000683302	-0.106237
0.0466	0.000672677	-0.106277
0.0467	0.000662047	-0.106308
0.0468	0.000651415	-0.106329
0.0469	0.000640782	-0.10634
0.047	0.000630148	-0.106341
0.0471	0.000619514	-0.106332
0.0472	0.000608881	-0.106313
0.0473	0.000598251	-0.106284
0.0474	0.000587625	-0.106245
0.0475	0.000577003	-0.106196
0.0476	0.000566386	-0.106137
0.0477	0.000555776	-0.106068
0.0478	0.000545173	-0.10599
0.0479	0.000534578	-0.105901
0.048	0.000523993	-0.105802
0.0481	0.000513418	-0.105693
0.0482	0.000502854	-0.105574
0.0483	0.000492303	-0.105446
0.0484	0.000481766	-0.105307
0.0485	0.000471242	-0.105159
0.0486	0.000460734	-0.105
0.0487	0.000450243	-0.104832
0.0488	0.000439768	-0.104654
0.0489	0.000429312	-0.104466
0.049	0.000418875	-0.104269
0.0491	0.000408459	-0.104061
0.0492	0.000398063	-0.103844
0.0493	0.00038769	-0.103617
0.0494	0.00037734	-0.10338
0.0495	0.000367014	-0.103134
0.0496	0.000356714	-0.102877
0.0497	0.000346439	-0.102612
0.0498	0.000336192	-0.102336
0.0499	0.000325972	-0.102051
0.05	0.000315782	-0.101756
0.0501	0.000305621	-0.101452
0.0502	0.000295492	-0.101138
0.0503	0.000285394	-0.100815
0.0504	0.000275329	-0.100482
0.0505	0.000265298	-0.10014
0.0506	0.000255301	-0.0997887
0.0507	0.00024534	-0.0994278
0.0508	0.000235416	-0.0990576
0.0509	0.000225529	-0.0986781
0.051	0.000215681	-0.0982894
0.0511	0.000205872	-0.0978914
0.0512	0.000196103	-0.0974843
0.0513	0.000186375	-0.097068
0.0514	0.00017669	-0.0966426
0.0515	0.000167047	-0.0962082
0.0516	0.000157448	-0.0957648
0.0517	0.000147894	-0.0953124
0.0518	0.000138386	-0.094851
0.0519	0.000128924	-0.0943808
0.052	0.00011951	-0.0939018
0.0521	0.000110144	-0.093414
0.0522	0.000100828	-0.0929175
0.0523	9.15611e-005	-0.0924123
0.0524	8.23455e-005	-0.0918984
0.0525	7.31817e-005	-0.091376
0.0526	6.40706e-005	-0.090845
0.0527	5.5013e-005	-0.0903056
0.0528	4.60098e-005	-0.0897577
0.0529	3.70617e-005	-0.0892015
0.053	2.81697e-005	-0.0886369
0.0531	1.93346e-005	-0.0880641
0.0532	1.05572e-005	-0.0874831
0.0533	1.83828e-006	-0.0868939
0.0534	-6.82131e-006	-0.0862966
0.0535	-1.54208e-005	-0.0856913
0.0536	-2.39593e-005	-0.0850781
0.0537	-3.24361e-005	-0.0844569
0.0538	-4.08504e-005	-0.0838279
0.0539	-4.92015e-005	-0.0831911
0.054	-5.74884e-005	-0.0825466
0.0541	-6.57105e-005	-0.0818944
0.0542	-7.3867e-005	-0.0812346
0.0543	-8.19572e-005	-0.0805674
0.0544	-8.99803e-005	-0.0798926
0.0545	-9.79355e-005	-0.0792104
0.0546	-0.000105822	-0.078521
0.0547	-0.000113639	-0.0778242
0.0548	-0.000121387	-0.0771203
0.0549	-0.000129063	-0.0764092
0.055	-0.000136668	-0.0756911
0.0551	-0.000144201	-0.0749661
0.0552	-0.000151661	-0.0742341
0.0553	-0.000159048	-0.0734953
0.0554	-0.00016636	-0.0727497
0.0555	-0.000173598	-0.0719974
0.0556	-0.000180759	-0.0712386
0.0557	-0.000187845	-0.0704732
0.0558	-0.000194854	-0.0697013
0.0559	-0.000201785	-0.068923
0.056	-0.000208638	-0.0681385
0.0561	-0.000215413	-0.0673477
0.0562	-0.000222108	-0.0665507
0.0563	-0.000228723	-0.0657477
0.0564	-0.000235257	-0.0649387
0.0565	-0.00024171	-0.0641238
0.0566	-0.000248081	-0.0633031
0.0567	-0.00025437	-0.0624766
0.0568	-0.000260577	-0.0616444
0.0569	-0.000266699	-0.0608067
0.057	-0.000272738	-0.0599634
0.0571	-0.000278692	-0.0591147
0.0572	-0.00028456	-0.0582608
0.0573	-0.000290344	-0.0574015
0.0574	-0.000296041	-0.0565371
0.0575	-0.000301651	-0.0556676
0.0576	-0.000307174	-0.0547931
0.0577	-0.000312609	-0.0539138
0.0578	-0.000317957	-0.0530296
0.0579	-0.000323215	-0.0521406
0.058	-0.000328385	-0.0512471
0.0581	-0.000333464	-0.050349
0.0582	-0.000338454	-0.0494464
0.0583	-0.000343354	-0.0485394
0.0584	-0.000348162	-0.0476282
0.0585	-0.000352879	-0.0467128
0.0586	-0.000357504	-0.0457933
0.0587	-0.000362038	-0.0448697
0.0588	-0.000366478	-0.0439423
0.0589	-0.000370826	-0.043011
0.059	-0.00037508	-0.042076
0.0591	-0.000379241	-0.0411373
0.0592	-0.000383308	-0.0401951
0.0593	-0.00038728	-0.0392495
0.0594	-0.000391157	-0.0383005
0.0595	-0.00039494	-0.0373482
0.0596	-0.000398627	-0.0363928
0.0597	-0.000402218	-0.0354342
0.0598	-0.000405714	-0.0344727
0.0599	-0.000409113	-0.0335084
0.06	-0.000412415	-0.0325412
0.0601	-0.000415621	-0.0315713
0.0602	-0.000418729	-0.0305989
0.0603	-0.000421741	-0.0296239
0.0604	-0.000424654	-0.0286465
0.0605	-0.00042747	-0.0276669
0.0606	-0.000430187	-0.026685
0.0607	-0.000432807	-0.025701
0.0608	-0.000435328	-0.024715
0.0609	-0.00043775	-0.0237271
0.061	-0.000440073	-0.0227374
0.0611	-0.000442297	-0.0217459
0.0612	-0.000444422	-0.0207529
0.0613	-0.000446448	-0.0197583
0.0614	-0.000448374	-0.0187623
0.0615	-0.0004502	-0.017765
0.0616	-0.000451927	-0.0167664
0.0617	-0.000453553	-0.0157667
0.0618	-0.00045508	-0.014766
0.0619	-0.000456506	-0.0137644
0.062	-0.000457833	-0.012762
0.0621	-0.000459059	-0.0117588
0.0622	-0.000460185	-0.010755
0.0623	-0.00046121	-0.00975066
0.0624	-0.000462135	-0.0087459
0.0625	-0.000462959	-0.00774082
0.0626	-0.000463683	-0.00673552
0.0627	-0.000464306	-0.00573009
0.0628	-0.000464829	-0.00472463
0.0629	-0.000465251	-0.00371924
0.063	-0.000465573	-0.00271403
0.0631	-0.000465794	-0.0017091
0.0632	-0.000465915	-0.000704532
0.0633	-0.000465935	0.000299559
0.0634	-0.000465855	0.00130308
0.0635	-0.000465674	0.00230592
0.0636	-0.000465393	0.00330799
0.0637	-0.000465013	0.00430919
0.0638	-0.000464532	0.00530941
0.0639	-0.000463951	0.00630857
0.064	-0.00046327	0.00730655
0.0641	-0.000462489	0.00830327
0.0642	-0.000461609	0.00929861
0.0643	-0.00046063	0.0102925
0.0644	-0.000459551	0.0112848
0.0645	-0.000458373	0.0122754
0.0646	-0.000457096	0.0132643
0.0647	-0.00045572	0.0142513
0.0648	-0.000454246	0.0152364
0.0649	-0.000452673	0.0162194
0.065	-0.000451002	0.0172002
0.0651	-0.000449233	0.0181788
0.0652	-0.000447366	0.019155
0.0653	-0.000445402	0.0201288
0.0654	-0.000443341	0.0211001
0.0655	-0.000441182	0.0220687
0.0656	-0.000438927	0.0230345
0.0657	-0.000436575	0.0239976
0.0658	-0.000434127	0.0249576
0.0659	-0.000431584	0.0259147
0.066	-0.000428945	0.0268687
0.0661	-0.00042621	0.0278194
0.0662	-0.000423381	0.0287668
0.0663	-0.000420457	0.0297108
0.0664	-0.000417439	0.0306514
0.0665	-0.000414327	0.0315883
0.0666	-0.000411121	0.0325215
0.0667	-0.000407823	0.033451
0.0668	-0.000404431	0.0343766
0.0669	-0.000400947	0.0352982
0.067	-0.000397372	0.0362158
0.0671	-0.000393704	0.0371293
0.0672	-0.000389946	0.0380385
0.0673	-0.000386097	0.0389433
0.0674	-0.000382157	0.0398438
0.0675	-0.000378128	0.0407397
0.0676	-0.00037401	0.0416311
0.0677	-0.000369802	0.0425178
0.0678	-0.000365506	0.0433997
0.0679	-0.000361122	0.0442767
0.068	-0.000356651	0.0451488
0.0681	-0.000352093	0.0460159
0.0682	-0.000347448	0.0468778
0.0683	-0.000342717	0.0477346
0.0684	-0.000337901	0.048586
0.0685	-0.000333	0.0494321
0.0686	-0.000328015	0.0502727
0.0687	-0.000322946	0.0511078
0.0688	-0.000317794	0.0519372
0.0689	-0.000312559	0.052761
0.069	-0.000307242	0.0535789
0.0691	-0.000301843	0.054391
0.0692	-0.000296364	0.0551971
0.0693	-0.000290804	0.0559972
0.0694	-0.000285165	0.0567912
0.0695	-0.000279446	0.057579
0.0696	-0.000273649	0.0583605
0.0697	-0.000267774	0.0591357
0.0698	-0.000261822	0.0599045
0.0699	-0.000255793	0.0606667
0.07	-0.000249689	0.0614224
0.0701	-0.000243509	0.0621715
0.0702	-0.000237255	0.0629138
0.0703	-0.000230927	0.0636493
0.0704	-0.000224525	0.0643779
0.0705	-0.000218051	0.0650996
0.0706	-0.000211505	0.0658143
0.0707	-0.000204889	0.0665219
0.0708	-0.000198201	0.0672223
0.0709	-0.000191444	0.0679156
0.071	-0.000184618	0.0686015
0.0711	-0.000177724	0.06928
0.0712	-0.000170763	0.0699512
0.0713	-0.000163734	0.0706148
0.0714	-0.00015664	0.0712709
0.0715	-0.00014948	0.0719193
0.0716	-0.000142256	0.07256
0.0717	-0.000134969	0.073193
0.0718	-0.000127618	0.0738182
0.0719	-0.000120205	0.0744355
0.072	-0.000112731	0.0750449
0.0721	-0.000105197	0.0756462
0.0722	-9.76022e-005	0.0762395
0.0723	-8.99489e-005	0.0768247
0.0724	-8.22376e-005	0.0774017
0.0725	-7.44689e-005	0.0779704
0.0726	-6.66438e-005	0.0785309
0.0727	-5.8763e-005	0.079083
0.0728	-5.08274e-005	0.0796267
0.0729	-4.28379e-005	0.080162
0.073	-3.47953e-005	0.0806887
0.0731	-2.67005e-005	0.0812069
0.0732	-1.85542e-005	0.0817165
0.0733	-1.03575e-005	0.0822174
0.0734	-2.11106e-006	0.0827096
0.0735	6.18414e-006	0.083193
0.0736	1.45272e-005	0.0836676
0.0737	2.29174e-005	0.0841334
0.0738	3.13536e-005	0.0845902
0.0739	3.98351e-005	0.0850382
0.074	4.8361e-005	0.0854771
0.0741	5.69302e-005	0.085907
0.0742	6.5542e-005	0.0863278
0.0743	7.41955e-005	0.0867395
0.0744	8.28896e-005	0.087142
0.0745	9.16236e-005	0.0875354
0.0746	0.000100396	0.0879194
0.0747	0.000109207	0.0882943
0.0748	0.000118055	0.0886598
0.0749	0.000126939	0.0890159
0.075	0.000135858	0.0893627
0.0751	0.000144811	0.0897
0.0752	0.000153798	0.0900279
0.0753	0.000162816	0.0903464
0.0754	0.000171866	0.0906553
0.0755	0.000180947	0.0909546
0.0756	0.000190057	0.0912444
0.0757	0.000199196	0.0915246
0.0758	0.000208362	0.0917951
0.0759	0.000217554	0.092056
0.076	0.000226773	0.0923072
0.0761	0.000236015	0.0925487
0.0762	0.000245282	0.0927804
0.0763	0.000254571	0.0930024
0.0764	0.000263882	0.0932147
0.0765	0.000273214	0.0934171
0.0766	0.000282565	0.0936097
0.0767	0.000291935	0.0937925
0.0768	0.000301323	0.0939654
0.0769	0.000310728	0.0941284
0.077	0.000320149	0.0942816
0.0771	0.000329584	0.0944249
0.0772	0.000339033	0.0945582
0.0773	0.000348495	0.0946816
0.0774	0.000357969	0.0947951
0.0775	0.000367454	0.0948986
0.0776	0.000376949	0.0949922
0.0777	0.000386452	0.0950758
0.0778	0.000395964	0.0951494
0.0779	0.000405482	0.0952131
0.078	0.000415006	0.0952667
0.0781	0.000424535	0.0953104
0.0782	0.000434068	0.095344
0.0783	0.000443603	0.0953677
0.0784	0.000453141	0.0953813
0.0785	0.000462679	0.095385
0.0786	0.000472217	0.0953786
0.0787	0.000481755	0.0953623
0.0788	0.00049129	0.0953359
0.0789	0.000500821	0.0952995
0.079	0.000510349	0.0952532
0.0791	0.000519872	0.0951968
0.0792	0.000529388	0.0951305
0.0793	0.000538898	0.0950542
0.0794	0.000548399	0.0949679
0.0795	0.000557891	0.0948717
0.0796	0.000567373	0.0947655
0.0797	0.000576844	0.0946494
0.0798	0.000586302	0.0945234
0.0799	0.000595748	0.0943874
0.08	0.000605179	0.0942415
0.0801	0.000614596	0.0940858
0.0802	0.000623996	0.0939202
0.0803	0.00063338	0.0937448
0.0804	0.000642745	0.0935595
0.0805	0.000652091	0.0933644
0.0806	0.000661417	0.0931595
0.0807	0.000670723	0.0929448
0.0808	0.000680006	0.0927204
0.0809	0.000689266	0.0924863
0.081	0.000698503	0.0922424
0.0811	0.000707715	0.0919889
0.0812	0.0007169	0.0917257
0.0813	0.000726059	0.0914529
0.0814	0.000735191	0.0911705
0.0815	0.000744293	0.0908786
0.0816	0.000753366	0.0905771
0.0817	0.000762408	0.090266
0.0818	0.000771419	0.0899455
0.0819	0.000780397	0.0896156
0.082	0.000789342	0.0892763
0.0821	0.000798252	0.0889275
0.0822	0.000807127	0.0885694
0.0823	0.000815966	0.0882021
0.0824	0.000824767	0.0878254
0.0825	0.00083353	0.0874395
0.0826	0.000842255	0.0870445
0.0827	0.000850939	0.0866403
0.0828	0.000859582	0.0862269
0.0829	0.000868184	0.0858045
0.083	0.000876743	0.0853731
0.0831	0.000885258	0.0849327
0.0832	0.000893729	0.0844834
0.0833	0.000902155	0.0840251
0.0834	0.000910534	0.083558
0.0835	0.000918866	0.0830821
0.0836	0.00092715	0.0825975
0.0837	0.000935385	0.0821042
0.0838	0.000943571	0.0816022
0.0839	0.000951705	0.0810916
0.084	0.000959789	0.0805725
0.0841	0.00096782	0.0800448
0.0842	0.000975797	0.0795087
0.0843	0.000983721	0.0789642
0.0844	0.00099159	0.0784114
0.0845	0.000999403	0.0778503
0.0846	0.00100716	0.077281
0.0847	0.00101486	0.0767035
0.0848	0.0010225	0.076118
0.0849	0.00103008	0.0755243
0.085	0.0010376	0.0749227
0.0851	0.00104507	0.0743131
0.0852	0.00105247	0.0736957
0.0853	0.00105981	0.0730705
0.0854	0.00106708	0.0724375
0.0855	0.00107429	0.0717969
0.0856	0.00108144	0.0711486
0.0857	0.00108852	0.0704928
0.0858	0.00109554	0.0698295
0.0859	0.00110249	0.0691588
0.086	0.00110937	0.0684807
0.0861	0.00111618	0.0677954
0.0862	0.00112293	0.0671028
0.0863	0.0011296	0.0664031
0.0864	0.00113621	0.0656964
0.0865	0.00114274	0.0649826
0.0866	0.00114921	0.0642619
0.0867	0.0011556	0.0635344
0.0868	0.00116191	0.0628001
0.0869	0.00116816	0.062059
0.087	0.00117432	0.0613114
0.0871	0.00118042	0.0605571
0.0872	0.00118643	0.0597964
0.0873	0.00119238	0.0590293
0.0874	0.00119824	0.0582558
0.0875	0.00120403	0.0574762
0.0876	0.00120974	0.0566903
0.0877	0.00121537	0.0558983
0.0878	0.00122092	0.0551003
0.0879	0.00122638	0.0542964
0.088	0.00123177	0.0534866
0.0881	0.00123708	0.0526711
0.0882	0.00124231	0.0518499
0.0883	0.00124745	0.051023
0.0884	0.00125251	0.0501907
0.0885	0.00125749	0.0493529
0.0886	0.00126238	0.0485097
0.0887	0.00126719	0.0476613
0.0888	0.00127192	0.0468077
0.0889	0.00127655	0.045949
0.089	0.0012811	0.0450852
0.0891	0.00128557	0.0442166
0.0892	0.00128995	0.0433431
0.0893	0.00129424	0.0424648
0.0894	0.00129844	0.0415819
0.0895	0.00130255	0.0406944
0.0896	0.00130658	0.0398024
0.0897	0.00131051	0.038906
0.0898	0.00131436	0.0380054
0.0899	0.00131812	0.0371005
0.09	0.00132178	0.0361914
0.0901	0.00132535	0.0352784
0.0902	0.00132884	0.0343614
0.0903	0.00133223	0.0334405
0.0904	0.00133552	0.0325159
0.0905	0.00133873	0.0315876
0.0906	0.00134184	0.0306558
0.0907	0.00134486	0.0297205
0.0908	0.00134779	0.0287818
0.0909	0.00135062	0.0278398
0.091	0.00135335	0.0268946
0.0911	0.001356	0.0259463
0.0912	0.00135854	0.024995
0.0913	0.00136099	0.0240408
0.0914	0.00136335	0.0230838
0.0915	0.00136561	0.022124
0.0916	0.00136778	0.0211617
0.0917	0.00136984	0.0201968
0.0918	0.00137181	0.0192295
0.0919	0.00137369	0.0182598
0.092	0.00137547	0.017288
0.0921	0.00137715	0.016314
0.0922	0.00137873	0.0153379
0.0923	0.00138021	0.0143599
0.0924	0.0013816	0.0133801
0.0925	0.00138289	0.0123985
0.0926	0.00138408	0.0114153
0.0927	0.00138517	0.0104305
0.0928	0.00138617	0.00944434
0.0929	0.00138706	0.00845678
0.093	0.00138786	0.00746798
0.0931	0.00138856	0.00647803
0.0932	0.00138915	0.00548702
0.0933	0.00138965	0.00449507
0.0934	0.00139005	0.00350227
0.0935	0.00139035	0.00250871
0.0936	0.00139055	0.00151451
0.0937	0.00139066	0.000519747
0.0938	0.00139066	-0.000475463
0.0939	0.00139056	-0.00147102
0.094	0.00139036	-0.00246684
0.0941	0.00139007	-0.0034628
0.0942	0.00138967	-0.00445882
0.0943	0.00138918	-0.00545479
0.0944	0.00138858	-0.00645061
0.0945	0.00138789	-0.00744618
0.0946	0.00138709	-0.00844141
0.0947	0.0013862	-0.00943618
0.0948	0.0013852	-0.0104304
0.0949	0.00138411	-0.011424
0.095	0.00138292	-0.0124168
0.0951	0.00138163	-0.0134088
0.0952	0.00138024	-0.0143998
0.0953	0.00137875	-0.0153898
0.0954	0.00137716	-0.0163787
0.0955	0.00137547	-0.0173663
0.0956	0.00137369	-0.0183525
0.0957	0.0013718	-0.0193374
0.0958	0.00136982	-0.0203206
0.0959	0.00136774	-0.0213023
0.096	0.00136556	-0.0222822
0.0961	0.00136328	-0.0232602
0.0962	0.00136091	-0.0242363
0.0963	0.00135843	-0.0252104
0.0964	0.00135586	-0.0261824
0.0965	0.0013532	-0.0271521
0.0966	0.00135043	-0.0281195
0.0967	0.00134757	-0.0290845
0.0968	0.00134462	-0.0300469
0.0969	0.00134156	-0.0310068
0.097	0.00133842	-0.0319639
0.0971	0.00133517	-0.0329182
0.0972	0.00133183	-0.0338696
0.0973	0.0013284	-0.034818
0.0974	0.00132487	-0.0357633
0.0975	0.00132125	-0.0367054
0.0976	0.00131753	-0.0376443
0.0977	0.00131372	-0.0385797
0.0978	0.00130981	-0.0395117
0.0979	0.00130581	-0.0404401
0.098	0.00130172	-0.0413649
0.0981	0.00129754	-0.0422859
0.0982	0.00129327	-0.043203
0.0983	0.0012889	-0.0441162
0.0984	0.00128444	-0.0450254
0.0985	0.0012799	-0.0459305
0.0986	0.00127526	-0.0468313
0.0987	0.00127053	-0.0477278
0.0988	0.00126571	-0.04862
0.0989	0.00126081	-0.0495077
0.099	0.00125581	-0.0503908
0.0991	0.00125073	-0.0512692
0.0992	0.00124556	-0.0521429
0.0993	0.0012403	-0.0530117
0.0994	0.00123496	-0.0538757
0.0995	0.00122953	-0.0547346
0.0996	0.00122401	-0.0555884
0.0997	0.00121841	-0.0564371
0.0998	0.00121272	-0.0572804
0.0999	0.00120695	-0.0581185
0.1	0.0012011	-0.058951
0.1001	0.00119516	-0.0597781
0.1002	0.00118914	-0.0605996
0.1003	0.00118304	-0.0614153
0.1004	0.00117686	-0.0622254
0.1005	0.0011706	-0.0630295
0.1006	0.00116425	-0.0638277
0.1007	0.00115783	-0.06462
0.1008	0.00115133	-0.0654061
0.1009	0.00114475	-0.0661861
0.101	0.00113809	-0.0669598
0.1011	0.00113136	-0.0677272
0.1012	0.00112455	-0.0684881
0.1013	0.00111766	-0.0692427
0.1014	0.0011107	-0.0699906
0.1015	0.00110366	-0.0707319
0.1016	0.00109655	-0.0714666
0.1017	0.00108937	-0.0721944
0.1018	0.00108211	-0.0729154
0.1019	0.00107479	-0.0736295
0.102	0.00106739	-0.0743366
0.1021	0.00105992	-0.0750366
0.1022	0.00105238	-0.0757294
0.1023	0.00104477	-0.0764151
0.1024	0.0010371	-0.0770935
0.1025	0.00102936	-0.0777646
0.1026	0.00102155	-0.0784282
0.1027	0.00101367	-0.0790844
0.1028	0.00100573	-0.079733
0.1029	0.000997725	-0.080374
0.103	0.000989656	-0.0810073
0.1031	0.000981524	-0.0816329
0.1032	0.000973329	-0.0822507
0.1033	0.000965074	-0.0828607
0.1034	0.000956757	-0.0834627
0.1035	0.000948381	-0.0840567
0.1036	0.000939946	-0.0846427
0.1037	0.000931453	-0.0852206
0.1038	0.000922903	-0.0857903
0.1039	0.000914295	-0.0863518
0.104	0.000905632	-0.086905
0.1041	0.000896915	-0.0874499
0.1042	0.000888143	-0.0879865
0.1043	0.000879318	-0.0885145
0.1044	0.00087044	-0.0890341
0.1045	0.000861511	-0.0895452
0.1046	0.000852531	-0.0900476
0.1047	0.000843502	-0.0905414
0.1048	0.000834423	-0.0910265
0.1049	0.000825297	-0.0915029
0.105	0.000816123	-0.0919704
0.1051	0.000806903	-0.0924292
0.1052	0.000797638	-0.092879
0.1053	0.000788328	-0.0933199
0.1054	0.000778974	-0.0937518
0.1055	0.000769577	-0.0941747
0.1056	0.000760139	-0.0945886
0.1057	0.00075066	-0.0949933
0.1058	0.000741141	-0.0953889
0.1059	0.000731583	-0.0957753
0.106	0.000721986	-0.0961525
0.1061	0.000712352	-0.0965204
0.1062	0.000702682	-0.0968791
0.1063	0.000692977	-0.0972283
0.1064	0.000683237	-0.0975683
0.1065	0.000673464	-0.0978988
0.1066	0.000663658	-0.0982199
0.1067	0.00065382	-0.0985315
0.1068	0.000643952	-0.0988336
0.1069	0.000634053	-0.0991261
0.107	0.000624127	-0.0994091
0.1071	0.000614172	-0.0996825
0.1072	0.00060419	-0.0999463
0.1073	0.000594183	-0.1002
0.1074	0.000584151	-0.100445
0.1075	0.000574094	-0.10068
0.1076	0.000564015	-0.100905
0.1077	0.000553914	-0.10112
0.1078	0.000543791	-0.101326
0.1079	0.000533649	-0.101521
0.108	0.000523487	-0.101707
0.1081	0.000513308	-0.101884
0.1082	0.000503111	-0.10205
0.1083	0.000492898	-0.102206
0.1084	0.00048267	-0.102353
0.1085	0.000472428	-0.102489
0.1086	0.000462173	-0.102616
0.1087	0.000451905	-0.102733
0.1088	0.000441626	-0.10284
0.1089	0.000431337	-0.102937
0.109	0.000421039	-0.103024
0.1091	0.000410733	-0.103101
0.1092	0.000400419	-0.103168
0.1093	0.0003901	-0.103225
0.1094	0.000379775	-0.103272
0.1095	0.000369445	-0.10331
0.1096	0.000359113	-0.103337
0.1097	0.000348778	-0.103354
0.1098	0.000338443	-0.103361
0.1099	0.000328106	-0.103358
0.11	0.000317771	-0.103345
0.1101	0.000307438	-0.103323
0.1102	0.000297107	-0.10329
0.1103	0.00028678	-0.103247
0.1104	0.000276458	-0.103194
0.1105	0.000266142	-0.103131
0.1106	0.000255832	-0.103059
0.1107	0.00024553	-0.102976
0.1108	0.000235237	-0.102883
0.1109	0.000224954	-0.102781
0.111	0.000214681	-0.102668
0.1111	0.000204421	-0.102546
0.1112	0.000194172	-0.102413
0.1113	0.000183938	-0.102271
0.1114	0.000173719	-0.102119
0.1115	0.000163515	-0.101957
0.1116	0.000153328	-0.101785
0.1117	0.000143158	-0.101603
0.1118	0.000133007	-0.101411
0.1119	0.000122876	-0.10121
0.112	0.000112766	-0.100999
0.1121	0.000102677	-0.100778
0.1122	9.26105e-005	-0.100547
0.1123	8.25678e-005	-0.100306
0.1124	7.25496e-005	-0.100056
0.1125	6.25568e-005	-0.0997964
0.1126	5.25906e-005	-0.099527
0.1127	4.26518e-005	-0.0992479
0.1128	3.27413e-005	-0.0989592
0.1129	2.28602e-005	-0.0986609
0.113	1.30095e-005	-0.0983531
0.1131	3.18994e-006	-0.0980358
0.1132	-6.59738e-006	-0.097709
0.1133	-1.63515e-005	-0.0973728
0.1134	-2.60716e-005	-0.0970272
0.1135	-3.57567e-005	-0.0966721
0.1136	-4.54057e-005	-0.0963078
0.1137	-5.50179e-005	-0.0959341
0.1138	-6.45923e-005	-0.0955512
0.1139	-7.41278e-005	-0.0951591
0.114	-8.36238e-005	-0.0947577
0.1141	-9.30791e-005	-0.0943472
0.1142	-0.000102493	-0.0939276
0.1143	-0.000111864	-0.093499
0.1144	-0.000121192	-0.0930613
0.1145	-0.000130476	-0.0926146
0.1146	-0.000139715	-0.092159
0.1147	-0.000148908	-0.0916945
0.1148	-0.000158054	-0.0912212
0.1149	-0.000167152	-0.090739
0.115	-0.000176201	-0.0902481
0.1151	-0.000185201	-0.0897485
0.1152	-0.000194151	-0.0892403
0.1153	-0.000203049	-0.0887234
0.1154	-0.000211895	-0.088198
0.1155	-0.000220688	-0.0876641
0.1156	-0.000229427	-0.0871217
0.1157	-0.000238112	-0.086571
0.1158	-0.000246741	-0.0860119
0.1159	-0.000255314	-0.0854446
0.116	-0.00026383	-0.084869
0.1161	-0.000272288	-0.0842852
0.1162	-0.000280687	-0.0836933
0.1163	-0.000289026	-0.0830934
0.1164	-0.000297305	-0.0824855
0.1165	-0.000305523	-0.0818697
0.1166	-0.000313679	-0.081246
0.1167	-0.000321772	-0.0806145
0.1168	-0.000329802	-0.0799752
0.1169	-0.000337767	-0.0793283
0.117	-0.000345667	-0.0786737
0.1171	-0.000353501	-0.0780116
0.1172	-0.000361269	-0.077342
0.1173	-0.000368969	-0.076665
0.1174	-0.000376602	-0.0759806
0.1175	-0.000384165	-0.075289
0.1176	-0.000391659	-0.0745901
0.1177	-0.000399083	-0.0738841
0.1178	-0.000406436	-0.073171
0.1179	-0.000413717	-0.072451
0.118	-0.000420926	-0.0717239
0.1181	-0.000428062	-0.0709901
0.1182	-0.000435124	-0.0702494
0.1183	-0.000442111	-0.069502
0.1184	-0.000449024	-0.068748
0.1185	-0.000455861	-0.0679874
0.1186	-0.000462621	-0.0672204
0.1187	-0.000469305	-0.0664469
0.1188	-0.00047591	-0.0656671
0.1189	-0.000482438	-0.064881
0.119	-0.000488886	-0.0640888
0.1191	-0.000495255	-0.0632904
0.1192	-0.000501544	-0.0624861
0.1193	-0.000507752	-0.0616758
0.1194	-0.000513879	-0.0608596
0.1195	-0.000519924	-0.0600377
0.1196	-0.000525886	-0.05921
0.1197	-0.000531766	-0.0583768
0.1198	-0.000537562	-0.057538
0.1199	-0.000543273	-0.0566938
0.12	-0.0005489	-0.0558442
0.1201	-0.000554442	-0.0549893
0.1202	-0.000559898	-0.0541293
0.1203	-0.000565268	-0.0532641
0.1204	-0.000570551	-0.0523939
0.1205	-0.000575746	-0.0515188
0.1206	-0.000580854	-0.0506388
0.1207	-0.000585874	-0.0497541
0.1208	-0.000590805	-0.0488647
0.1209	-0.000595647	-0.0479707
0.121	-0.000600399	-0.0470722
0.1211	-0.000605061	-0.0461694
0.1212	-0.000609633	-0.0452622
0.1213	-0.000614113	-0.0443507
0.1214	-0.000618503	-0.0434352
0.1215	-0.0006228	-0.0425156
0.1216	-0.000627006	-0.0415921
0.1217	-0.000631118	-0.0406647
0.1218	-0.000635138	-0.0397335
0.1219	-0.000639065	-0.0387987
0.122	-0.000642898	-0.0378603
0.1221	-0.000646637	-0.0369184
0.1222	-0.000650282	-0.0359731
0.1223	-0.000653831	-0.0350245
0.1224	-0.000657286	-0.0340727
0.1225	-0.000660646	-0.0331178
0.1226	-0.00066391	-0.0321599
0.1227	-0.000667078	-0.031199
0.1228	-0.00067015	-0.0302354
0.1229	-0.000673125	-0.029269
0.123	-0.000676003	-0.0283
0.1231	-0.000678785	-0.0273285
0.1232	-0.000681469	-0.0263545
0.1233	-0.000684055	-0.0253782
0.1234	-0.000686544	-0.0243996
0.1235	-0.000688935	-0.0234189
0.1236	-0.000691228	-0.0224362
0.1237	-0.000693423	-0.0214515
0.1238	-0.000695518	-0.0204649
0.1239	-0.000697515	-0.0194766
0.124	-0.000699414	-0.0184867
0.1241	-0.000701213	-0.0174952
0.1242	-0.000702913	-0.0165022
0.1243	-0.000704513	-0.0155079
0.1244	-0.000706014	-0.0145123
0.1245	-0.000707416	-0.0135156
0.1246	-0.000708717	-0.0125178
0.1247	-0.000709919	-0.0115191
0.1248	-0.000711021	-0.0105195
0.1249	-0.000712023	-0.00951911
0.125	-0.000712925	-0.00851808
0.1251	-0.000713727	-0.00751649
0.1252	-0.000714428	-0.00651444
0.1253	-0.000715029	-0.00551203
0.1254	-0.000715531	-0.00450936
0.1255	-0.000715931	-0.00350653
0.1256	-0.000716232	-0.00250364
0.1257	-0.000716432	-0.00150078
0.1258	-0.000716532	-0.00049807
0.1259	-0.000716532	0.000504405
0.126	-0.000716431	0.00150654
0.1261	-0.00071623	0.00250824
0.1262	-0.000715929	0.00350939
0.1263	-0.000715529	0.00450991
0.1264	-0.000715028	0.00550969
0.1265	-0.000714427	0.00650863
0.1266	-0.000713726	0.00750664
0.1267	-0.000712925	0.00850361
0.1268	-0.000712025	0.00949944
0.1269	-0.000711025	0.010494
0.127	-0.000709926	0.0114873
0.1271	-0.000708728	0.0124791
0.1272	-0.000707431	0.0134694
0.1273	-0.000706034	0.0144581
0.1274	-0.000704539	0.015445
0.1275	-0.000702945	0.0164301
0.1276	-0.000701253	0.0174133
0.1277	-0.000699463	0.0183944
0.1278	-0.000697574	0.0193734
0.1279	-0.000695588	0.0203502
0.128	-0.000693504	0.0213247
0.1281	-0.000691323	0.0222968
0.1282	-0.000689045	0.0232664
0.1283	-0.00068667	0.0242333
0.1284	-0.000684198	0.0251976
0.1285	-0.000681631	0.026159
0.1286	-0.000678967	0.0271176
0.1287	-0.000676207	0.0280731
0.1288	-0.000673352	0.0290256
0.1289	-0.000670402	0.0299749
0.129	-0.000667357	0.0309209
0.1291	-0.000664218	0.0318635
0.1292	-0.000660985	0.0328027
0.1293	-0.000657658	0.0337383
0.1294	-0.000654237	0.0346702
0.1295	-0.000650724	0.0355984
0.1296	-0.000647118	0.0365228
0.1297	-0.000643419	0.0374433
0.1298	-0.000639629	0.0383597
0.1299	-0.000635748	0.039272
0.13	-0.000631775	0.0401801
0.1301	-0.000627712	0.0410839
0.1302	-0.000623558	0.0419833
0.1303	-0.000619315	0.0428783
0.1304	-0.000614983	0.0437686
0.1305	-0.000610562	0.0446544
0.1306	-0.000606052	0.0455354
0.1307	-0.000601455	0.0464115
0.1308	-0.00059677	0.0472828
0.1309	-0.000591998	0.048149
0.131	-0.00058714	0.0490102
0.1311	-0.000582196	0.0498661
0.1312	-0.000577167	0.0507169
0.1313	-0.000572053	0.0515622
0.1314	-0.000566855	0.0524022
0.1315	-0.000561573	0.0532366
0.1316	-0.000556208	0.0540654
0.1317	-0.00055076	0.0548886
0.1318	-0.00054523	0.055706
0.1319	-0.000539619	0.0565175
0.132	-0.000533927	0.0573232
0.1321	-0.000528155	0.0581228
0.1322	-0.000522303	0.0589163
0.1323	-0.000516372	0.0597037
0.1324	-0.000510362	0.0604848
0.1325	-0.000504275	0.0612596
0.1326	-0.00049811	0.0620281
0.1327	-0.000491869	0.06279
0.1328	-0.000485553	0.0635454
0.1329	-0.000479161	0.0642942
0.133	-0.000472694	0.0650363
0.1331	-0.000466154	0.0657716
0.1332	-0.00045954	0.0665
0.1333	-0.000452854	0.0672216
0.1334	-0.000446096	0.0679361
0.1335	-0.000439267	0.0686436
0.1336	-0.000432367	0.069344
0.1337	-0.000425398	0.0700371
0.1338	-0.00041836	0.070723
0.1339	-0.000411254	0.0714016
0.134	-0.00040408	0.0720727
0.1341	-0.00039684	0.0727364
0.1342	-0.000389533	0.0733925
0.1343	-0.000382161	0.074041
0.1344	-0.000374725	0.0746819
0.1345	-0.000367225	0.075315
0.1346	-0.000359662	0.0759403
0.1347	-0.000352037	0.0765578
0.1348	-0.000344351	0.0771673
0.1349	-0.000336604	0.0777689
0.135	-0.000328798	0.0783624
0.1351	-0.000320932	0.0789479
0.1352	-0.000313008	0.0795251
0.1353	-0.000305027	0.0800942
0.1354	-0.00029699	0.080655
0.1355	-0.000288897	0.0812074
0.1356	-0.000280749	0.0817515
0.1357	-0.000272547	0.0822871
0.1358	-0.000264291	0.0828143
0.1359	-0.000255984	0.0833329
0.136	-0.000247625	0.0838429
0.1361	-0.000239216	0.0843443
0.1362	-0.000230757	0.0848369
0.1363	-0.000222249	0.0853208
0.1364	-0.000213693	0.085796
0.1365	-0.00020509	0.0862623
0.1366	-0.00019644	0.0867197
0.1367	-0.000187746	0.0871682
0.1368	-0.000179007	0.0876077
0.1369	-0.000170225	0.0880381
0.137	-0.0001614	0.0884596
0.1371	-0.000152533	0.0888719
0.1372	-0.000143626	0.089275
0.1373	-0.000134678	0.089669
0.1374	-0.000125692	0.0900538
0.1375	-0.000116668	0.0904293
0.1376	-0.000107607	0.0907955
0.1377	-9.85092e-005	0.0911524
0.1378	-8.93765e-005	0.0914999
0.1379	-8.02096e-005	0.0918379
0.138	-7.10093e-005	0.0921666
0.1381	-6.17766e-005	0.0924858
0.1382	-5.25124e-005	0.0927954
0.1383	-4.32178e-005	0.0930956
0.1384	-3.38936e-005	0.0933861
0.1385	-2.45409e-005	0.0936671
0.1386	-1.51605e-005	0.0939385
0.1387	-5.75352e-006	0.0942002
0.1388	3.67918e-006	0.0944522
0.1389	1.31366e-005	0.0946946
0.139	2.26178e-005	0.0949272
0.1391	3.21217e-005	0.0951501
0.1392	4.16475e-005	0.0953632
0.1393	5.1194e-005	0.0955665
0.1394	6.07604e-005	0.09576
0.1395	7.03457e-005	0.0959437
0.1396	7.99488e-005	0.0961175
0.1397	8.95689e-005	0.0962815
0.1398	9.92048e-005	0.0964355
0.1399	0.000108856	0.0965797
0.14	0.00011852	0.096714
0.1401	0.000128198	0.0968384
0.1402	0.000137888	0.0969528
0.1403	0.000147588	0.0970573
0.1404	0.000157299	0.0971518
0.1405	0.000167018	0.0972364
0.1406	0.000176746	0.097311
0.1407	0.00018648	0.0973756
0.1408	0.000196221	0.0974302
0.1409	0.000205966	0.0974749
0.141	0.000215715	0.0975095
0.1411	0.000225468	0.0975342
0.1412	0.000235222	0.0975488
0.1413	0.000244977	0.0975534
0.1414	0.000254732	0.0975481
0.1415	0.000264486	0.0975327
0.1416	0.000274238	0.0975074
0.1417	0.000283987	0.097472
0.1418	0.000293732	0.0974266
0.1419	0.000303472	0.0973713
0.142	0.000313206	0.097306
0.1421	0.000322933	0.0972307
0.1422	0.000332652	0.0971454
0.1423	0.000342362	0.0970502
0.1424	0.000352062	0.096945
0.1425	0.000361751	0.0968299
0.1426	0.000371427	0.0967048
0.1427	0.000381091	0.0965699
0.1428	0.000390741	0.096425
0.1429	0.000400376	0.0962703
0.143	0.000409995	0.0961056
0.1431	0.000419597	0.0959312
0.1432	0.000429181	0.0957469
0.1433	0.000438746	0.0955528
0.1434	0.000448291	0.0953488
0.1435	0.000457815	0.0951351
0.1436	0.000467318	0.0949117
0.1437	0.000476797	0.0946785
0.1438	0.000486253	0.0944356
0.1439	0.000495684	0.094183
0.144	0.000505089	0.0939208
0.1441	0.000514468	0.0936489
0.1442	0.000523819	0.0933675
0.1443	0.000533141	0.0930764
0.1444	0.000542434	0.0927758
0.1445	0.000551696	0.0924657
0.1446	0.000560927	0.0921461
0.1447	0.000570125	0.091817
0.1448	0.00057929	0.0914786
0.1449	0.00058842	0.0911307
0.145	0.000597516	0.0907735
0.1451	0.000606575	0.090407
0.1452	0.000615597	0.0900312
0.1453	0.000624581	0.0896461
0.1454	0.000633526	0.0892519
0.1455	0.000642431	0.0888485
0.1456	0.000651295	0.0884359
0.1457	0.000660118	0.0880143
0.1458	0.000668897	0.0875837
0.1459	0.000677634	0.087144
0.146	0.000686326	0.0866954
0.1461	0.000694973	0.0862379
0.1462	0.000703573	0.0857716
0.1463	0.000712127	0.0852964
0.1464	0.000720632	0.0848125
0.1465	0.000729089	0.0843198
0.1466	0.000737496	0.0838185
0.1467	0.000745852	0.0833086
0.1468	0.000754157	0.0827901
0.1469	0.00076241	0.0822631
0.147	0.00077061	0.0817276
0.1471	0.000778755	0.0811837
0.1472	0.000786846	0.0806315
0.1473	0.000794881	0.080071
0.1474	0.00080286	0.0795022
0.1475	0.000810782	0.0789253
0.1476	0.000818645	0.0783402
0.1477	0.000826449	0.0777471
0.1478	0.000834194	0.0771459
0.1479	0.000841878	0.0765368
0.148	0.000849501	0.0759199
0.1481	0.000857062	0.0752951
0.1482	0.00086456	0.0746625
0.1483	0.000871994	0.0740223
0.1484	0.000879364	0.0733744
0.1485	0.000886669	0.0727189
0.1486	0.000893908	0.072056
0.1487	0.00090108	0.0713856
0.1488	0.000908185	0.0707078
0.1489	0.000915221	0.0700228
0.149	0.000922189	0.0693305
0.1491	0.000929087	0.068631
0.1492	0.000935915	0.0679245
0.1493	0.000942672	0.0672109
0.1494	0.000949357	0.0664904
0.1495	0.000955969	0.065763
0.1496	0.000962509	0.0650288
0.1497	0.000968975	0.0642879
0.1498	0.000975366	0.0635403
0.1499	0.000981683	0.0627862
0.15	0.000987923	0.0620255
0.1501	0.000994088	0.0612584
0.1502	0.00100017	0.060485
0.1503	0.00100618	0.0597053
0.1504	0.00101212	0.0589194
0.1505	0.00101797	0.0581273
0.1506	0.00102374	0.0573293
0.1507	0.00102943	0.0565252
0.1508	0.00103505	0.0557153
0.1509	0.00104058	0.0548996
0.151	0.00104603	0.0540782
0.1511	0.00105139	0.0532512
0.1512	0.00105668	0.0524186
0.1513	0.00106188	0.0515805
0.1514	0.00106699	0.0507371
0.1515	0.00107202	0.0498883
0.1516	0.00107697	0.0490344
0.1517	0.00108183	0.0481753
0.1518	0.0010866	0.0473112
0.1519	0.00109129	0.0464421
0.152	0.00109589	0.0455682
0.1521	0.00110041	0.0446895
0.1522	0.00110483	0.0438061
0.1523	0.00110917	0.0429181
0.1524	0.00111341	0.0420255
0.1525	0.00111757	0.0411286
0.1526	0.00112164	0.0402273
0.1527	0.00112562	0.0393218
0.1528	0.0011295	0.0384121
0.1529	0.0011333	0.0374984
0.153	0.001137	0.0365807
0.1531	0.00114061	0.0356591
0.1532	0.00114413	0.0347337
0.1533	0.00114756	0.0338047
0.1534	0.0011509	0.032872
0.1535	0.00115414	0.0319359
0.1536	0.00115728	0.0309963
0.1537	0.00116033	0.0300534
0.1538	0.00116329	0.0291073
0.1539	0.00116616	0.028158
0.154	0.00116892	0.0272058
0.1541	0.0011716	0.0262506
0.1542	0.00117417	0.0252925
0.1543	0.00117666	0.0243317
0.1544	0.00117904	0.0233682
0.1545	0.00118133	0.0224022
0.1546	0.00118352	0.0214338
0.1547	0.00118562	0.0204629
0.1548	0.00118761	0.0194899
0.1549	0.00118951	0.0185146
0.155	0.00119132	0.0175373
0.1551	0.00119302	0.016558
0.1552	0.00119463	0.0155768
0.1553	0.00119614	0.0145939
0.1554	0.00119755	0.0136093
0.1555	0.00119886	0.0126231
0.1556	0.00120007	0.0116355
0.1557	0.00120119	0.0106465
0.1558	0.0012022	0.00965614
0.1559	0.00120312	0.00866465
0.156	0.00120393	0.00767208
0.1561	0.00120465	0.00667854
0.1562	0.00120527	0.00568411
0.1563	0.00120579	0.0046889
0.1564	0.00120621	0.003693
0.1565	0.00120653	0.00269653
0.1566	0.00120675	0.00169958
0.1567	0.00120687	0.000702239
0.1568	0.00120689	-0.000295379
0.1569	0.00120681	-0.00129318
0.157	0.00120663	-0.00229106
0.1571	0.00120635	-0.00328892
0.1572	0.00120597	-0.00428667
0.1573	0.00120549	-0.0052842
0.1574	0.00120491	-0.00628141
0.1575	0.00120424	-0.0072782
0.1576	0.00120346	-0.00827447
0.1577	0.00120258	-0.00927012
0.1578	0.0012016	-0.0102651
0.1579	0.00120053	-0.0112592
0.158	0.00119935	-0.0122524
0.1581	0.00119808	-0.0132446
0.1582	0.0011967	-0.0142356
0.1583	0.00119523	-0.0152255
0.1584	0.00119366	-0.016214
0.1585	0.00119199	-0.0172012
0.1586	0.00119022	-0.0181868
0.1587	0.00118835	-0.0191708
0.1588	0.00118638	-0.0201531
0.1589	0.00118432	-0.0211336
0.159	0.00118216	-0.0221121
0.1591	0.0011799	-0.0230887
0.1592	0.00117754	-0.0240632
0.1593	0.00117508	-0.0250355
0.1594	0.00117253	-0.0260054
0.1595	0.00116988	-0.026973
0.1596	0.00116714	-0.0279381
0.1597	0.0011643	-0.0289006
0.1598	0.00116136	-0.0298604
0.1599	0.00115832	-0.0308175
0.16	0.00115519	-0.0317716
0.1601	0.00115197	-0.0327228
0.1602	0.00114865	-0.0336709
0.1603	0.00114524	-0.0346159
0.1604	0.00114173	-0.0355576
0.1605	0.00113812	-0.0364959
0.1606	0.00113443	-0.0374308
0.1607	0.00113064	-0.0383622
0.1608	0.00112676	-0.0392899
0.1609	0.00112278	-0.0402139
0.161	0.00111871	-0.0411341
0.1611	0.00111455	-0.0420503
0.1612	0.0011103	-0.0429626
0.1613	0.00110596	-0.0438708
0.1614	0.00110153	-0.0447748
0.1615	0.00109701	-0.0456745
0.1616	0.00109239	-0.0465698
0.1617	0.00108769	-0.0474607
0.1618	0.0010829	-0.0483471
0.1619	0.00107802	-0.0492288
0.162	0.00107306	-0.0501058
0.1621	0.001068	-0.0509779
0.1622	0.00106286	-0.0518452
0.1623	0.00105763	-0.0527075
0.1624	0.00105232	-0.0535648
0.1625	0.00104692	-0.0544168
0.1626	0.00104144	-0.0552637
0.1627	0.00103587	-0.0561052
0.1628	0.00103022	-0.0569412
0.1629	0.00102448	-0.0577718
0.163	0.00101866	-0.0585969
0.1631	0.00101276	-0.0594162
0.1632	0.00100678	-0.0602298
0.1633	0.00100072	-0.0610376
0.1634	0.000994571	-0.0618395
0.1635	0.000988347	-0.0626354
0.1636	0.000982044	-0.0634252
0.1637	0.000975663	-0.0642089
0.1638	0.000969203	-0.0649864
0.1639	0.000962666	-0.0657575
0.164	0.000956052	-0.0665223
0.1641	0.000949361	-0.0672806
0.1642	0.000942596	-0.0680324
0.1643	0.000935755	-0.0687776
0.1644	0.00092884	-0.0695161
0.1645	0.000921852	-0.0702478
0.1646	0.000914791	-0.0709728
0.1647	0.000907658	-0.0716908
0.1648	0.000900453	-0.0724018
0.1649	0.000893178	-0.0731058
0.165	0.000885832	-0.0738027
0.1651	0.000878417	-0.0744924
0.1652	0.000870934	-0.0751748
0.1653	0.000863383	-0.0758499
0.1654	0.000855764	-0.0765177
0.1655	0.000848079	-0.0771779
0.1656	0.000840329	-0.0778307
0.1657	0.000832513	-0.0784758
0.1658	0.000824634	-0.0791133
0.1659	0.000816691	-0.0797431
0.166	0.000808686	-0.0803651
0.1661	0.000800618	-0.0809793
0.1662	0.00079249	-0.0815855
0.1663	0.000784301	-0.0821838
0.1664	0.000776053	-0.0827741
0.1665	0.000767747	-0.0833562
0.1666	0.000759382	-0.0839303
0.1667	0.000750961	-0.0844961
0.1668	0.000742484	-0.0850537
0.1669	0.000733951	-0.0856029
0.167	0.000725363	-0.0861438
0.1671	0.000716722	-0.0866762
0.1672	0.000708028	-0.0872002
0.1673	0.000699282	-0.0877157
0.1674	0.000690485	-0.0882226
0.1675	0.000681638	-0.0887208
0.1676	0.000672742	-0.0892104
0.1677	0.000663796	-0.0896912
0.1678	0.000654804	-0.0901632
0.1679	0.000645764	-0.0906264
0.168	0.000636679	-0.0910808
0.1681	0.000627548	-0.0915262
0.1682	0.000618374	-0.0919627
0.1683	0.000609156	-0.0923901
0.1684	0.000599896	-0.0928085
0.1685	0.000590595	-0.0932178
0.1686	0.000581253	-0.093618
0.1687	0.000571871	-0.094009
0.1688	0.000562451	-0.0943908
0.1689	0.000552993	-0.0947634
0.169	0.000543499	-0.0951266
0.1691	0.000533968	-0.0954805
0.1692	0.000524403	-0.0958251
0.1693	0.000514804	-0.0961602
0.1694	0.000505171	-0.096486
0.1695	0.000495507	-0.0968023
0.1696	0.000485811	-0.097109
0.1697	0.000476085	-0.0974063
0.1698	0.00046633	-0.097694
0.1699	0.000456547	-0.0979721
0.17	0.000446736	-0.0982406
0.1701	0.000436899	-0.0984995
0.1702	0.000427037	-0.0987487
0.1703	0.00041715	-0.0989882
0.1704	0.000407239	-0.099218
0.1705	0.000397306	-0.099438
0.1706	0.000387352	-0.0996483
0.1707	0.000377377	-0.0998488
0.1708	0.000367383	-0.10004
0.1709	0.000357369	-0.10022
0.171	0.000347339	-0.100391
0.1711	0.000337291	-0.100553
0.1712	0.000327229	-0.100704
0.1713	0.000317151	-0.100845
0.1714	0.00030706	-0.100977
0.1715	0.000296956	-0.101099
0.1716	0.00028684	-0.10121
0.1717	0.000276714	-0.101312
0.1718	0.000266578	-0.101404
0.1719	0.000256434	-0.101486
0.172	0.000246282	-0.101558
0.1721	0.000236123	-0.101619
0.1722	0.000225958	-0.101671
0.1723	0.000215789	-0.101713
0.1724	0.000205616	-0.101745
0.1725	0.00019544	-0.101767
0.1726	0.000185263	-0.101779
0.1727	0.000175084	-0.101781
0.1728	0.000164907	-0.101773
0.1729	0.00015473	-0.101755
0.173	0.000144556	-0.101727
0.1731	0.000134385	-0.101689
0.1732	0.000124218	-0.101641
0.1733	0.000114057	-0.101583
0.1734	0.000103902	-0.101515
0.1735	9.37545e-005	-0.101437
0.1736	8.36151e-005	-0.101349
0.1737	7.3485e-005	-0.101251
0.1738	6.33652e-005	-0.101143
0.1739	5.32566e-005	-0.101026
0.174	4.31604e-005	-0.100898
0.1741	3.30773e-005	-0.10076
0.1742	2.30086e-005	-0.100613
0.1743	1.29551e-005	-0.100456
0.1744	2.91781e-006	-0.100288
0.1745	-7.10225e-006	-0.100111
0.1746	-1.71041e-005	-0.0999243
0.1747	-2.70868e-005	-0.0997276
0.1748	-3.70493e-005	-0.099521
0.1749	-4.69907e-005	-0.0993047
0.175	-5.69099e-005	-0.0990786
0.1751	-6.68061e-005	-0.0988428
0.1752	-7.66781e-005	-0.0985973
0.1753	-8.65252e-005	-0.0983421
0.1754	-9.63462e-005	-0.0980772
0.1755	-0.00010614	-0.0978028
0.1756	-0.000115906	-0.0975187
0.1757	-0.000125644	-0.097225
0.1758	-0.000135351	-0.0969218
0.1759	-0.000145028	-0.096609
0.176	-0.000154673	-0.0962868
0.1761	-0.000164285	-0.0959551
0.1762	-0.000173863	-0.095614
0.1763	-0.000183407	-0.0952635
0.1764	-0.000192916	-0.0949037
0.1765	-0.000202388	-0.0945345
0.1766	-0.000211822	-0.0941561
0.1767	-0.000221219	-0.0937684
0.1768	-0.000230576	-0.0933715
0.1769	-0.000239893	-0.0929655
0.177	-0.000249169	-0.0925503
0.1771	-0.000258402	-0.0921261
0.1772	-0.000267593	-0.0916928
0.1773	-0.000276741	-0.0912505
0.1774	-0.000285843	-0.0907992
0.1775	-0.0002949	-0.0903391
0.1776	-0.000303911	-0.0898701
0.1777	-0.000312874	-0.0893922
0.1778	-0.000321789	-0.0889056
0.1779	-0.000330655	-0.0884103
0.178	-0.000339471	-0.0879063
0.1781	-0.000348236	-0.0873937
0.1782	-0.000356949	-0.0868725
0.1783	-0.00036561	-0.0863428
0.1784	-0.000374217	-0.0858047
0.1785	-0.000382771	-0.0852581
0.1786	-0.000391269	-0.0847032
0.1787	-0.000399711	-0.0841399
0.1788	-0.000408096	-0.0835685
0.1789	-0.000416424	-0.0829888
0.179	-0.000424694	-0.082401
0.1791	-0.000432904	-0.0818052
0.1792	-0.000441055	-0.0812013
0.1793	-0.000449144	-0.0805895
0.1794	-0.000457172	-0.0799697
0.1795	-0.000465138	-0.0793422
0.1796	-0.000473041	-0.0787069
0.1797	-0.000480879	-0.0780639
0.1798	-0.000488653	-0.0774132
0.1799	-0.000496362	-0.076755
0.18	-0.000504004	-0.0760893
0.1801	-0.000511579	-0.0754161
0.1802	-0.000519087	-0.0747356
0.1803	-0.000526526	-0.0740477
0.1804	-0.000533896	-0.0733526
0.1805	-0.000541196	-0.0726503
0.1806	-0.000548426	-0.071941
0.1807	-0.000555584	-0.0712246
0.1808	-0.000562671	-0.0705012
0.1809	-0.000569684	-0.069771
0.181	-0.000576625	-0.069034
0.1811	-0.000583491	-0.0682902
0.1812	-0.000590282	-0.0675397
0.1813	-0.000596999	-0.0667827
0.1814	-0.000603639	-0.0660192
0.1815	-0.000610202	-0.0652492
0.1816	-0.000616688	-0.0644728
0.1817	-0.000623097	-0.0636902
0.1818	-0.000629426	-0.0629014
0.1819	-0.000635677	-0.0621064
0.182	-0.000641847	-0.0613054
0.1821	-0.000647938	-0.0604985
0.1822	-0.000653947	-0.0596856
0.1823	-0.000659874	-0.058867
0.1824	-0.00066572	-0.0580426
0.1825	-0.000671483	-0.0572125
0.1826	-0.000677162	-0.056377
0.1827	-0.000682758	-0.0555359
0.1828	-0.000688269	-0.0546895
0.1829	-0.000693696	-0.0538377
0.183	-0.000699037	-0.0529807
0.1831	-0.000704292	-0.0521186
0.1832	-0.00070946	-0.0512514
0.1833	-0.000714542	-0.0503793
0.1834	-0.000719536	-0.0495023
0.1835	-0.000724442	-0.0486205
0.1836	-0.00072926	-0.047734
0.1837	-0.000733989	-0.0468429
0.1838	-0.000738628	-0.0459473
0.1839	-0.000743178	-0.0450473
0.184	-0.000747638	-0.0441428
0.1841	-0.000752006	-0.0432342
0.1842	-0.000756284	-0.0423214
0.1843	-0.000760471	-0.0414045
0.1844	-0.000764565	-0.0404836
0.1845	-0.000768567	-0.0395588
0.1846	-0.000772477	-0.0386303
0.1847	-0.000776293	-0.037698
0.1848	-0.000780016	-0.0367622
0.1849	-0.000783645	-0.0358228
0.185	-0.000787181	-0.03488
0.1851	-0.000790621	-0.0339338
0.1852	-0.000793967	-0.0329844
0.1853	-0.000797218	-0.0320319
0.1854	-0.000800374	-0.0310764
0.1855	-0.000803433	-0.0301179
0.1856	-0.000806397	-0.0291565
0.1857	-0.000809265	-0.0281924
0.1858	-0.000812035	-0.0272256
0.1859	-0.00081471	-0.0262562
0.186	-0.000817287	-0.0252844
0.1861	-0.000819766	-0.0243102
0.1862	-0.000822149	-0.0233338
0.1863	-0.000824433	-0.0223551
0.1864	-0.00082662	-0.0213744
0.1865	-0.000828708	-0.0203917
0.1866	-0.000830698	-0.0194072
0.1867	-0.000832589	-0.0184208
0.1868	-0.000834382	-0.0174327
0.1869	-0.000836076	-0.0164431
0.187	-0.00083767	-0.015452
0.1871	-0.000839166	-0.0144595
0.1872	-0.000840562	-0.0134657
0.1873	-0.000841859	-0.0124707
0.1874	-0.000843056	-0.0114746
0.1875	-0.000844154	-0.0104775
0.1876	-0.000845152	-0.00947953
0.1877	-0.00084605	-0.00848077
0.1878	-0.000846848	-0.00748131
0.1879	-0.000847546	-0.00648126
0.188	-0.000848144	-0.00548071
0.1881	-0.000848642	-0.00447977
0.1882	-0.00084904	-0.00347854
0.1883	-0.000849338	-0.00247711
0.1884	-0.000849536	-0.00147559
0.1885	-0.000849633	-0.000474074
0.1886	-0.00084963	0.000527336
0.1887	-0.000849528	0.00152854
0.1888	-0.000849325	0.00252944
0.1889	-0.000849022	0.00352993
0.189	-0.000848619	0.00452992
0.1891	-0.000848116	0.0055293
0.1892	-0.000847513	0.00652797
0.1893	-0.00084681	0.00752584
0.1894	-0.000846008	0.00852281
0.1895	-0.000845106	0.00951877
0.1896	-0.000844104	0.0105136
0.1897	-0.000843003	0.0115073
0.1898	-0.000841803	0.0124996
0.1899	-0.000840503	0.0134906
0.19	-0.000839105	0.01448
0.1901	-0.000837607	0.0154679
0.1902	-0.000836011	0.016454
0.1903	-0.000834316	0.0174384
0.1904	-0.000832523	0.0184209
0.1905	-0.000830632	0.0194013
0.1906	-0.000828643	0.0203797
0.1907	-0.000826556	0.0213559
0.1908	-0.000824372	0.0223298
0.1909	-0.000822091	0.0233013
0.191	-0.000819712	0.0242704
0.1911	-0.000817237	0.0252368
0.1912	-0.000814665	0.0262006
0.1913	-0.000811997	0.0271617
0.1914	-0.000809232	0.0281198
0.1915	-0.000806373	0.029075
0.1916	-0.000803418	0.0300272
0.1917	-0.000800367	0.0309761
0.1918	-0.000797222	0.0319219
0.1919	-0.000793983	0.0328643
0.192	-0.00079065	0.0338033
0.1921	-0.000787223	0.0347387
0.1922	-0.000783702	0.0356705
0.1923	-0.000780089	0.0365986
0.1924	-0.000776382	0.0375229
0.1925	-0.000772584	0.0384433
0.1926	-0.000768694	0.0393597
0.1927	-0.000764712	0.0402721
0.1928	-0.00076064	0.0411802
0.1929	-0.000756476	0.0420841
0.193	-0.000752223	0.0429836
0.1931	-0.00074788	0.0438787
0.1932	-0.000743447	0.0447693
0.1933	-0.000738926	0.0456552
0.1934	-0.000734317	0.0465364
0.1935	-0.000729619	0.0474128
0.1936	-0.000724834	0.0482843
0.1937	-0.000719962	0.0491509
0.1938	-0.000715004	0.0500124
0.1939	-0.00070996	0.0508687
0.194	-0.000704831	0.0517198
0.1941	-0.000699616	0.0525656
0.1942	-0.000694318	0.053406
0.1943	-0.000688935	0.0542409
0.1944	-0.00068347	0.0550703
0.1945	-0.000677921	0.055894
0.1946	-0.000672291	0.0567119
0.1947	-0.000666579	0.0575241
0.1948	-0.000660786	0.0583303
0.1949	-0.000654913	0.0591306
0.195	-0.00064896	0.0599248
0.1951	-0.000642929	0.0607129
0.1952	-0.000636818	0.0614947
0.1953	-0.00063063	0.0622703
0.1954	-0.000624364	0.0630395
0.1955	-0.000618022	0.0638023
0.1956	-0.000611604	0.0645585
0.1957	-0.000605111	0.0653081
0.1958	-0.000598543	0.0660511
0.1959	-0.000591901	0.0667873
0.196	-0.000585185	0.0675167
0.1961	-0.000578398	0.0682392
0.1962	-0.000571538	0.0689547
0.1963	-0.000564607	0.0696632
0.1964	-0.000557605	0.0703646
0.1965	-0.000550534	0.0710588
0.1966	-0.000543394	0.0717457
0.1967	-0.000536185	0.0724254
0.1968	-0.000528909	0.0730976
0.1969	-0.000521566	0.0737624
0.197	-0.000514157	0.0744197
0.1971	-0.000506682	0.0750694
0.1972	-0.000499143	0.0757115
0.1973	-0.00049154	0.0763458
0.1974	-0.000483874	0.0769724
0.1975	-0.000476146	0.0775911
0.1976	-0.000468356	0.078202
0.1977	-0.000460506	0.0788048
0.1978	-0.000452596	0.0793997
0.1979	-0.000444626	0.0799865
0.198	-0.000436599	0.0805651
0.1981	-0.000428514	0.0811355
0.1982	-0.000420372	0.0816977
0.1983	-0.000412174	0.0822516
0.1984	-0.000403922	0.0827971
0.1985	-0.000395615	0.0833342
0.1986	-0.000387255	0.0838629
0.1987	-0.000378843	0.084383
0.1988	-0.000370379	0.0848945
0.1989	-0.000361864	0.0853974
0.199	-0.0003533	0.0858916
0.1991	-0.000344686	0.0863771
0.1992	-0.000336025	0.0868538
0.1993	-0.000327316	0.0873217
0.1994	-0.000318561	0.0877807
0.1995	-0.00030976	0.0882308
0.1996	-0.000300915	0.088672
0.1997	-0.000292026	0.0891041
0.1998	-0.000283094	0.0895272
0.1999	-0.000274121	0.0899412
0.2	-0.000265106	0.0903461
0.2001	-0.000256052	0.0907418
0.2002	-0.000246958	0.0911283
0.2003	-0.000237826	0.0915056
0.2004	-0.000228657	0.0918735
0.2005	-0.000219452	0.0922322
0.2006	-0.000210211	0.0925814
0.2007	-0.000200936	0.0929213
0.2008	-0.000191627	0.0932518
0.2009	-0.000182286	0.0935728
0.201	-0.000172913	0.0938843
0.2011	-0.000163509	0.0941863
0.2012	-0.000154076	0.0944787
0.2013	-0.000144614	0.0947615
0.2014	-0.000135124	0.0950348
0.2015	-0.000125607	0.0952983
0.2016	-0.000116065	0.0955523
0.2017	-0.000106497	0.0957965
0.2018	-9.69058e-005	0.096031
0.2019	-8.72913e-005	0.0962558
0.202	-7.76549e-005	0.0964709
0.2021	-6.79975e-005	0.0966761
0.2022	-5.832e-005	0.0968716
0.2023	-4.86235e-005	0.0970572
0.2024	-3.89089e-005	0.097233
0.2025	-2.91772e-005	0.0973989
0.2026	-1.94295e-005	0.097555
0.2027	-9.66657e-006	0.0977011
0.2028	1.10435e-007	0.0978374
0.2029	9.90058e-006	0.0979638
0.203	1.97029e-005	0.0980802
0.2031	2.95163e-005	0.0981867
0.2032	3.93399e-005	0.0982832
0.2033	4.91726e-005	0.0983698
0.2034	5.90135e-005	0.0984464
0.2035	6.88615e-005	0.098513
0.2036	7.87157e-005	0.0985696
0.2037	8.85751e-005	0.0986163
0.2038	9.84387e-005	0.0986529
0.2039	0.000108305	0.0986796
0.204	0.000118174	0.0986963
0.2041	0.000128044	0.0987029
0.2042	0.000137914	0.0986996
0.2043	0.000147784	0.0986862
0.2044	0.000157651	0.0986629
0.2045	0.000167516	0.0986296
0.2046	0.000177377	0.0985862
0.2047	0.000187233	0.0985329
0.2048	0.000197083	0.0984696
0.2049	0.000206927	0.0983964
0.205	0.000216762	0.0983131
0.2051	0.000226589	0.0982199
0.2052	0.000236406	0.0981167
0.2053	0.000246212	0.0980036
0.2054	0.000256006	0.0978806
0.2055	0.000265788	0.0977477
0.2056	0.000275555	0.0976048
0.2057	0.000285308	0.0974521
0.2058	0.000295046	0.0972894
0.2059	0.000304766	0.097117
0.206	0.000314469	0.0969347
0.2061	0.000324153	0.0967425
0.2062	0.000333817	0.0965406
0.2063	0.00034346	0.0963289
0.2064	0.000353082	0.0961074
0.2065	0.000362681	0.0958762
0.2066	0.000372257	0.0956352
0.2067	0.000381808	0.0953846
0.2068	0.000391334	0.0951243
0.2069	0.000400833	0.0948544
0.207	0.000410304	0.0945748
0.2071	0.000419747	0.0942857
0.2072	0.000429161	0.093987
0.2073	0.000438544	0.0936788
0.2074	0.000447897	0.0933611
0.2075	0.000457216	0.0930339
0.2076	0.000466503	0.0926973
0.2077	0.000475756	0.0923513
0.2078	0.000484973	0.091996
0.2079	0.000494154	0.0916313
0.208	0.000503299	0.0912573
0.2081	0.000512406	0.0908741
0.2082	0.000521473	0.0904817
0.2083	0.000530502	0.0900801
0.2084	0.000539489	0.0896693
0.2085	0.000548435	0.0892495
0.2086	0.000557339	0.0888206
0.2087	0.000566199	0.0883827
0.2088	0.000575015	0.0879359
0.2089	0.000583786	0.0874801
0.209	0.000592511	0.0870154
0.2091	0.000601189	0.086542
0.2092	0.000609819	0.0860597
0.2093	0.0006184	0.0855687
0.2094	0.000626932	0.0850691
0.2095	0.000635414	0.0845608
0.2096	0.000643844	0.0840439
0.2097	0.000652222	0.0835185
0.2098	0.000660548	0.0829846
0.2099	0.000668819	0.0824423
0.21	0.000677036	0.0818916
0.2101	0.000685197	0.0813327
0.2102	0.000693302	0.0807654
0.2103	0.00070135	0.08019
0.2104	0.00070934	0.0796064
0.2105	0.000717271	0.0790147
0.2106	0.000725142	0.0784151
0.2107	0.000732954	0.0778074
0.2108	0.000740704	0.0771919
0.2109	0.000748392	0.0765685
0.211	0.000756017	0.0759373
0.2111	0.000763579	0.0752984
0.2112	0.000771076	0.0746518
0.2113	0.000778509	0.0739977
0.2114	0.000785876	0.0733361
0.2115	0.000793176	0.072667
0.2116	0.000800409	0.0719905
0.2117	0.000807574	0.0713067
0.2118	0.00081467	0.0706156
0.2119	0.000821697	0.0699173
0.212	0.000828653	0.069212
0.2121	0.000835539	0.0684996
0.2122	0.000842353	0.0677802
0.2123	0.000849095	0.0670539
0.2124	0.000855763	0.0663208
0.2125	0.000862359	0.065581
0.2126	0.000868879	0.0648344
0.2127	0.000875325	0.0640813
0.2128	0.000881695	0.0633216
0.2129	0.000887989	0.0625555
0.213	0.000894206	0.061783
0.2131	0.000900346	0.0610042
0.2132	0.000906407	0.0602192
0.2133	0.000912389	0.0594281
0.2134	0.000918292	0.0586309
0.2135	0.000924115	0.0578277
0.2136	0.000929858	0.0570186
0.2137	0.000935519	0.0562037
0.2138	0.000941098	0.055383
0.2139	0.000946595	0.0545567
0.214	0.000952009	0.0537248
0.2141	0.00095734	0.0528874
0.2142	0.000962587	0.0520446
0.2143	0.000967749	0.0511965
0.2144	0.000972826	0.0503432
0.2145	0.000977817	0.0494847
0.2146	0.000982723	0.0486211
0.2147	0.000987541	0.0477526
0.2148	0.000992273	0.0468791
0.2149	0.000996917	0.0460009
0.215	0.00100147	0.0451179
0.2151	0.00100594	0.0442303
0.2152	0.00101032	0.0433382
0.2153	0.00101461	0.0424416
0.2154	0.00101881	0.0415407
0.2155	0.00102292	0.0406355
0.2156	0.00102693	0.0397261
0.2157	0.00103086	0.0388126
0.2158	0.0010347	0.0378951
0.2159	0.00103844	0.0369737
0.216	0.00104209	0.0360485
0.2161	0.00104565	0.0351196
0.2162	0.00104911	0.0341871
0.2163	0.00105249	0.033251
0.2164	0.00105576	0.0323115
0.2165	0.00105895	0.0313686
0.2166	0.00106204	0.0304225
0.2167	0.00106503	0.0294732
0.2168	0.00106793	0.0285208
0.2169	0.00107074	0.0275655
0.217	0.00107345	0.0266073
0.2171	0.00107606	0.0256464
0.2172	0.00107858	0.0246827
0.2173	0.001081	0.0237165
0.2174	0.00108332	0.0227478
0.2175	0.00108554	0.0217767
0.2176	0.00108767	0.0208033
0.2177	0.00108971	0.0198277
0.2178	0.00109164	0.0188501
0.2179	0.00109348	0.0178704
0.218	0.00109521	0.0168888
0.2181	0.00109685	0.0159054
0.2182	0.00109839	0.0149203
0.2183	0.00109984	0.0139336
0.2184	0.00110118	0.0129454
0.2185	0.00110243	0.0119558
0.2186	0.00110357	0.0109649
0.2187	0.00110462	0.00997278
0.2188	0.00110557	0.00897955
0.2189	0.00110641	0.0079853
0.219	0.00110716	0.00699014
0.2191	0.00110781	0.00599417
0.2192	0.00110836	0.00499748
0.2193	0.00110881	0.00400019
0.2194	0.00110916	0.00300238
0.2195	0.00110941	0.00200416
0.2196	0.00110956	0.00100563
0.2197	0.00110961	6.8807e-006
0.2198	0.00110956	-0.000991978
0.2199	0.00110942	-0.00199085
0.22	0.00110917	-0.00298963
0.2201	0.00110882	-0.00398823
0.2202	0.00110837	-0.00498654
0.2203	0.00110782	-0.00598446
0.2204	0.00110717	-0.00698189
0.2205	0.00110642	-0.00797874
0.2206	0.00110558	-0.0089749
0.2207	0.00110463	-0.00997027
0.2208	0.00110358	-0.0109648
0.2209	0.00110244	-0.0119583
0.221	0.00110119	-0.0129507
0.2211	0.00109985	-0.0139419
0.2212	0.0010984	-0.0149319
0.2213	0.00109686	-0.0159204
0.2214	0.00109522	-0.0169075
0.2215	0.00109348	-0.017893
0.2216	0.00109164	-0.0188768
0.2217	0.0010897	-0.0198589
0.2218	0.00108767	-0.020839
0.2219	0.00108554	-0.0218172
0.222	0.0010833	-0.0227934
0.2221	0.00108098	-0.0237673
0.2222	0.00107855	-0.024739
0.2223	0.00107603	-0.0257083
0.2224	0.00107341	-0.0266752
0.2225	0.00107069	-0.0276395
0.2226	0.00106788	-0.0286011
0.2227	0.00106497	-0.02956
0.2228	0.00106197	-0.0305161
0.2229	0.00105887	-0.0314692
0.223	0.00105568	-0.0324192
0.2231	0.00105239	-0.0333662
0.2232	0.001049	-0.0343099
0.2233	0.00104553	-0.0352502
0.2234	0.00104195	-0.0361872
0.2235	0.00103829	-0.0371207
0.2236	0.00103453	-0.0380505
0.2237	0.00103068	-0.0389767
0.2238	0.00102673	-0.039899
0.2239	0.0010227	-0.0408175
0.224	0.00101857	-0.041732
0.2241	0.00101435	-0.0426424
0.2242	0.00101004	-0.0435487
0.2243	0.00100564	-0.0444507
0.2244	0.00100115	-0.0453484
0.2245	0.000996573	-0.0462417
0.2246	0.000991904	-0.0471305
0.2247	0.000987147	-0.0480146
0.2248	0.000982301	-0.048894
0.2249	0.000977368	-0.0497687
0.225	0.000972348	-0.0506385
0.2251	0.000967241	-0.0515033
0.2252	0.000962047	-0.0523631
0.2253	0.000956768	-0.0532178
0.2254	0.000951404	-0.0540672
0.2255	0.000945955	-0.0549114
0.2256	0.000940422	-0.0557501
0.2257	0.000934805	-0.0565834
0.2258	0.000929105	-0.0574112
0.2259	0.000923323	-0.0582333
0.226	0.000917459	-0.0590496
0.2261	0.000911513	-0.0598602
0.2262	0.000905487	-0.0606649
0.2263	0.00089938	-0.0614637
0.2264	0.000893194	-0.0622564
0.2265	0.000886929	-0.0630429
0.2266	0.000880586	-0.0638233
0.2267	0.000874165	-0.0645974
0.2268	0.000867667	-0.0653651
0.2269	0.000861092	-0.0661265
0.227	0.000854442	-0.0668813
0.2271	0.000847716	-0.0676295
0.2272	0.000840916	-0.068371
0.2273	0.000834042	-0.0691059
0.2274	0.000827095	-0.0698339
0.2275	0.000820076	-0.070555
0.2276	0.000812984	-0.0712692
0.2277	0.000805822	-0.0719764
0.2278	0.000798589	-0.0726764
0.2279	0.000791287	-0.0733693
0.228	0.000783916	-0.074055
0.2281	0.000776476	-0.0747334
0.2282	0.000768969	-0.0754044
0.2283	0.000761395	-0.0760679
0.2284	0.000753756	-0.076724
0.2285	0.000746051	-0.0773725
0.2286	0.000738282	-0.0780133
0.2287	0.000730449	-0.0786465
0.2288	0.000722553	-0.0792719
0.2289	0.000714594	-0.0798894
0.229	0.000706575	-0.0804991
0.2291	0.000698495	-0.0811009
0.2292	0.000690355	-0.0816946
0.2293	0.000682156	-0.0822802
0.2294	0.000673899	-0.0828578
0.2295	0.000665585	-0.0834271
0.2296	0.000657214	-0.0839882
0.2297	0.000648788	-0.084541
0.2298	0.000640306	-0.0850855
0.2299	0.000631771	-0.0856215
0.23	0.000623182	-0.0861491
0.2301	0.000614541	-0.0866682
0.2302	0.000605849	-0.0871787
0.2303	0.000597106	-0.0876806
0.2304	0.000588313	-0.0881738
0.2305	0.000579471	-0.0886583
0.2306	0.000570582	-0.089134
0.2307	0.000561645	-0.0896009
0.2308	0.000552662	-0.090059
0.2309	0.000543633	-0.0905082
0.231	0.00053456	-0.0909484
0.2311	0.000525444	-0.0913796
0.2312	0.000516285	-0.0918018
0.2313	0.000507084	-0.0922149
0.2314	0.000497842	-0.0926188
0.2315	0.00048856	-0.0930136
0.2316	0.00047924	-0.0933992
0.2317	0.000469881	-0.0937756
0.2318	0.000460485	-0.0941427
0.2319	0.000451053	-0.0945005
0.232	0.000441585	-0.0948489
0.2321	0.000432083	-0.0951879
0.2322	0.000422548	-0.0955176
0.2323	0.00041298	-0.0958377
0.2324	0.000403381	-0.0961484
0.2325	0.000393751	-0.0964496
0.2326	0.000384091	-0.0967412
0.2327	0.000374403	-0.0970232
0.2328	0.000364687	-0.0972956
0.2329	0.000354944	-0.0975585
0.233	0.000345175	-0.0978116
0.2331	0.000335382	-0.0980551
0.2332	0.000325565	-0.0982888
0.2333	0.000315724	-0.0985128
0.2334	0.000305862	-0.0987271
0.2335	0.000295979	-0.0989316
0.2336	0.000286076	-0.0991263
0.2337	0.000276154	-0.0993112
0.2338	0.000266214	-0.0994862
0.2339	0.000256257	-0.0996514
0.234	0.000246284	-0.0998068
0.2341	0.000236296	-0.0999522
0.2342	0.000226294	-0.100088
0.2343	0.000216279	-0.100213
0.2344	0.000206252	-0.100329
0.2345	0.000196214	-0.100435
0.2346	0.000186165	-0.100531
0.2347	0.000176108	-0.100617
0.2348	0.000166042	-0.100693
0.2349	0.00015597	-0.100758
0.235	0.000145891	-0.100814
0.2351	0.000135807	-0.10086
0.2352	0.000125719	-0.100896
0.2353	0.000115628	-0.100922
0.2354	0.000105535	-0.100938
0.2355	9.54409e-005	-0.100944
0.2356	8.53466e-005	-0.10094
0.2357	7.52532e-005	-0.100926
0.2358	6.51617e-005	-0.100902
0.2359	5.50731e-005	-0.100868
0.236	4.49884e-005	-0.100824
0.2361	3.49086e-005	-0.10077
0.2362	2.48346e-005	-0.100706
0.2363	1.47676e-005	-0.100632
0.2364	4.70848e-006	-0.100549
0.2365	-5.34176e-006	-0.100455
0.2366	-1.53821e-005	-0.100351
0.2367	-2.54116e-005	-0.100237
0.2368	-3.54292e-005	-0.100113
0.2369	-4.54339e-005	-0.0999798
0.237	-5.54248e-005	-0.0998363
0.2371	-6.54009e-005	-0.0996829
0.2372	-7.53611e-005	-0.0995196
0.2373	-8.53045e-005	-0.0993465
0.2374	-9.523e-005	-0.0991635
0.2375	-0.000105137	-0.0989707
0.2376	-0.000115024	-0.0987681
0.2377	-0.00012489	-0.0985557
0.2378	-0.000134735	-0.0983336
0.2379	-0.000144557	-0.0981017
0.238	-0.000154355	-0.0978601
0.2381	-0.000164128	-0.0976088
0.2382	-0.000173876	-0.0973479
0.2383	-0.000183597	-0.0970773
0.2384	-0.000193291	-0.0967971
0.2385	-0.000202957	-0.0965072
0.2386	-0.000212592	-0.0962079
0.2387	-0.000222198	-0.095899
0.2388	-0.000231772	-0.0955806
0.2389	-0.000241314	-0.0952528
0.239	-0.000250822	-0.0949155
0.2391	-0.000260296	-0.0945688
0.2392	-0.000269736	-0.0942127
0.2393	-0.000279139	-0.0938474
0.2394	-0.000288505	-0.0934727
0.2395	-0.000297833	-0.0930888
0.2396	-0.000307122	-0.0926956
0.2397	-0.000316372	-0.0922933
0.2398	-0.000325581	-0.0918818
0.2399	-0.000334748	-0.0914613
0.24	-0.000343872	-0.0910317
0.2401	-0.000352954	-0.090593
0.2402	-0.000361991	-0.0901454
0.2403	-0.000370983	-0.0896889
0.2404	-0.000379928	-0.0892235
0.2405	-0.000388827	-0.0887493
0.2406	-0.000397678	-0.0882663
0.2407	-0.00040648	-0.0877746
0.2408	-0.000415232	-0.0872741
0.2409	-0.000423935	-0.0867651
0.241	-0.000432585	-0.0862474
0.2411	-0.000441184	-0.0857212
0.2412	-0.000449729	-0.0851865
0.2413	-0.000458221	-0.0846434
0.2414	-0.000466658	-0.084092
0.2415	-0.000475039	-0.0835322
0.2416	-0.000483364	-0.0829641
0.2417	-0.000491631	-0.0823879
0.2418	-0.000499841	-0.0818034
0.2419	-0.000507992	-0.0812109
0.242	-0.000516083	-0.0806104
0.2421	-0.000524114	-0.0800019
0.2422	-0.000532083	-0.0793855
0.2423	-0.00053999	-0.0787612
0.2424	-0.000547835	-0.0781292
0.2425	-0.000555616	-0.0774894
0.2426	-0.000563333	-0.0768419
0.2427	-0.000570984	-0.0761869
0.2428	-0.00057857	-0.0755244
0.2429	-0.000586089	-0.0748543
0.243	-0.00059354	-0.0741769
0.2431	-0.000600924	-0.0734922
0.2432	-0.000608239	-0.0728001
0.2433	-0.000615484	-0.0721009
0.2434	-0.000622659	-0.0713946
0.2435	-0.000629762	-0.0706812
0.2436	-0.000636795	-0.0699609
0.2437	-0.000643754	-0.0692336
0.2438	-0.000650641	-0.0684995
0.2439	-0.000657454	-0.0677586
0.244	-0.000664193	-0.0670111
0.2441	-0.000670856	-0.0662569
0.2442	-0.000677444	-0.0654962
0.2443	-0.000683955	-0.0647291
0.2444	-0.000690389	-0.0639555
0.2445	-0.000696746	-0.0631756
0.2446	-0.000703024	-0.0623896
0.2447	-0.000709224	-0.0615973
0.2448	-0.000715344	-0.060799
0.2449	-0.000721383	-0.0599947
0.245	-0.000727342	-0.0591845
0.2451	-0.00073322	-0.0583684
0.2452	-0.000739016	-0.0575466
0.2453	-0.000744729	-0.0567191
0.2454	-0.000750359	-0.0558861
0.2455	-0.000755906	-0.0550475
0.2456	-0.000761369	-0.0542036
0.2457	-0.000766747	-0.0533542
0.2458	-0.000772039	-0.0524997
0.2459	-0.000777246	-0.05164
0.246	-0.000782367	-0.0507752
0.2461	-0.000787401	-0.0499054
0.2462	-0.000792348	-0.0490307
0.2463	-0.000797207	-0.0481512
0.2464	-0.000801978	-0.0472669
0.2465	-0.000806661	-0.046378
0.2466	-0.000811254	-0.0454846
0.2467	-0.000815757	-0.0445867
0.2468	-0.000820171	-0.0436844
0.2469	-0.000824494	-0.0427779
0.247	-0.000828726	-0.0418671
0.2471	-0.000832867	-0.0409522
0.2472	-0.000836917	-0.0400334
0.2473	-0.000840874	-0.0391106
0.2474	-0.000844739	-0.038184
0.2475	-0.000848511	-0.0372537
0.2476	-0.000852189	-0.0363197
0.2477	-0.000855774	-0.0353821
0.2478	-0.000859266	-0.0344412
0.2479	-0.000862662	-0.0334968
0.248	-0.000865965	-0.0325492
0.2481	-0.000869172	-0.0315984
0.2482	-0.000872284	-0.0306446
0.2483	-0.000875301	-0.0296877
0.2484	-0.000878222	-0.028728
0.2485	-0.000881047	-0.0277655
0.2486	-0.000883775	-0.0268003
0.2487	-0.000886406	-0.0258325
0.2488	-0.000888941	-0.0248622
0.2489	-0.000891379	-0.0238895
0.249	-0.000893719	-0.0229145
0.2491	-0.000895962	-0.0219373
0.2492	-0.000898106	-0.0209579
0.2493	-0.000900153	-0.0199766
0.2494	-0.000902102	-0.0189934
0.2495	-0.000903952	-0.0180083
0.2496	-0.000905703	-0.0170215
0.2497	-0.000907356	-0.0160331
0.2498	-0.00090891	-0.0150432
0.2499	-0.000910365	-0.0140518
0.25	-0.00091172	-0.0130591
0.2501	-0.000912976	-0.0120652
0.2502	-0.000914133	-0.0110702
0.2503	-0.00091519	-0.0100742
0.2504	-0.000916148	-0.0090772
0.2505	-0.000917006	-0.00807941
0.2506	-0.000917764	-0.00708088
0.2507	-0.000918422	-0.00608174
0.2508	-0.00091898	-0.00508206
0.2509	-0.000919438	-0.00408196
0.251	-0.000919797	-0.00308153
0.2511	-0.000920055	-0.00208088
0.2512	-0.000920213	-0.0010801
0.2513	-0.000920271	-7.92924e-005
