0 -2.48532e-15 0
1 0.07362 0.07362
2 0.147173 0.147173
3 0.220594 0.220594
4 0.293815 0.293815
5 0.366771 0.366771
6 0.439396 0.439396
7 0.511625 0.511625
8 0.583392 0.583392
9 0.654634 0.654634
10 0.725286 0.725286
11 0.795286 0.795286
12 0.86457 0.86457
13 0.933079 0.933079
14 1.00075 1.00075
15 1.06752 1.06752
16 1.13334 1.13334
17 1.19815 1.19815
18 1.26189 1.26189
19 1.3245 1.3245
20 1.38594 1.38594
21 1.44614 1.44614
22 1.50506 1.50506
23 1.56265 1.56265
24 1.61887 1.61887
25 1.67365 1.67365
26 1.72697 1.72697
27 1.77877 1.77877
28 1.82901 1.82901
29 1.87766 1.87766
30 1.92468 1.92468
31 1.97003 1.97003
32 2.01367 2.01367
33 2.05558 2.05558
34 2.09572 2.09572
35 2.13407 2.13407
36 2.1706 2.1706
37 2.20528 2.20528
38 2.2381 2.2381
39 2.26903 2.26903
40 2.29805 2.29805
41 2.32516 2.32516
42 2.35033 2.35033
43 2.37355 2.37355
44 2.39482 2.39482
45 2.41413 2.41413
46 2.43147 2.43147
47 2.44684 2.44684
48 2.46024 2.46024
49 2.47166 2.47166
50 2.48113 2.48113
51 2.48863 2.48863
52 2.49418 2.49418
53 2.49779 2.49779
54 2.49947 2.49947
55 2.49924 2.49924
56 2.4971 2.4971
57 2.49308 2.49308
58 2.4872 2.4872
59 2.47948 2.47948
60 2.46995 2.46995
61 2.45863 2.45863
62 2.44554 2.44554
63 2.43073 2.43073
64 2.41421 2.41421
65 2.39603 2.39603
66 2.37622 2.37622
67 2.3548 2.3548
68 2.33184 2.33184
69 2.30735 2.30735
70 2.28138 2.28138
71 2.25398 2.25398
72 2.22519 2.22519
73 2.19506 2.19506
74 2.16362 2.16362
75 2.13093 2.13093
76 2.09704 2.09704
77 2.06199 2.06199
78 2.02584 2.02584
79 1.98864 1.98864
80 1.95044 1.95044
81 1.91129 1.91129
82 1.87125 1.87125
83 1.83038 1.83038
84 1.78872 1.78872
85 1.74633 1.74633
86 1.70327 1.70327
87 1.6596 1.6596
88 1.61537 1.61537
89 1.57064 1.57064
90 1.52547 1.52547
91 1.47991 1.47991
92 1.43402 1.43402
93 1.38786 1.38786
94 1.34148 1.34148
95 1.29494 1.29494
96 1.2483 1.2483
97 1.20162 1.20162
98 1.15494 1.15494
99 1.10833 1.10833
100 1.06183 1.06183
101 1.01551 1.01551
102 0.969419 0.969419
103 0.923603 0.923603
104 0.878117 0.878117
105 0.833012 0.833012
106 0.788338 0.788338
107 0.744144 0.744144
108 0.700477 0.700477
109 0.657384 0.657384
110 0.614911 0.614911
111 0.573101 0.573101
112 0.531999 0.531999
113 0.491645 0.491645
114 0.452081 0.452081
115 0.413344 0.413344
116 0.375472 0.375472
117 0.338502 0.338502
118 0.302467 0.302467
119 0.267401 0.267401
120 0.233335 0.233335
121 0.200298 0.200298
122 0.168319 0.168319
123 0.137423 0.137423
124 0.107636 0.107636
125 0.07898 0.07898
126 0.051476 0.051476
127 0.0251435 0.0251435
128 6.7945e-16 2.22045e-16
129 -0.0239389 -0.0239389
130 -0.0466593 -0.0466593
131 -0.0681491 -0.0681491
132 -0.0883982 -0.0883982
133 -0.107398 -0.107398
134 -0.125142 -0.125142
135 -0.141626 -0.141626
136 -0.156846 -0.156846
137 -0.170802 -0.170802
138 -0.183493 -0.183493
139 -0.194924 -0.194924
140 -0.205097 -0.205097
141 -0.21402 -0.21402
142 -0.221699 -0.221699
143 -0.228145 -0.228145
144 -0.233368 -0.233368
145 -0.237381 -0.237381
146 -0.240199 -0.240199
147 -0.241839 -0.241839
148 -0.242317 -0.242317
149 -0.241653 -0.241653
150 -0.239867 -0.239867
151 -0.236983 -0.236983
152 -0.233023 -0.233023
153 -0.228013 -0.228013
154 -0.221979 -0.221979
155 -0.214949 -0.214949
156 -0.206952 -0.206952
157 -0.198018 -0.198018
158 -0.188177 -0.188177
159 -0.177464 -0.177464
160 -0.165911 -0.165911
161 -0.153552 -0.153552
162 -0.140423 -0.140423
163 -0.126561 -0.126561
164 -0.112001 -0.112001
165 -0.0967833 -0.0967833
166 -0.0809451 -0.0809451
167 -0.0645259 -0.0645259
168 -0.0475655 -0.0475655
169 -0.0301042 -0.0301042
170 -0.0121828 -0.0121828
171 0.0061574 0.0061574
172 0.024875 0.024875
173 0.0439282 0.0439282
174 0.0632749 0.0632749
175 0.0828731 0.0828731
176 0.10268 0.10268
177 0.122655 0.122655
178 0.142754 0.142754
179 0.162935 0.162935
180 0.183157 0.183157
181 0.203378 0.203378
182 0.223556 0.223556
183 0.243651 0.243651
184 0.263622 0.263622
185 0.283428 0.283428
186 0.30303 0.30303
187 0.322389 0.322389
188 0.341466 0.341466
189 0.360223 0.360223
190 0.378624 0.378624
191 0.396633 0.396633
192 0.414214 0.414214
193 0.431332 0.431332
194 0.447954 0.447954
195 0.464048 0.464048
196 0.479582 0.479582
197 0.494526 0.494526
198 0.50885 0.50885
199 0.522527 0.522527
200 0.535529 0.535529
201 0.547832 0.547832
202 0.55941 0.55941
203 0.570241 0.570241
204 0.580303 0.580303
205 0.589576 0.589576
206 0.59804 0.59804
207 0.605679 0.605679
208 0.612476 0.612476
209 0.618417 0.618417
210 0.623488 0.623488
211 0.627678 0.627678
212 0.630977 0.630977
213 0.633376 0.633376
214 0.634868 0.634868
215 0.635448 0.635448
216 0.635112 0.635112
217 0.633857 0.633857
218 0.631681 0.631681
219 0.628587 0.628587
220 0.624576 0.624576
221 0.619651 0.619651
222 0.613818 0.613818
223 0.607084 0.607084
224 0.599456 0.599456
225 0.590945 0.590945
226 0.58156 0.58156
227 0.571316 0.571316
228 0.560225 0.560225
229 0.548303 0.548303
230 0.535567 0.535567
231 0.522035 0.522035
232 0.507725 0.507725
233 0.492658 0.492658
234 0.476857 0.476857
235 0.460344 0.460344
236 0.443142 0.443142
237 0.425278 0.425278
238 0.406778 0.406778
239 0.387668 0.387668
240 0.367977 0.367977
241 0.347735 0.347735
242 0.32697 0.32697
243 0.305715 0.305715
244 0.284001 0.284001
245 0.26186 0.26186
246 0.239326 0.239326
247 0.216431 0.216431
248 0.193211 0.193211
249 0.169701 0.169701
250 0.145935 0.145935
251 0.12195 0.12195
252 0.097781 0.097781
253 0.0734649 0.0734649
254 0.0490381 0.0490381
255 0.0245375 0.0245375
256 7.93356e-16 2.44929e-16
257 -0.0245375 -0.0245375
258 -0.0490381 -0.0490381
259 -0.0734649 -0.0734649
260 -0.097781 -0.097781
261 -0.12195 -0.12195
262 -0.145935 -0.145935
263 -0.169701 -0.169701
264 -0.193211 -0.193211
265 -0.216431 -0.216431
266 -0.239326 -0.239326
267 -0.26186 -0.26186
268 -0.284001 -0.284001
269 -0.305715 -0.305715
270 -0.32697 -0.32697
271 -0.347735 -0.347735
272 -0.367977 -0.367977
273 -0.387668 -0.387668
274 -0.406778 -0.406778
275 -0.425278 -0.425278
276 -0.443142 -0.443142
277 -0.460344 -0.460344
278 -0.476857 -0.476857
279 -0.492658 -0.492658
280 -0.507725 -0.507725
281 -0.522035 -0.522035
282 -0.535567 -0.535567
283 -0.548303 -0.548303
284 -0.560225 -0.560225
285 -0.571316 -0.571316
286 -0.58156 -0.58156
287 -0.590945 -0.590945
288 -0.599456 -0.599456
289 -0.607084 -0.607084
290 -0.613818 -0.613818
291 -0.619651 -0.619651
292 -0.624576 -0.624576
293 -0.628587 -0.628587
294 -0.631681 -0.631681
295 -0.633857 -0.633857
296 -0.635112 -0.635112
297 -0.635448 -0.635448
298 -0.634868 -0.634868
299 -0.633376 -0.633376
300 -0.630977 -0.630977
301 -0.627678 -0.627678
302 -0.623488 -0.623488
303 -0.618417 -0.618417
304 -0.612476 -0.612476
305 -0.605679 -0.605679
306 -0.59804 -0.59804
307 -0.589576 -0.589576
308 -0.580303 -0.580303
309 -0.570241 -0.570241
310 -0.55941 -0.55941
311 -0.547832 -0.547832
312 -0.535529 -0.535529
313 -0.522527 -0.522527
314 -0.50885 -0.50885
315 -0.494526 -0.494526
316 -0.479582 -0.479582
317 -0.464048 -0.464048
318 -0.447954 -0.447954
319 -0.431332 -0.431332
320 -0.414214 -0.414214
321 -0.396633 -0.396633
322 -0.378624 -0.378624
323 -0.360223 -0.360223
324 -0.341466 -0.341466
325 -0.322389 -0.322389
326 -0.30303 -0.30303
327 -0.283428 -0.283428
328 -0.263622 -0.263622
329 -0.243651 -0.243651
330 -0.223556 -0.223556
331 -0.203378 -0.203378
332 -0.183157 -0.183157
333 -0.162935 -0.162935
334 -0.142754 -0.142754
335 -0.122655 -0.122655
336 -0.10268 -0.10268
337 -0.0828731 -0.0828731
338 -0.0632749 -0.0632749
339 -0.0439282 -0.0439282
340 -0.024875 -0.024875
341 -0.0061574 -0.0061574
342 0.0121828 0.0121828
343 0.0301042 0.0301042
344 0.0475655 0.0475655
345 0.0645259 0.0645259
346 0.0809451 0.0809451
347 0.0967833 0.0967833
348 0.112001 0.112001
349 0.126561 0.126561
350 0.140423 0.140423
351 0.153552 0.153552
352 0.165911 0.165911
353 0.177464 0.177464
354 0.188177 0.188177
355 0.198018 0.198018
356 0.206952 0.206952
357 0.214949 0.214949
358 0.221979 0.221979
359 0.228013 0.228013
360 0.233023 0.233023
361 0.236983 0.236983
362 0.239867 0.239867
363 0.241653 0.241653
364 0.242317 0.242317
365 0.241839 0.241839
366 0.240199 0.240199
367 0.237381 0.237381
368 0.233368 0.233368
369 0.228145 0.228145
370 0.221699 0.221699
371 0.21402 0.21402
372 0.205097 0.205097
373 0.194924 0.194924
374 0.183493 0.183493
375 0.170802 0.170802
376 0.156846 0.156846
377 0.141626 0.141626
378 0.125142 0.125142
379 0.107398 0.107398
380 0.0883982 0.0883982
381 0.0681491 0.0681491
382 0.0466593 0.0466593
383 0.0239389 0.0239389
384 1.01252e-15 3.33067e-16
385 -0.0251435 -0.0251435
386 -0.051476 -0.051476
387 -0.07898 -0.07898
388 -0.107636 -0.107636
389 -0.137423 -0.137423
390 -0.168319 -0.168319
391 -0.200298 -0.200298
392 -0.233335 -0.233335
393 -0.267401 -0.267401
394 -0.302467 -0.302467
395 -0.338502 -0.338502
396 -0.375472 -0.375472
397 -0.413344 -0.413344
398 -0.452081 -0.452081
399 -0.491645 -0.491645
400 -0.531999 -0.531999
401 -0.573101 -0.573101
402 -0.614911 -0.614911
403 -0.657384 -0.657384
404 -0.700477 -0.700477
405 -0.744144 -0.744144
406 -0.788338 -0.788338
407 -0.833012 -0.833012
408 -0.878117 -0.878117
409 -0.923603 -0.923603
410 -0.969419 -0.969419
411 -1.01551 -1.01551
412 -1.06183 -1.06183
413 -1.10833 -1.10833
414 -1.15494 -1.15494
415 -1.20162 -1.20162
416 -1.2483 -1.2483
417 -1.29494 -1.29494
418 -1.34148 -1.34148
419 -1.38786 -1.38786
420 -1.43402 -1.43402
421 -1.47991 -1.47991
422 -1.52547 -1.52547
423 -1.57064 -1.57064
424 -1.61537 -1.61537
425 -1.6596 -1.6596
426 -1.70327 -1.70327
427 -1.74633 -1.74633
428 -1.78872 -1.78872
429 -1.83038 -1.83038
430 -1.87125 -1.87125
431 -1.91129 -1.91129
432 -1.95044 -1.95044
433 -1.98864 -1.98864
434 -2.02584 -2.02584
435 -2.06199 -2.06199
436 -2.09704 -2.09704
437 -2.13093 -2.13093
438 -2.16362 -2.16362
439 -2.19506 -2.19506
440 -2.22519 -2.22519
441 -2.25398 -2.25398
442 -2.28138 -2.28138
443 -2.30735 -2.30735
444 -2.33184 -2.33184
445 -2.3548 -2.3548
446 -2.37622 -2.37622
447 -2.39603 -2.39603
448 -2.41421 -2.41421
449 -2.43073 -2.43073
450 -2.44554 -2.44554
451 -2.45863 -2.45863
452 -2.46995 -2.46995
453 -2.47948 -2.47948
454 -2.4872 -2.4872
455 -2.49308 -2.49308
456 -2.4971 -2.4971
457 -2.49924 -2.49924
458 -2.49947 -2.49947
459 -2.49779 -2.49779
460 -2.49418 -2.49418
461 -2.48863 -2.48863
462 -2.48113 -2.48113
463 -2.47166 -2.47166
464 -2.46024 -2.46024
465 -2.44684 -2.44684
466 -2.43147 -2.43147
467 -2.41413 -2.41413
468 -2.39482 -2.39482
469 -2.37355 -2.37355
470 -2.35033 -2.35033
471 -2.32516 -2.32516
472 -2.29805 -2.29805
473 -2.26903 -2.26903
474 -2.2381 -2.2381
475 -2.20528 -2.20528
476 -2.1706 -2.1706
477 -2.13407 -2.13407
478 -2.09572 -2.09572
479 -2.05558 -2.05558
480 -2.01367 -2.01367
481 -1.97003 -1.97003
482 -1.92468 -1.92468
483 -1.87766 -1.87766
484 -1.82901 -1.82901
485 -1.77877 -1.77877
486 -1.72697 -1.72697
487 -1.67365 -1.67365
488 -1.61887 -1.61887
489 -1.56265 -1.56265
490 -1.50506 -1.50506
491 -1.44614 -1.44614
492 -1.38594 -1.38594
493 -1.3245 -1.3245
494 -1.26189 -1.26189
495 -1.19815 -1.19815
496 -1.13334 -1.13334
497 -1.06752 -1.06752
498 -1.00075 -1.00075
499 -0.933079 -0.933079
500 -0.86457 -0.86457
501 -0.795286 -0.795286
502 -0.725286 -0.725286
503 -0.654634 -0.654634
504 -0.583392 -0.583392
505 -0.511625 -0.511625
506 -0.439396 -0.439396
507 -0.366771 -0.366771
508 -0.293815 -0.293815
509 -0.220594 -0.220594
510 -0.147173 -0.147173
511 -0.07362 -0.07362
512 -2.48532e-15 -1.46958e-15
513 0.07362 0.07362
514 0.147173 0.147173
515 0.220594 0.220594
516 0.293815 0.293815
517 0.366771 0.366771
518 0.439396 0.439396
519 0.511625 0.511625
520 0.583392 0.583392
521 0.654634 0.654634
522 0.725286 0.725286
523 0.795286 0.795286
524 0.86457 0.86457
525 0.933079 0.933079
526 1.00075 1.00075
527 1.06752 1.06752
528 1.13334 1.13334
529 1.19815 1.19815
530 1.26189 1.26189
531 1.3245 1.3245
532 1.38594 1.38594
533 1.44614 1.44614
534 1.50506 1.50506
535 1.56265 1.56265
536 1.61887 1.61887
537 1.67365 1.67365
538 1.72697 1.72697
539 1.77877 1.77877
540 1.82901 1.82901
541 1.87766 1.87766
542 1.92468 1.92468
543 1.97003 1.97003
544 2.01367 2.01367
545 2.05558 2.05558
546 2.09572 2.09572
547 2.13407 2.13407
548 2.1706 2.1706
549 2.20528 2.20528
550 2.2381 2.2381
551 2.26903 2.26903
552 2.29805 2.29805
553 2.32516 2.32516
554 2.35033 2.35033
555 2.37355 2.37355
556 2.39482 2.39482
557 2.41413 2.41413
558 2.43147 2.43147
559 2.44684 2.44684
560 2.46024 2.46024
561 2.47166 2.47166
562 2.48113 2.48113
563 2.48863 2.48863
564 2.49418 2.49418
565 2.49779 2.49779
566 2.49947 2.49947
567 2.49924 2.49924
568 2.4971 2.4971
569 2.49308 2.49308
570 2.4872 2.4872
571 2.47948 2.47948
572 2.46995 2.46995
573 2.45863 2.45863
574 2.44554 2.44554
575 2.43073 2.43073
576 2.41421 2.41421
577 2.39603 2.39603
578 2.37622 2.37622
579 2.3548 2.3548
580 2.33184 2.33184
581 2.30735 2.30735
582 2.28138 2.28138
583 2.25398 2.25398
584 2.22519 2.22519
585 2.19506 2.19506
586 2.16362 2.16362
587 2.13093 2.13093
588 2.09704 2.09704
589 2.06199 2.06199
590 2.02584 2.02584
591 1.98864 1.98864
592 1.95044 1.95044
593 1.91129 1.91129
594 1.87125 1.87125
595 1.83038 1.83038
596 1.78872 1.78872
597 1.74633 1.74633
598 1.70327 1.70327
599 1.6596 1.6596
600 1.61537 1.61537
601 1.57064 1.57064
602 1.52547 1.52547
603 1.47991 1.47991
604 1.43402 1.43402
605 1.38786 1.38786
606 1.34148 1.34148
607 1.29494 1.29494
608 1.2483 1.2483
609 1.20162 1.20162
610 1.15494 1.15494
611 1.10833 1.10833
612 1.06183 1.06183
613 1.01551 1.01551
614 0.969419 0.969419
615 0.923603 0.923603
616 0.878117 0.878117
617 0.833012 0.833012
618 0.788338 0.788338
619 0.744144 0.744144
620 0.700477 0.700477
621 0.657384 0.657384
622 0.614911 0.614911
623 0.573101 0.573101
624 0.531999 0.531999
625 0.491645 0.491645
626 0.452081 0.452081
627 0.413344 0.413344
628 0.375472 0.375472
629 0.338502 0.338502
630 0.302467 0.302467
631 0.267401 0.267401
632 0.233335 0.233335
633 0.200298 0.200298
634 0.168319 0.168319
635 0.137423 0.137423
636 0.107636 0.107636
637 0.07898 0.07898
638 0.051476 0.051476
639 0.0251435 0.0251435
640 6.7945e-16 6.66134e-16
641 -0.0239389 -0.0239389
642 -0.0466593 -0.0466593
643 -0.0681491 -0.0681491
644 -0.0883982 -0.0883982
645 -0.107398 -0.107398
646 -0.125142 -0.125142
647 -0.141626 -0.141626
648 -0.156846 -0.156846
649 -0.170802 -0.170802
650 -0.183493 -0.183493
651 -0.194924 -0.194924
652 -0.205097 -0.205097
653 -0.21402 -0.21402
654 -0.221699 -0.221699
655 -0.228145 -0.228145
656 -0.233368 -0.233368
657 -0.237381 -0.237381
658 -0.240199 -0.240199
659 -0.241839 -0.241839
660 -0.242317 -0.242317
661 -0.241653 -0.241653
662 -0.239867 -0.239867
663 -0.236983 -0.236983
664 -0.233023 -0.233023
665 -0.228013 -0.228013
666 -0.221979 -0.221979
667 -0.214949 -0.214949
668 -0.206952 -0.206952
669 -0.198018 -0.198018
670 -0.188177 -0.188177
671 -0.177464 -0.177464
672 -0.165911 -0.165911
673 -0.153552 -0.153552
674 -0.140423 -0.140423
675 -0.126561 -0.126561
676 -0.112001 -0.112001
677 -0.0967833 -0.0967833
678 -0.0809451 -0.0809451
679 -0.0645259 -0.0645259
680 -0.0475655 -0.0475655
681 -0.0301042 -0.0301042
682 -0.0121828 -0.0121828
683 0.0061574 0.0061574
684 0.024875 0.024875
685 0.0439282 0.0439282
686 0.0632749 0.0632749
687 0.0828731 0.0828731
688 0.10268 0.10268
689 0.122655 0.122655
690 0.142754 0.142754
691 0.162935 0.162935
692 0.183157 0.183157
693 0.203378 0.203378
694 0.223556 0.223556
695 0.243651 0.243651
696 0.263622 0.263622
697 0.283428 0.283428
698 0.30303 0.30303
699 0.322389 0.322389
700 0.341466 0.341466
701 0.360223 0.360223
702 0.378624 0.378624
703 0.396633 0.396633
704 0.414214 0.414214
705 0.431332 0.431332
706 0.447954 0.447954
707 0.464048 0.464048
708 0.479582 0.479582
709 0.494526 0.494526
710 0.50885 0.50885
711 0.522527 0.522527
712 0.535529 0.535529
713 0.547832 0.547832
714 0.55941 0.55941
715 0.570241 0.570241
716 0.580303 0.580303
717 0.589576 0.589576
718 0.59804 0.59804
719 0.605679 0.605679
720 0.612476 0.612476
721 0.618417 0.618417
722 0.623488 0.623488
723 0.627678 0.627678
724 0.630977 0.630977
725 0.633376 0.633376
726 0.634868 0.634868
727 0.635448 0.635448
728 0.635112 0.635112
729 0.633857 0.633857
730 0.631681 0.631681
731 0.628587 0.628587
732 0.624576 0.624576
733 0.619651 0.619651
734 0.613818 0.613818
735 0.607084 0.607084
736 0.599456 0.599456
737 0.590945 0.590945
738 0.58156 0.58156
739 0.571316 0.571316
740 0.560225 0.560225
741 0.548303 0.548303
742 0.535567 0.535567
743 0.522035 0.522035
744 0.507725 0.507725
745 0.492658 0.492658
746 0.476857 0.476857
747 0.460344 0.460344
748 0.443142 0.443142
749 0.425278 0.425278
750 0.406778 0.406778
751 0.387668 0.387668
752 0.367977 0.367977
753 0.347735 0.347735
754 0.32697 0.32697
755 0.305715 0.305715
756 0.284001 0.284001
757 0.26186 0.26186
758 0.239326 0.239326
759 0.216431 0.216431
760 0.193211 0.193211
761 0.169701 0.169701
762 0.145935 0.145935
763 0.12195 0.12195
764 0.097781 0.097781
765 0.0734649 0.0734649
766 0.0490381 0.0490381
767 0.0245375 0.0245375
768 7.93356e-16 7.34788e-16
769 -0.0245375 -0.0245375
770 -0.0490381 -0.0490381
771 -0.0734649 -0.0734649
772 -0.097781 -0.097781
773 -0.12195 -0.12195
774 -0.145935 -0.145935
775 -0.169701 -0.169701
776 -0.193211 -0.193211
777 -0.216431 -0.216431
778 -0.239326 -0.239326
779 -0.26186 -0.26186
780 -0.284001 -0.284001
781 -0.305715 -0.305715
782 -0.32697 -0.32697
783 -0.347735 -0.347735
784 -0.367977 -0.367977
785 -0.387668 -0.387668
786 -0.406778 -0.406778
787 -0.425278 -0.425278
788 -0.443142 -0.443142
789 -0.460344 -0.460344
790 -0.476857 -0.476857
791 -0.492658 -0.492658
792 -0.507725 -0.507725
793 -0.522035 -0.522035
794 -0.535567 -0.535567
795 -0.548303 -0.548303
796 -0.560225 -0.560225
797 -0.571316 -0.571316
798 -0.58156 -0.58156
799 -0.590945 -0.590945
800 -0.599456 -0.599456
801 -0.607084 -0.607084
802 -0.613818 -0.613818
803 -0.619651 -0.619651
804 -0.624576 -0.624576
805 -0.628587 -0.628587
806 -0.631681 -0.631681
807 -0.633857 -0.633857
808 -0.635112 -0.635112
809 -0.635448 -0.635448
810 -0.634868 -0.634868
811 -0.633376 -0.633376
812 -0.630977 -0.630977
813 -0.627678 -0.627678
814 -0.623488 -0.623488
815 -0.618417 -0.618417
816 -0.612476 -0.612476
817 -0.605679 -0.605679
818 -0.59804 -0.59804
819 -0.589576 -0.589576
820 -0.580303 -0.580303
821 -0.570241 -0.570241
822 -0.55941 -0.55941
823 -0.547832 -0.547832
824 -0.535529 -0.535529
825 -0.522527 -0.522527
826 -0.50885 -0.50885
827 -0.494526 -0.494526
828 -0.479582 -0.479582
829 -0.464048 -0.464048
830 -0.447954 -0.447954
831 -0.431332 -0.431332
832 -0.414214 -0.414214
833 -0.396633 -0.396633
834 -0.378624 -0.378624
835 -0.360223 -0.360223
836 -0.341466 -0.341466
837 -0.322389 -0.322389
838 -0.30303 -0.30303
839 -0.283428 -0.283428
840 -0.263622 -0.263622
841 -0.243651 -0.243651
842 -0.223556 -0.223556
843 -0.203378 -0.203378
844 -0.183157 -0.183157
845 -0.162935 -0.162935
846 -0.142754 -0.142754
847 -0.122655 -0.122655
848 -0.10268 -0.10268
849 -0.0828731 -0.0828731
850 -0.0632749 -0.0632749
851 -0.0439282 -0.0439282
852 -0.024875 -0.024875
853 -0.0061574 -0.0061574
854 0.0121828 0.0121828
855 0.0301042 0.0301042
856 0.0475655 0.0475655
857 0.0645259 0.0645259
858 0.0809451 0.0809451
859 0.0967833 0.0967833
860 0.112001 0.112001
861 0.126561 0.126561
862 0.140423 0.140423
863 0.153552 0.153552
864 0.165911 0.165911
865 0.177464 0.177464
866 0.188177 0.188177
867 0.198018 0.198018
868 0.206952 0.206952
869 0.214949 0.214949
870 0.221979 0.221979
871 0.228013 0.228013
872 0.233023 0.233023
873 0.236983 0.236983
874 0.239867 0.239867
875 0.241653 0.241653
876 0.242317 0.242317
877 0.241839 0.241839
878 0.240199 0.240199
879 0.237381 0.237381
880 0.233368 0.233368
881 0.228145 0.228145
882 0.221699 0.221699
883 0.21402 0.21402
884 0.205097 0.205097
885 0.194924 0.194924
886 0.183493 0.183493
887 0.170802 0.170802
888 0.156846 0.156846
889 0.141626 0.141626
890 0.125142 0.125142
891 0.107398 0.107398
892 0.0883982 0.0883982
893 0.0681491 0.0681491
894 0.0466593 0.0466593
895 0.0239389 0.0239389
896 1.01252e-15 8.88178e-16
897 -0.0251435 -0.0251435
898 -0.051476 -0.051476
899 -0.07898 -0.07898
900 -0.107636 -0.107636
901 -0.137423 -0.137423
902 -0.168319 -0.168319
903 -0.200298 -0.200298
904 -0.233335 -0.233335
905 -0.267401 -0.267401
906 -0.302467 -0.302467
907 -0.338502 -0.338502
908 -0.375472 -0.375472
909 -0.413344 -0.413344
910 -0.452081 -0.452081
911 -0.491645 -0.491645
912 -0.531999 -0.531999
913 -0.573101 -0.573101
914 -0.614911 -0.614911
915 -0.657384 -0.657384
916 -0.700477 -0.700477
917 -0.744144 -0.744144
918 -0.788338 -0.788338
919 -0.833012 -0.833012
920 -0.878117 -0.878117
921 -0.923603 -0.923603
922 -0.969419 -0.969419
923 -1.01551 -1.01551
924 -1.06183 -1.06183
925 -1.10833 -1.10833
926 -1.15494 -1.15494
927 -1.20162 -1.20162
928 -1.2483 -1.2483
929 -1.29494 -1.29494
930 -1.34148 -1.34148
931 -1.38786 -1.38786
932 -1.43402 -1.43402
933 -1.47991 -1.47991
934 -1.52547 -1.52547
935 -1.57064 -1.57064
936 -1.61537 -1.61537
937 -1.6596 -1.6596
938 -1.70327 -1.70327
939 -1.74633 -1.74633
940 -1.78872 -1.78872
941 -1.83038 -1.83038
942 -1.87125 -1.87125
943 -1.91129 -1.91129
944 -1.95044 -1.95044
945 -1.98864 -1.98864
946 -2.02584 -2.02584
947 -2.06199 -2.06199
948 -2.09704 -2.09704
949 -2.13093 -2.13093
950 -2.16362 -2.16362
951 -2.19506 -2.19506
952 -2.22519 -2.22519
953 -2.25398 -2.25398
954 -2.28138 -2.28138
955 -2.30735 -2.30735
956 -2.33184 -2.33184
957 -2.3548 -2.3548
958 -2.37622 -2.37622
959 -2.39603 -2.39603
960 -2.41421 -2.41421
961 -2.43073 -2.43073
962 -2.44554 -2.44554
963 -2.45863 -2.45863
964 -2.46995 -2.46995
965 -2.47948 -2.47948
966 -2.4872 -2.4872
967 -2.49308 -2.49308
968 -2.4971 -2.4971
969 -2.49924 -2.49924
970 -2.49947 -2.49947
971 -2.49779 -2.49779
972 -2.49418 -2.49418
973 -2.48863 -2.48863
974 -2.48113 -2.48113
975 -2.47166 -2.47166
976 -2.46024 -2.46024
977 -2.44684 -2.44684
978 -2.43147 -2.43147
979 -2.41413 -2.41413
980 -2.39482 -2.39482
981 -2.37355 -2.37355
982 -2.35033 -2.35033
983 -2.32516 -2.32516
984 -2.29805 -2.29805
985 -2.26903 -2.26903
986 -2.2381 -2.2381
987 -2.20528 -2.20528
988 -2.1706 -2.1706
989 -2.13407 -2.13407
990 -2.09572 -2.09572
991 -2.05558 -2.05558
992 -2.01367 -2.01367
993 -1.97003 -1.97003
994 -1.92468 -1.92468
995 -1.87766 -1.87766
996 -1.82901 -1.82901
997 -1.77877 -1.77877
998 -1.72697 -1.72697
999 -1.67365 -1.67365
1000 -1.61887 -1.61887
1001 -1.56265 -1.56265
1002 -1.50506 -1.50506
1003 -1.44614 -1.44614
1004 -1.38594 -1.38594
1005 -1.3245 -1.3245
1006 -1.26189 -1.26189
1007 -1.19815 -1.19815
1008 -1.13334 -1.13334
1009 -1.06752 -1.06752
1010 -1.00075 -1.00075
1011 -0.933079 -0.933079
1012 -0.86457 -0.86457
1013 -0.795286 -0.795286
1014 -0.725286 -0.725286
1015 -0.654634 -0.654634
1016 -0.583392 -0.583392
1017 -0.511625 -0.511625
1018 -0.439396 -0.439396
1019 -0.366771 -0.366771
1020 -0.293815 -0.293815
1021 -0.220594 -0.220594
1022 -0.147173 -0.147173
1023 -0.07362 -0.07362
