0 -0.014437 -0.7407
1 0.0599985 -0.469842
2 0.134338 -0.200588
3 0.208514 0.122016
4 0.282459 0.967076
5 0.356106 1.08681
6 0.429388 0.266218
7 0.50224 0.496661
8 0.574594 1.15463
9 0.646386 0.30077
10 0.717551 0.125009
11 0.788026 0.953535
12 0.857748 0.740192
13 0.926654 1.40003
14 0.994683 1.91702
15 1.06178 1.90087
16 1.12787 1.15285
17 1.19292 0.77501
18 1.25685 1.47867
19 1.31962 1.6275
20 1.38117 2.19766
21 1.44144 2.0743
22 1.50039 1.27978
23 1.55797 2.48585
24 1.61413 1.09779
25 1.66883 2.63704
26 1.72201 2.05115
27 1.77364 2.27515
28 1.82367 2.24403
29 1.87207 1.05882
30 1.91879 1.65863
31 1.96381 2.64434
32 2.00709 1.65137
33 2.04859 2.44177
34 2.08829 1.67146
35 2.12617 1.44503
36 2.16219 2.27682
37 2.19633 2.60784
38 2.22857 2.53409
39 2.2589 1.94649
40 2.28729 1.34675
41 2.31373 3.02088
42 2.33821 3.18604
43 2.36071 2.29787
44 2.38124 2.55749
45 2.39978 3.16611
46 2.41633 2.18913
47 2.43089 1.62901
48 2.44346 1.78908
49 2.45404 3.44611
50 2.46264 2.9663
51 2.46927 1.62921
52 2.47393 3.09679
53 2.47664 1.75768
54 2.4774 1.56324
55 2.47625 1.58077
56 2.47318 1.72037
57 2.46823 2.88104
58 2.46142 3.06512
59 2.45276 3.11777
60 2.44229 3.03907
61 2.43003 1.77049
62 2.41602 2.75815
63 2.40028 1.63754
64 2.38284 3.11226
65 2.36375 3.28437
66 2.34303 1.89399
67 2.32073 2.15908
68 2.29689 2.62274
69 2.27155 3.12112
70 2.24474 2.76312
71 2.21652 2.59358
72 2.18692 2.73468
73 2.15601 2.5125
74 2.12381 1.42754
75 2.09039 1.80309
76 2.0558 2.16647
77 2.02007 2.08358
78 1.98328 1.88017
79 1.94546 2.38692
80 1.90667 1.94647
81 1.86697 1.25079
82 1.82642 2.4101
83 1.78506 1.42901
84 1.74296 1.3881
85 1.70016 2.34895
86 1.65674 1.38344
87 1.61274 1.48226
88 1.56823 1.60595
89 1.52325 0.828724
90 1.47788 0.986414
91 1.43216 1.0396
92 1.38616 1.00396
93 1.33993 2.16141
94 1.29353 1.10798
95 1.24702 0.562936
96 1.20045 1.9102
97 1.15388 1.4859
98 1.10737 1.22721
99 1.06097 1.06112
100 1.01474 1.15988
101 0.968723 0.569513
102 0.922984 0.261814
103 0.877573 0.531144
104 0.832539 1.74956
105 0.787934 0.389326
106 0.743807 1.06804
107 0.700207 0.685019
108 0.657182 1.27837
109 0.614777 -0.20859
110 0.573038 -0.0459372
111 0.532008 0.147031
112 0.491731 0.0055229
113 0.452246 1.36965
114 0.413593 0.624647
115 0.375811 0.486252
116 0.338937 0.856095
117 0.303004 1.19123
118 0.268048 1.19803
119 0.234098 -0.261401
120 0.201187 -0.655852
121 0.169341 -0.443194
122 0.138589 0.199207
123 0.108954 -0.18182
124 0.0804611 -0.762307
125 0.0531305 0.876373
126 0.0269821 0.000225931
127 0.00203393 0.817092
128 -0.0216981 0.0816728
129 -0.0441999 -1.00292
130 -0.065459 -0.301915
131 -0.0854651 -0.888426
132 -0.10421 -0.513383
133 -0.121686 -0.0702585
134 -0.137889 -0.337878
135 -0.152815 -0.695166
136 -0.166465 0.436607
137 -0.178838 -1.10384
138 -0.189936 0.203842
139 -0.199765 -0.0235742
140 -0.20833 -1.00411
141 -0.215639 0.512467
142 -0.221702 0.52358
143 -0.226531 -0.553633
144 -0.230137 0.371121
145 -0.232537 -0.319535
146 -0.233747 0.50722
147 -0.233783 -0.156727
148 -0.232667 -0.471738
149 -0.230419 0.401331
150 -0.227063 0.316442
151 -0.222621 -0.355591
152 -0.217119 0.766468
153 -0.210585 -0.640816
154 -0.203047 0.340169
155 -0.194533 -1.0854
156 -0.185076 -0.822361
157 -0.174706 -0.687119
158 -0.163457 0.733319
159 -0.151363 0.2888
160 -0.138458 -0.633997
161 -0.12478 -0.487311
162 -0.110364 0.505564
163 -0.0952493 -0.0196318
164 -0.0794738 0.591379
165 -0.0630768 -0.663532
166 -0.0460984 0.472443
167 -0.0285791 0.232307
168 -0.0105599 -0.547353
169 0.00791742 -0.0893809
170 0.0268111 -0.544
171 0.0460787 -0.292642
172 0.0656777 -0.307915
173 0.0855652 -0.742609
174 0.105698 0.438987
175 0.126034 -0.645428
176 0.14653 0.233989
177 0.167141 0.245786
178 0.187827 0.499564
179 0.208543 1.06482
180 0.229248 -0.0507282
181 0.249899 0.116498
182 0.270454 0.00683537
183 0.290872 0.00925714
184 0.311112 0.76394
185 0.331134 -0.371145
186 0.350897 0.198183
187 0.370363 1.2073
188 0.389493 0.197791
189 0.40825 0.176873
190 0.426596 0.729797
191 0.444496 0.784872
192 0.461915 0.897105
193 0.478818 0.428491
194 0.495173 -0.0568782
195 0.510948 0.650319
196 0.526111 0.909992
197 0.540633 -0.456918
198 0.554486 -0.00804521
199 0.567642 1.45315
200 0.580075 0.524809
201 0.591761 0.49912
202 0.602676 0.191234
203 0.612799 1.22673
204 0.622108 0.745054
205 0.630585 -0.402889
206 0.638211 1.52623
207 0.644971 -0.0982623
208 0.650851 0.743143
209 0.655836 0.903416
210 0.659915 -0.178566
211 0.663078 1.52446
212 0.665317 -0.170903
213 0.666624 0.614601
214 0.666994 0.297256
215 0.666423 1.33389
216 0.66491 0.961764
217 0.662452 1.1914
218 0.659052 1.21503
219 0.654711 -0.188436
220 0.649434 -0.0012334
221 0.643226 0.55417
222 0.636094 1.18503
223 0.628047 1.46417
224 0.619095 1.53113
225 0.609249 -0.342672
226 0.598523 0.624914
227 0.586931 0.933405
228 0.574489 -0.324835
229 0.561214 1.07476
230 0.547125 0.828279
231 0.532242 0.626254
232 0.516586 -0.0145289
233 0.500181 1.41719
234 0.483048 0.237566
235 0.465214 1.10284
236 0.446705 1.37521
237 0.427547 0.114176
238 0.407769 1.34533
239 0.387401 0.450406
240 0.366471 1.34187
241 0.345012 -0.515764
242 0.323056 0.286489
243 0.300634 -0.522268
244 0.277781 0.401727
245 0.254531 0.883766
246 0.230919 1.10978
247 0.206979 -0.339191
248 0.182749 0.372659
249 0.158264 0.623502
250 0.133562 -0.22671
251 0.108679 0.675588
252 0.0836537 -0.513899
253 0.0585231 -0.727965
254 0.0333253 0.459758
255 0.00809847 -0.655464
256 -0.0171193 -0.735046
257 -0.0422899 -0.570465
258 -0.0673752 0.633049
259 -0.0923373 -0.693571
260 -0.117138 0.88275
261 -0.141741 -0.147151
262 -0.166108 0.338178
263 -0.190203 -0.711424
264 -0.213988 -0.293876
265 -0.237429 -0.971608
266 -0.260489 -1.13855
267 -0.283134 -0.430454
268 -0.30533 -0.35028
269 -0.327043 -1.26639
270 -0.348241 0.567173
271 -0.368891 -0.440116
272 -0.388963 -1.19215
273 -0.408427 -0.534005
274 -0.427253 -0.327142
275 -0.445413 -0.131722
276 -0.46288 -0.967573
277 -0.479628 -0.510253
278 -0.495632 0.261077
279 -0.51087 0.162358
280 -0.525317 -1.10383
281 -0.538953 -1.15675
282 -0.551759 -0.326914
283 -0.563715 -0.756092
284 -0.574805 -0.996366
285 -0.585012 -0.951943
286 -0.594323 -0.469351
287 -0.602724 -0.762131
288 -0.610204 -0.52601
289 -0.616753 -0.812787
290 -0.622363 -0.405111
291 -0.627026 -0.565675
292 -0.630738 0.14452
293 -0.633495 -0.935766
294 -0.635294 -0.119428
295 -0.636135 -0.965425
296 -0.636019 -0.697468
297 -0.634948 -0.0224211
298 -0.632926 -0.135031
299 -0.62996 0.237989
300 -0.626056 0.0213796
301 -0.621224 -0.233697
302 -0.615473 -0.844505
303 -0.608816 0.20977
304 -0.601267 -1.36483
305 -0.592839 0.252939
306 -0.583551 -0.476297
307 -0.57342 -0.866363
308 -0.562466 -0.771594
309 -0.550709 -0.710564
310 -0.538173 -1.18118
311 -0.52488 -0.335232
312 -0.510857 -0.310563
313 -0.496129 0.0643556
314 -0.480724 -1.50404
315 -0.464672 0.294299
316 -0.448002 -1.27333
317 -0.430746 -0.347027
318 -0.412937 -0.830316
319 -0.394609 -0.15163
320 -0.375795 0.497104
321 -0.356532 0.429713
322 -0.336856 -1.04495
323 -0.316804 0.320191
324 -0.296416 -0.822299
325 -0.27573 0.523543
326 -0.254786 -0.954184
327 -0.233624 0.173383
328 -0.212286 0.195337
329 -0.190813 0.605032
330 -0.169248 0.104619
331 -0.147633 -0.0920629
332 -0.126011 0.059507
333 -0.104426 -1.05578
334 -0.0829207 -0.203251
335 -0.0615391 0.367653
336 -0.040325 0.863097
337 -0.0193225 -1.02163
338 0.00142464 -0.849755
339 0.0218726 -0.269442
340 0.0419776 -0.103952
341 0.0616962 -0.414408
342 0.0809852 0.999269
343 0.0998017 -0.824007
344 0.118103 -0.773803
345 0.135848 1.05642
346 0.152994 1.01566
347 0.169501 -0.51833
348 0.185328 0.22092
349 0.200436 -0.321088
350 0.214786 0.805011
351 0.228341 0.173788
352 0.241062 -0.455392
353 0.252915 1.17573
354 0.263864 -0.111172
355 0.273875 0.0958821
356 0.282915 1.05115
357 0.290953 0.264445
358 0.297959 -0.423345
359 0.303902 0.531169
360 0.308755 0.131202
361 0.312493 0.919834
362 0.315089 -0.345662
363 0.31652 -0.617504
364 0.316764 1.03233
365 0.315801 0.595812
366 0.313612 0.87135
367 0.310179 0.993168
368 0.305487 0.648587
369 0.299523 1.07282
370 0.292272 -0.248028
371 0.283726 -0.449838
372 0.273876 -0.358482
373 0.262714 -0.287717
374 0.250236 -0.334476
375 0.236438 -0.214147
376 0.221319 -0.333898
377 0.204879 -0.44163
378 0.187121 0.125081
379 0.168049 0.725572
380 0.147668 0.0574949
381 0.125988 -0.267324
382 0.103017 -0.31493
383 0.0787683 0.371733
384 0.0532544 -0.337207
385 0.0264913 0.313917
386 -0.00150384 -0.805817
387 -0.0307116 -0.57199
388 -0.0611111 -0.719079
389 -0.0926793 -0.537089
390 -0.125392 0.641827
391 -0.159221 0.0864382
392 -0.194141 -0.950149
393 -0.230119 -1.04278
394 -0.267126 0.125112
395 -0.305127 -1.26531
396 -0.344088 0.203118
397 -0.383971 -0.354613
398 -0.42474 0.376902
399 -0.466354 -0.497837
400 -0.508772 -0.628598
401 -0.551952 -1.21385
402 -0.59585 -0.284961
403 -0.640421 -0.317562
404 -0.685618 -0.823862
405 -0.731394 0.0678371
406 -0.777699 0.166535
407 -0.824485 -0.447142
408 -0.871699 -1.64939
409 -0.919289 -0.968791
410 -0.967204 -0.965374
411 -1.01539 -0.817692
412 -1.06379 -0.442496
413 -1.11235 -0.465873
414 -1.16101 -1.60932
415 -1.20972 -1.91949
416 -1.25843 -1.26679
417 -1.30706 -1.50367
418 -1.35557 -1.55236
419 -1.40389 -1.01778
420 -1.45198 -1.04241
421 -1.49976 -1.88064
422 -1.54718 -1.86866
423 -1.59418 -0.895848
424 -1.64071 -1.79149
425 -1.6867 -2.57521
426 -1.73209 -0.955283
427 -1.77683 -2.34386
428 -1.82086 -1.6456
429 -1.86412 -1.2534
430 -1.90656 -1.47497
431 -1.94811 -2.86477
432 -1.98872 -1.01421
433 -2.02835 -2.26241
434 -2.06692 -1.6395
435 -2.10439 -2.24915
436 -2.14071 -2.55883
437 -2.17583 -1.78971
438 -2.20969 -2.9649
439 -2.24224 -2.42812
440 -2.27344 -2.92916
441 -2.30324 -2.05122
442 -2.33159 -1.31662
443 -2.35845 -1.39198
444 -2.38378 -2.48662
445 -2.40754 -2.84443
446 -2.42968 -3.17872
447 -2.45016 -1.5693
448 -2.46896 -2.11256
449 -2.48604 -2.44411
450 -2.50135 -2.24874
451 -2.51488 -2.76537
452 -2.52659 -1.88407
453 -2.53645 -1.62587
454 -2.54444 -3.11915
455 -2.55054 -3.08331
456 -2.55471 -1.5591
457 -2.55696 -3.38319
458 -2.55724 -2.68723
459 -2.55556 -2.41667
460 -2.55189 -1.80116
461 -2.54623 -3.28011
462 -2.53857 -2.35348
463 -2.52889 -1.84241
464 -2.5172 -2.52548
465 -2.50349 -2.93285
466 -2.48776 -2.98937
467 -2.47001 -1.94116
468 -2.45025 -1.53962
469 -2.42848 -2.73274
470 -2.40472 -3.11042
471 -2.37897 -3.17393
472 -2.35124 -1.45448
473 -2.32155 -3.06436
474 -2.28993 -3.1715
475 -2.25637 -2.51649
476 -2.22092 -2.45556
477 -2.18359 -2.86997
478 -2.14441 -2.5802
479 -2.1034 -3.03889
480 -2.06061 -1.76296
481 -2.01604 -1.2577
482 -1.96976 -2.21473
483 -1.92177 -2.04106
484 -1.87214 -1.26307
485 -1.82089 -1.70076
486 -1.76807 -1.4806
487 -1.71372 -1.16971
488 -1.65788 -1.42481
489 -1.60061 -2.50404
490 -1.54194 -1.92
491 -1.48194 -1.55906
492 -1.42065 -2.1188
493 -1.35813 -0.611793
494 -1.29442 -1.74556
495 -1.22959 -0.996267
496 -1.16369 -1.90665
497 -1.09678 -1.1091
498 -1.02892 -1.3259
499 -0.960172 -1.85118
500 -0.890594 -0.26533
501 -0.82025 -0.880535
502 -0.749202 -1.49216
503 -0.677516 -0.211823
504 -0.605255 -0.46398
505 -0.532485 -1.2119
506 -0.459272 -1.3078
507 -0.385682 0.467679
508 -0.311783 -0.729998
509 -0.237641 -0.573481
510 -0.163325 0.703968
511 -0.0889007 0.74091
512 -0.014437 -0.640564
513 0.0599985 -0.365287
514 0.134338 -0.201697
515 0.208514 1.14597
516 0.282459 0.932918
517 0.356106 1.26427
518 0.429388 0.86871
519 0.50224 0.344786
520 0.574594 1.5395
521 0.646386 -0.330989
522 0.717551 1.44553
523 0.788026 0.0185229
524 0.857748 1.59166
525 0.926654 0.169653
526 0.994683 1.42587
527 1.06178 2.0213
528 1.12787 1.32835
529 1.19292 0.29812
530 1.25685 0.297563
531 1.31962 1.11874
532 1.38117 1.40066
533 1.44144 0.714941
534 1.50039 0.742117
535 1.55797 0.696786
536 1.61413 1.18739
537 1.66883 1.0423
538 1.72201 2.69555
539 1.77364 1.91111
540 1.82367 1.84478
541 1.87207 2.69739
542 1.91879 1.87155
543 1.96381 2.34523
544 2.00709 1.39449
545 2.04859 2.65358
546 2.08829 2.39629
547 2.12617 1.15399
548 2.16219 2.66609
549 2.19633 1.93517
550 2.22857 2.09118
551 2.2589 2.72063
552 2.28729 2.04231
553 2.31373 1.89848
554 2.33821 3.02517
555 2.36071 1.8449
556 2.38124 2.20472
557 2.39978 2.51409
558 2.41633 1.85659
559 2.43089 1.45174
560 2.44346 2.66017
561 2.45404 1.93247
562 2.46264 2.28027
563 2.46927 1.70328
564 2.47393 2.22379
565 2.47664 2.53399
566 2.4774 1.84826
567 2.47625 2.79736
568 2.47318 2.90195
569 2.46823 1.81045
570 2.46142 1.91767
571 2.45276 1.9001
572 2.44229 1.60704
573 2.43003 2.83597
574 2.41602 3.24136
575 2.40028 1.94864
576 2.38284 2.38955
577 2.36375 2.49242
578 2.34303 1.91404
579 2.32073 1.82564
580 2.29689 3.15811
581 2.27155 2.69826
582 2.24474 3.20383
583 2.21652 1.82452
584 2.18692 3.18943
585 2.15601 2.79234
586 2.12381 2.2055
587 2.09039 1.90506
588 2.0558 1.79428
589 2.02007 2.529
590 1.98328 1.80487
591 1.94546 2.88582
592 1.90667 2.87825
593 1.86697 2.48947
594 1.82642 0.983085
595 1.78506 1.4878
596 1.74296 1.40309
597 1.70016 1.20695
598 1.65674 2.65882
599 1.61274 0.678827
600 1.56823 1.39336
601 1.52325 0.956658
602 1.47788 0.965308
603 1.43216 1.39499
604 1.38616 2.19737
605 1.33993 0.623509
606 1.29353 1.77446
607 1.24702 1.03364
608 1.20045 1.58034
609 1.15388 2.17243
610 1.10737 1.36447
611 1.06097 1.26664
612 1.01474 1.42356
613 0.968723 1.14749
614 0.922984 1.69827
615 0.877573 1.24956
616 0.832539 0.607376
617 0.787934 0.603744
618 0.743807 -0.111574
619 0.700207 1.17065
620 0.657182 -0.0617797
621 0.614777 0.536503
622 0.573038 0.938594
623 0.532008 -0.261341
624 0.491731 -0.010707
625 0.452246 0.92716
626 0.413593 0.275057
627 0.375811 0.485012
628 0.338937 1.2716
629 0.303004 0.117024
630 0.268048 0.393359
631 0.234098 -0.0584847
632 0.201187 0.397872
633 0.169341 0.731028
634 0.138589 0.757509
635 0.108954 0.0653143
636 0.0804611 0.874018
637 0.0531305 0.101156
638 0.0269821 0.718062
639 0.00203393 0.123563
640 -0.0216981 -0.00700925
641 -0.0441999 -0.147821
642 -0.065459 -0.789928
643 -0.0854651 -0.713433
644 -0.10421 -1.08031
645 -0.121686 0.87818
646 -0.137889 0.555532
647 -0.152815 -0.404275
648 -0.166465 -0.400537
649 -0.178838 0.60996
650 -0.189936 -1.01964
651 -0.199765 -0.200871
652 -0.20833 -0.545217
653 -0.215639 0.273519
654 -0.221702 -0.0620884
655 -0.226531 -0.110971
656 -0.230137 -0.310315
657 -0.232537 0.745206
658 -0.233747 -1.05136
659 -0.233783 -0.422656
660 -0.232667 -0.481207
661 -0.230419 0.0380816
662 -0.227063 0.25343
663 -0.222621 0.688663
664 -0.217119 -0.422559
665 -0.210585 -0.145525
666 -0.203047 -0.368442
667 -0.194533 -0.638104
668 -0.185076 -1.10229
669 -0.174706 -0.677895
670 -0.163457 0.487088
671 -0.151363 -0.0798092
672 -0.138458 0.23033
673 -0.12478 0.778444
674 -0.110364 0.311947
675 -0.0952493 0.277773
676 -0.0794738 0.805573
677 -0.0630768 0.0362609
678 -0.0460984 -0.93926
679 -0.0285791 -0.390642
680 -0.0105599 -0.13376
681 0.00791742 -0.724564
682 0.0268111 0.655754
683 0.0460787 0.579844
684 0.0656777 0.817954
685 0.0855652 -0.128525
686 0.105698 -0.245865
687 0.126034 -0.200995
688 0.14653 -0.0871853
689 0.167141 0.00235729
690 0.187827 0.678068
691 0.208543 0.734179
692 0.229248 -0.657406
693 0.249899 0.23199
694 0.270454 0.720446
695 0.290872 0.213552
696 0.311112 -0.625278
697 0.331134 -0.366145
698 0.350897 0.849776
699 0.370363 -0.461847
700 0.389493 0.212016
701 0.40825 0.582235
702 0.426596 0.692044
703 0.444496 -0.336576
704 0.461915 0.568221
705 0.478818 0.197122
706 0.495173 1.11908
707 0.510948 0.53563
708 0.526111 1.37842
709 0.540633 1.30734
710 0.554486 1.25432
711 0.567642 0.335167
712 0.580075 -0.346121
713 0.591761 0.961234
714 0.602676 -0.0542636
715 0.612799 1.48167
716 0.622108 -0.178748
717 0.630585 0.666762
718 0.638211 0.225601
719 0.644971 0.656763
720 0.650851 1.56937
721 0.655836 -0.218707
722 0.659915 0.245815
723 0.663078 -0.255996
724 0.665317 0.822465
725 0.666624 -0.247407
726 0.666994 0.721095
727 0.666423 0.938037
728 0.66491 0.104757
729 0.662452 0.26683
730 0.659052 1.15003
731 0.654711 0.968782
732 0.649434 1.47956
733 0.643226 0.451424
734 0.636094 1.2208
735 0.628047 0.616076
736 0.619095 1.19702
737 0.609249 0.869055
738 0.598523 -0.337865
739 0.586931 1.06771
740 0.574489 0.651146
741 0.561214 1.37434
742 0.547125 -0.155396
743 0.532242 0.731305
744 0.516586 0.747167
745 0.500181 0.188022
746 0.483048 0.597557
747 0.465214 0.940735
748 0.446705 1.21569
749 0.427547 1.17354
750 0.407769 -0.0617471
751 0.387401 1.11711
752 0.366471 1.27911
753 0.345012 0.501537
754 0.323056 1.17274
755 0.300634 0.40834
756 0.277781 0.557021
757 0.254531 0.193853
758 0.230919 -0.355461
759 0.206979 0.959096
760 0.182749 0.758177
761 0.158264 1.09327
762 0.133562 0.228795
763 0.108679 0.5419
764 0.0836537 -0.14688
765 0.0585231 -0.23669
766 0.0333253 -0.522019
767 0.00809847 -0.62256
768 -0.0171193 0.967956
769 -0.0422899 -0.515021
770 -0.0673752 0.800261
771 -0.0923373 -0.0145884
772 -0.117138 -0.762224
773 -0.141741 -0.963614
774 -0.166108 -0.877788
775 -0.190203 0.405298
776 -0.213988 -0.339513
777 -0.237429 0.172415
778 -0.260489 -0.183935
779 -0.283134 -0.635611
780 -0.30533 -0.146894
781 -0.327043 0.281151
782 -0.348241 -0.971282
783 -0.368891 -0.299491
784 -0.388963 -0.627309
785 -0.408427 -1.18621
786 -0.427253 -1.25591
787 -0.445413 -1.41159
788 -0.46288 -0.309696
789 -0.479628 -0.904261
790 -0.495632 0.279496
791 -0.51087 -0.794246
792 -0.525317 -1.02808
793 -0.538953 -0.682822
794 -0.551759 -1.4172
795 -0.563715 -0.313315
796 -0.574805 -0.0311676
797 -0.585012 -1.02401
798 -0.594323 0.00633033
799 -0.602724 -0.093931
800 -0.610204 -0.542635
801 -0.616753 -0.169894
802 -0.622363 -1.05793
803 -0.627026 -0.227273
804 -0.630738 -0.0290506
805 -0.633495 -0.80455
806 -0.635294 -0.664304
807 -0.636135 -1.18463
808 -0.636019 -1.42223
809 -0.634948 -1.61268
810 -0.632926 -0.559395
811 -0.62996 -0.283385
812 -0.626056 -0.0213432
813 -0.621224 -0.196516
814 -0.615473 -1.22525
815 -0.608816 -1.26811
816 -0.601267 0.0201398
817 -0.592839 -1.05658
818 -0.583551 -1.23405
819 -0.57342 -0.823513
820 -0.562466 -0.475117
821 -0.550709 -1.4499
822 -0.538173 -0.0949355
823 -0.52488 0.0370036
824 -0.510857 -0.575974
825 -0.496129 0.0603101
826 -0.480724 -0.689026
827 -0.464672 -1.00591
828 -0.448002 -1.34944
829 -0.430746 -1.05633
830 -0.412937 0.537673
831 -0.394609 -0.244369
832 -0.375795 0.430691
833 -0.356532 -0.855116
834 -0.336856 -0.799283
835 -0.316804 0.0802064
836 -0.296416 0.0240884
837 -0.27573 0.22433
838 -0.254786 0.586624
839 -0.233624 0.29501
840 -0.212286 0.305865
841 -0.190813 -0.278524
842 -0.169248 -0.295127
843 -0.147633 -0.0242576
844 -0.126011 -0.786868
845 -0.104426 0.163729
846 -0.0829207 0.386669
847 -0.0615391 -1.09375
848 -0.040325 0.773088
849 -0.0193225 0.81054
850 0.00142464 -0.268308
851 0.0218726 -0.0629737
852 0.0419776 -1.01112
853 0.0616962 -0.746716
854 0.0809852 -0.422027
855 0.0998017 0.00341587
856 0.118103 0.889844
857 0.135848 0.45014
858 0.152994 0.54287
859 0.169501 1.0692
860 0.185328 0.90533
861 0.200436 0.574112
862 0.214786 0.299806
863 0.228341 0.791785
864 0.241062 1.15498
865 0.252915 0.916189
866 0.263864 0.26684
867 0.273875 0.55264
868 0.282915 0.492395
869 0.290953 0.183266
870 0.297959 0.15504
871 0.303902 0.082943
872 0.308755 1.16647
873 0.312493 1.09847
874 0.315089 -0.726083
875 0.31652 -0.428615
876 0.316764 0.430471
877 0.315801 0.805311
878 0.313612 -0.401163
879 0.310179 0.301303
880 0.305487 0.690253
881 0.299523 0.38175
882 0.292272 -0.733424
883 0.283726 0.684662
884 0.273876 0.618144
885 0.262714 -0.19441
886 0.250236 -0.372553
887 0.236438 0.426127
888 0.221319 1.15313
889 0.204879 1.0475
890 0.187121 0.352888
891 0.168049 0.897007
892 0.147668 0.441828
893 0.125988 -0.544722
894 0.103017 0.474502
895 0.0787683 0.366437
896 0.0532544 -0.874147
897 0.0264913 -0.518639
898 -0.00150384 -0.354355
899 -0.0307116 0.332316
900 -0.0611111 0.367186
901 -0.0926793 0.492758
902 -0.125392 -0.902093
903 -0.159221 0.207968
904 -0.194141 0.258336
905 -0.230119 -0.967124
906 -0.267126 0.435532
907 -0.305127 -0.658676
908 -0.344088 0.488277
909 -0.383971 -1.31671
910 -0.42474 0.291667
911 -0.466354 -0.17101
912 -0.508772 -0.281758
913 -0.551952 0.215522
914 -0.59585 -0.823634
915 -0.640421 -0.994096
916 -0.685618 -1.30119
917 -0.731394 -0.508914
918 -0.777699 0.130275
919 -0.824485 -1.43744
920 -0.871699 -0.737009
921 -0.919289 -0.777245
922 -0.967204 -1.78424
923 -1.01539 -1.52098
924 -1.06379 -0.528347
925 -1.11235 -0.495306
926 -1.16101 -0.317904
927 -1.20972 -0.542277
928 -1.25843 -2.12878
929 -1.30706 -1.76078
930 -1.35557 -1.27084
931 -1.40389 -0.793508
932 -1.45198 -2.26968
933 -1.49976 -1.14305
934 -1.54718 -1.52286
935 -1.59418 -0.914633
936 -1.64071 -0.978234
937 -1.6867 -1.91899
938 -1.73209 -2.36744
939 -1.77683 -1.24544
940 -1.82086 -1.95147
941 -1.86412 -2.75079
942 -1.90656 -2.04973
943 -1.94811 -2.8238
944 -1.98872 -1.08223
945 -2.02835 -1.37584
946 -2.06692 -2.27506
947 -2.10439 -2.79449
948 -2.14071 -2.24901
949 -2.17583 -2.46154
950 -2.20969 -2.50055
951 -2.24224 -1.20592
952 -2.27344 -1.40944
953 -2.30324 -2.40574
954 -2.33159 -2.79771
955 -2.35845 -1.95811
956 -2.38378 -2.87057
957 -2.40754 -3.03409
958 -2.42968 -2.36764
959 -2.45016 -2.81523
960 -2.46896 -2.55934
961 -2.48604 -3.35151
962 -2.50135 -3.2704
963 -2.51488 -2.43942
964 -2.52659 -2.05387
965 -2.53645 -2.30172
966 -2.54444 -2.81198
967 -2.55054 -2.43986
968 -2.55471 -1.57873
969 -2.55696 -2.48818
970 -2.55724 -2.94537
971 -2.55556 -2.74217
972 -2.55189 -2.40354
973 -2.54623 -2.113
974 -2.53857 -2.63801
975 -2.52889 -2.51282
976 -2.5172 -2.4718
977 -2.50349 -1.85294
978 -2.48776 -2.20512
979 -2.47001 -1.57767
980 -2.45025 -3.13153
981 -2.42848 -1.48414
982 -2.40472 -1.52473
983 -2.37897 -3.24612
984 -2.35124 -2.56039
985 -2.32155 -2.95975
986 -2.28993 -1.80982
987 -2.25637 -2.00635
988 -2.22092 -2.5406
989 -2.18359 -2.69722
990 -2.14441 -1.31599
991 -2.1034 -1.57071
992 -2.06061 -2.49761
993 -2.01604 -1.01515
994 -1.96976 -2.4206
995 -1.92177 -0.94552
996 -1.87214 -1.69638
997 -1.82089 -1.59947
998 -1.76807 -1.74161
999 -1.71372 -1.62264
1000 -1.65788 -2.42851
1001 -1.60061 -1.02319
1002 -1.54194 -0.698433
1003 -1.48194 -1.16515
1004 -1.42065 -1.47084
1005 -1.35813 -1.67476
1006 -1.29442 -2.02205
1007 -1.22959 -0.294626
1008 -1.16369 -1.88971
1009 -1.09678 -0.601339
1010 -1.02892 -0.260765
1011 -0.960172 -1.42616
1012 -0.890594 -0.508974
1013 -0.82025 -0.2297
1014 -0.749202 -1.13933
1015 -0.677516 -1.56138
1016 -0.605255 0.291471
1017 -0.532485 -1.4974
1018 -0.459272 -0.147212
1019 -0.385682 -0.861917
1020 -0.311783 -0.842737
1021 -0.237641 -0.148684
1022 -0.163325 0.842545
1023 -0.0889007 -0.106478
