0 -2.9889e-15 0
1 0.0184076 0.0184076
2 0.0368142 0.0368142
3 0.0552186 0.0552186
4 0.07362 0.07362
5 0.0920172 0.0920172
6 0.110409 0.110409
7 0.128795 0.128795
8 0.147173 0.147173
9 0.165544 0.165544
10 0.183904 0.183904
11 0.202255 0.202255
12 0.220594 0.220594
13 0.238921 0.238921
14 0.257234 0.257234
15 0.275532 0.275532
16 0.293815 0.293815
17 0.312082 0.312082
18 0.330331 0.330331
19 0.348561 0.348561
20 0.366771 0.366771
21 0.384961 0.384961
22 0.403129 0.403129
23 0.421275 0.421275
24 0.439396 0.439396
25 0.457493 0.457493
26 0.475564 0.475564
27 0.493608 0.493608
28 0.511625 0.511625
29 0.529612 0.529612
30 0.54757 0.54757
31 0.565497 0.565497
32 0.583392 0.583392
33 0.601254 0.601254
34 0.619083 0.619083
35 0.636876 0.636876
36 0.654634 0.654634
37 0.672355 0.672355
38 0.690037 0.690037
39 0.707682 0.707682
40 0.725286 0.725286
41 0.742849 0.742849
42 0.760371 0.760371
43 0.77785 0.77785
44 0.795286 0.795286
45 0.812676 0.812676
46 0.830021 0.830021
47 0.847319 0.847319
48 0.86457 0.86457
49 0.881773 0.881773
50 0.898925 0.898925
51 0.916028 0.916028
52 0.933079 0.933079
53 0.950077 0.950077
54 0.967023 0.967023
55 0.983914 0.983914
56 1.00075 1.00075
57 1.01753 1.01753
58 1.03425 1.03425
59 1.05092 1.05092
60 1.06752 1.06752
61 1.08407 1.08407
62 1.10056 1.10056
63 1.11698 1.11698
64 1.13334 1.13334
65 1.14964 1.14964
66 1.16588 1.16588
67 1.18205 1.18205
68 1.19815 1.19815
69 1.21419 1.21419
70 1.23016 1.23016
71 1.24606 1.24606
72 1.26189 1.26189
73 1.27765 1.27765
74 1.29334 1.29334
75 1.30896 1.30896
76 1.3245 1.3245
77 1.33997 1.33997
78 1.35537 1.35537
79 1.37069 1.37069
80 1.38594 1.38594
81 1.4011 1.4011
82 1.4162 1.4162
83 1.43121 1.43121
84 1.44614 1.44614
85 1.46099 1.46099
86 1.47576 1.47576
87 1.49045 1.49045
88 1.50506 1.50506
89 1.51959 1.51959
90 1.53403 1.53403
91 1.54838 1.54838
92 1.56265 1.56265
93 1.57684 1.57684
94 1.59093 1.59093
95 1.60494 1.60494
96 1.61887 1.61887
97 1.6327 1.6327
98 1.64644 1.64644
99 1.66009 1.66009
100 1.67365 1.67365
101 1.68712 1.68712
102 1.7005 1.7005
103 1.71378 1.71378
104 1.72697 1.72697
105 1.74006 1.74006
106 1.75306 1.75306
107 1.76596 1.76596
108 1.77877 1.77877
109 1.79148 1.79148
110 1.80409 1.80409
111 1.8166 1.8166
112 1.82901 1.82901
113 1.84133 1.84133
114 1.85354 1.85354
115 1.86565 1.86565
116 1.87766 1.87766
117 1.88957 1.88957
118 1.90138 1.90138
119 1.91308 1.91308
120 1.92468 1.92468
121 1.93617 1.93617
122 1.94756 1.94756
123 1.95885 1.95885
124 1.97003 1.97003
125 1.9811 1.9811
126 1.99206 1.99206
127 2.00292 2.00292
128 2.01367 2.01367
129 2.02431 2.02431
130 2.03484 2.03484
131 2.04527 2.04527
132 2.05558 2.05558
133 2.06578 2.06578
134 2.07587 2.07587
135 2.08585 2.08585
136 2.09572 2.09572
137 2.10548 2.10548
138 2.11512 2.11512
139 2.12465 2.12465
140 2.13407 2.13407
141 2.14337 2.14337
142 2.15256 2.15256
143 2.16164 2.16164
144 2.1706 2.1706
145 2.17944 2.17944
146 2.18817 2.18817
147 2.19678 2.19678
148 2.20528 2.20528
149 2.21366 2.21366
150 2.22192 2.22192
151 2.23007 2.23007
152 2.2381 2.2381
153 2.24601 2.24601
154 2.2538 2.2538
155 2.26147 2.26147
156 2.26903 2.26903
157 2.27646 2.27646
158 2.28378 2.28378
159 2.29097 2.29097
160 2.29805 2.29805
161 2.30501 2.30501
162 2.31184 2.31184
163 2.31856 2.31856
164 2.32516 2.32516
165 2.33163 2.33163
166 2.33798 2.33798
167 2.34422 2.34422
168 2.35033 2.35033
169 2.35631 2.35631
170 2.36218 2.36218
171 2.36793 2.36793
172 2.37355 2.37355
173 2.37905 2.37905
174 2.38443 2.38443
175 2.38969 2.38969
176 2.39482 2.39482
177 2.39983 2.39983
178 2.40472 2.40472
179 2.40948 2.40948
180 2.41413 2.41413
181 2.41865 2.41865
182 2.42304 2.42304
183 2.42732 2.42732
184 2.43147 2.43147
185 2.43549 2.43549
186 2.4394 2.4394
187 2.44318 2.44318
188 2.44684 2.44684
189 2.45037 2.45037
190 2.45378 2.45378
191 2.45707 2.45707
192 2.46024 2.46024
193 2.46328 2.46328
194 2.4662 2.4662
195 2.46899 2.46899
196 2.47166 2.47166
197 2.47421 2.47421
198 2.47664 2.47664
199 2.47895 2.47895
200 2.48113 2.48113
201 2.48319 2.48319
202 2.48512 2.48512
203 2.48694 2.48694
204 2.48863 2.48863
205 2.4902 2.4902
206 2.49165 2.49165
207 2.49298 2.49298
208 2.49418 2.49418
209 2.49527 2.49527
210 2.49623 2.49623
211 2.49707 2.49707
212 2.49779 2.49779
213 2.49839 2.49839
214 2.49887 2.49887
215 2.49923 2.49923
216 2.49947 2.49947
217 2.49959 2.49959
218 2.49959 2.49959
219 2.49947 2.49947
220 2.49924 2.49924
221 2.49888 2.49888
222 2.4984 2.4984
223 2.49781 2.49781
224 2.4971 2.4971
225 2.49627 2.49627
226 2.49532 2.49532
227 2.49426 2.49426
228 2.49308 2.49308
229 2.49179 2.49179
230 2.49037 2.49037
231 2.48885 2.48885
232 2.4872 2.4872
233 2.48544 2.48544
234 2.48357 2.48357
235 2.48159 2.48159
236 2.47948 2.47948
237 2.47727 2.47727
238 2.47494 2.47494
239 2.4725 2.4725
240 2.46995 2.46995
241 2.46729 2.46729
242 2.46451 2.46451
243 2.46163 2.46163
244 2.45863 2.45863
245 2.45552 2.45552
246 2.45231 2.45231
247 2.44898 2.44898
248 2.44554 2.44554
249 2.442 2.442
250 2.43835 2.43835
251 2.43459 2.43459
252 2.43073 2.43073
253 2.42676 2.42676
254 2.42268 2.42268
255 2.4185 2.4185
256 2.41421 2.41421
257 2.40982 2.40982
258 2.40533 2.40533
259 2.40073 2.40073
260 2.39603 2.39603
261 2.39123 2.39123
262 2.38632 2.38632
263 2.38132 2.38132
264 2.37622 2.37622
265 2.37101 2.37101
266 2.36571 2.36571
267 2.3603 2.3603
268 2.3548 2.3548
269 2.34921 2.34921
270 2.34351 2.34351
271 2.33772 2.33772
272 2.33184 2.33184
273 2.32585 2.32585
274 2.31978 2.31978
275 2.31361 2.31361
276 2.30735 2.30735
277 2.30099 2.30099
278 2.29455 2.29455
279 2.28801 2.28801
280 2.28138 2.28138
281 2.27467 2.27467
282 2.26786 2.26786
283 2.26097 2.26097
284 2.25398 2.25398
285 2.24691 2.24691
286 2.23976 2.23976
287 2.23252 2.23252
288 2.22519 2.22519
289 2.21778 2.21778
290 2.21029 2.21029
291 2.20271 2.20271
292 2.19506 2.19506
293 2.18732 2.18732
294 2.1795 2.1795
295 2.1716 2.1716
296 2.16362 2.16362
297 2.15556 2.15556
298 2.14743 2.14743
299 2.13922 2.13922
300 2.13093 2.13093
301 2.12257 2.12257
302 2.11413 2.11413
303 2.10562 2.10562
304 2.09704 2.09704
305 2.08838 2.08838
306 2.07966 2.07966
307 2.07086 2.07086
308 2.06199 2.06199
309 2.05306 2.05306
310 2.04405 2.04405
311 2.03498 2.03498
312 2.02584 2.02584
313 2.01664 2.01664
314 2.00737 2.00737
315 1.99804 1.99804
316 1.98864 1.98864
317 1.97918 1.97918
318 1.96966 1.96966
319 1.96008 1.96008
320 1.95044 1.95044
321 1.94074 1.94074
322 1.93098 1.93098
323 1.92117 1.92117
324 1.91129 1.91129
325 1.90136 1.90136
326 1.89138 1.89138
327 1.88134 1.88134
328 1.87125 1.87125
329 1.86111 1.86111
330 1.85092 1.85092
331 1.84067 1.84067
332 1.83038 1.83038
333 1.82003 1.82003
334 1.80964 1.80964
335 1.7992 1.7992
336 1.78872 1.78872
337 1.77819 1.77819
338 1.76761 1.76761
339 1.75699 1.75699
340 1.74633 1.74633
341 1.73563 1.73563
342 1.72488 1.72488
343 1.7141 1.7141
344 1.70327 1.70327
345 1.69241 1.69241
346 1.68151 1.68151
347 1.67058 1.67058
348 1.6596 1.6596
349 1.6486 1.6486
350 1.63755 1.63755
351 1.62648 1.62648
352 1.61537 1.61537
353 1.60424 1.60424
354 1.59307 1.59307
355 1.58187 1.58187
356 1.57064 1.57064
357 1.55939 1.55939
358 1.54811 1.54811
359 1.5368 1.5368
360 1.52547 1.52547
361 1.51411 1.51411
362 1.50273 1.50273
363 1.49133 1.49133
364 1.47991 1.47991
365 1.46847 1.46847
366 1.457 1.457
367 1.44552 1.44552
368 1.43402 1.43402
369 1.4225 1.4225
370 1.41097 1.41097
371 1.39942 1.39942
372 1.38786 1.38786
373 1.37628 1.37628
374 1.36469 1.36469
375 1.35309 1.35309
376 1.34148 1.34148
377 1.32986 1.32986
378 1.31823 1.31823
379 1.30659 1.30659
380 1.29494 1.29494
381 1.28329 1.28329
382 1.27163 1.27163
383 1.25997 1.25997
384 1.2483 1.2483
385 1.23663 1.23663
386 1.22496 1.22496
387 1.21329 1.21329
388 1.20162 1.20162
389 1.18994 1.18994
390 1.17827 1.17827
391 1.16661 1.16661
392 1.15494 1.15494
393 1.14328 1.14328
394 1.13162 1.13162
395 1.11997 1.11997
396 1.10833 1.10833
397 1.09669 1.09669
398 1.08506 1.08506
399 1.07344 1.07344
400 1.06183 1.06183
401 1.05024 1.05024
402 1.03865 1.03865
403 1.02707 1.02707
404 1.01551 1.01551
405 1.00397 1.00397
406 0.992435 0.992435
407 0.980919 0.980919
408 0.969419 0.969419
409 0.957937 0.957937
410 0.946473 0.946473
411 0.935028 0.935028
412 0.923603 0.923603
413 0.912199 0.912199
414 0.900816 0.900816
415 0.889455 0.889455
416 0.878117 0.878117
417 0.866803 0.866803
418 0.855514 0.855514
419 0.84425 0.84425
420 0.833012 0.833012
421 0.821802 0.821802
422 0.810618 0.810618
423 0.799464 0.799464
424 0.788338 0.788338
425 0.777243 0.777243
426 0.766178 0.766178
427 0.755145 0.755145
428 0.744144 0.744144
429 0.733176 0.733176
430 0.722241 0.722241
431 0.711342 0.711342
432 0.700477 0.700477
433 0.689648 0.689648
434 0.678856 0.678856
435 0.668101 0.668101
436 0.657384 0.657384
437 0.646706 0.646706
438 0.636067 0.636067
439 0.625469 0.625469
440 0.614911 0.614911
441 0.604395 0.604395
442 0.59392 0.59392
443 0.583489 0.583489
444 0.573101 0.573101
445 0.562758 0.562758
446 0.552459 0.552459
447 0.542206 0.542206
448 0.531999 0.531999
449 0.521839 0.521839
450 0.511726 0.511726
451 0.501661 0.501661
452 0.491645 0.491645
453 0.481679 0.481679
454 0.471762 0.471762
455 0.461896 0.461896
456 0.452081 0.452081
457 0.442317 0.442317
458 0.432606 0.432606
459 0.422948 0.422948
460 0.413344 0.413344
461 0.403793 0.403793
462 0.394297 0.394297
463 0.384857 0.384857
464 0.375472 0.375472
465 0.366143 0.366143
466 0.356872 0.356872
467 0.347658 0.347658
468 0.338502 0.338502
469 0.329404 0.329404
470 0.320365 0.320365
471 0.311386 0.311386
472 0.302467 0.302467
473 0.293608 0.293608
474 0.284811 0.284811
475 0.276075 0.276075
476 0.267401 0.267401
477 0.258789 0.258789
478 0.250241 0.250241
479 0.241756 0.241756
480 0.233335 0.233335
481 0.224978 0.224978
482 0.216686 0.216686
483 0.208459 0.208459
484 0.200298 0.200298
485 0.192203 0.192203
486 0.184175 0.184175
487 0.176213 0.176213
488 0.168319 0.168319
489 0.160492 0.160492
490 0.152734 0.152734
491 0.145044 0.145044
492 0.137423 0.137423
493 0.129872 0.129872
494 0.12239 0.12239
495 0.114978 0.114978
496 0.107636 0.107636
497 0.100365 0.100365
498 0.0931653 0.0931653
499 0.0860368 0.0860368
500 0.07898 0.07898
501 0.0719952 0.0719952
502 0.0650827 0.0650827
503 0.0582429 0.0582429
504 0.051476 0.051476
505 0.0447824 0.0447824
506 0.0381622 0.0381622
507 0.0316159 0.0316159
508 0.0251435 0.0251435
509 0.0187456 0.0187456
510 0.0124221 0.0124221
511 0.00617353 0.00617353
512 8.99531e-16 2.22045e-16
513 -0.00609824 -0.00609824
514 -0.0121209 -0.0121209
515 -0.0180679 -0.0180679
516 -0.0239389 -0.0239389
517 -0.0297337 -0.0297337
518 -0.0354522 -0.0354522
519 -0.0410941 -0.0410941
520 -0.0466593 -0.0466593
521 -0.0521476 -0.0521476
522 -0.0575587 -0.0575587
523 -0.0628926 -0.0628926
524 -0.0681491 -0.0681491
525 -0.0733281 -0.0733281
526 -0.0784293 -0.0784293
527 -0.0834527 -0.0834527
528 -0.0883982 -0.0883982
529 -0.0932656 -0.0932656
530 -0.0980547 -0.0980547
531 -0.102766 -0.102766
532 -0.107398 -0.107398
533 -0.111952 -0.111952
534 -0.116427 -0.116427
535 -0.120824 -0.120824
536 -0.125142 -0.125142
537 -0.129381 -0.129381
538 -0.133542 -0.133542
539 -0.137623 -0.137623
540 -0.141626 -0.141626
541 -0.145549 -0.145549
542 -0.149394 -0.149394
543 -0.153159 -0.153159
544 -0.156846 -0.156846
545 -0.160453 -0.160453
546 -0.163982 -0.163982
547 -0.167431 -0.167431
548 -0.170802 -0.170802
549 -0.174093 -0.174093
550 -0.177305 -0.177305
551 -0.180439 -0.180439
552 -0.183493 -0.183493
553 -0.186469 -0.186469
554 -0.189366 -0.189366
555 -0.192184 -0.192184
556 -0.194924 -0.194924
557 -0.197585 -0.197585
558 -0.200168 -0.200168
559 -0.202672 -0.202672
560 -0.205097 -0.205097
561 -0.207445 -0.207445
562 -0.209715 -0.209715
563 -0.211906 -0.211906
564 -0.21402 -0.21402
565 -0.216056 -0.216056
566 -0.218014 -0.218014
567 -0.219895 -0.219895
568 -0.221699 -0.221699
569 -0.223426 -0.223426
570 -0.225076 -0.225076
571 -0.226648 -0.226648
572 -0.228145 -0.228145
573 -0.229565 -0.229565
574 -0.230908 -0.230908
575 -0.232176 -0.232176
576 -0.233368 -0.233368
577 -0.234484 -0.234484
578 -0.235525 -0.235525
579 -0.23649 -0.23649
580 -0.237381 -0.237381
581 -0.238197 -0.238197
582 -0.238939 -0.238939
583 -0.239606 -0.239606
584 -0.240199 -0.240199
585 -0.240719 -0.240719
586 -0.241165 -0.241165
587 -0.241538 -0.241538
588 -0.241839 -0.241839
589 -0.242066 -0.242066
590 -0.242222 -0.242222
591 -0.242305 -0.242305
592 -0.242317 -0.242317
593 -0.242257 -0.242257
594 -0.242126 -0.242126
595 -0.241925 -0.241925
596 -0.241653 -0.241653
597 -0.24131 -0.24131
598 -0.240899 -0.240899
599 -0.240417 -0.240417
600 -0.239867 -0.239867
601 -0.239248 -0.239248
602 -0.238561 -0.238561
603 -0.237806 -0.237806
604 -0.236983 -0.236983
605 -0.236093 -0.236093
606 -0.235136 -0.235136
607 -0.234113 -0.234113
608 -0.233023 -0.233023
609 -0.231868 -0.231868
610 -0.230648 -0.230648
611 -0.229363 -0.229363
612 -0.228013 -0.228013
613 -0.2266 -0.2266
614 -0.225123 -0.225123
615 -0.223582 -0.223582
616 -0.221979 -0.221979
617 -0.220314 -0.220314
618 -0.218587 -0.218587
619 -0.216799 -0.216799
620 -0.214949 -0.214949
621 -0.213039 -0.213039
622 -0.21107 -0.21107
623 -0.20904 -0.20904
624 -0.206952 -0.206952
625 -0.204805 -0.204805
626 -0.2026 -0.2026
627 -0.200337 -0.200337
628 -0.198018 -0.198018
629 -0.195641 -0.195641
630 -0.193209 -0.193209
631 -0.190721 -0.190721
632 -0.188177 -0.188177
633 -0.18558 -0.18558
634 -0.182928 -0.182928
635 -0.180222 -0.180222
636 -0.177464 -0.177464
637 -0.174653 -0.174653
638 -0.17179 -0.17179
639 -0.168876 -0.168876
640 -0.165911 -0.165911
641 -0.162895 -0.162895
642 -0.15983 -0.15983
643 -0.156715 -0.156715
644 -0.153552 -0.153552
645 -0.15034 -0.15034
646 -0.147082 -0.147082
647 -0.143776 -0.143776
648 -0.140423 -0.140423
649 -0.137025 -0.137025
650 -0.133581 -0.133581
651 -0.130093 -0.130093
652 -0.126561 -0.126561
653 -0.122985 -0.122985
654 -0.119366 -0.119366
655 -0.115704 -0.115704
656 -0.112001 -0.112001
657 -0.108257 -0.108257
658 -0.104472 -0.104472
659 -0.100648 -0.100648
660 -0.0967833 -0.0967833
661 -0.0928804 -0.0928804
662 -0.0889393 -0.0889393
663 -0.0849607 -0.0849607
664 -0.0809451 -0.0809451
665 -0.0768932 -0.0768932
666 -0.0728057 -0.0728057
667 -0.068683 -0.068683
668 -0.0645259 -0.0645259
669 -0.060335 -0.060335
670 -0.0561108 -0.0561108
671 -0.0518541 -0.0518541
672 -0.0475655 -0.0475655
673 -0.0432455 -0.0432455
674 -0.0388949 -0.0388949
675 -0.0345143 -0.0345143
676 -0.0301042 -0.0301042
677 -0.0256654 -0.0256654
678 -0.0211985 -0.0211985
679 -0.0167041 -0.0167041
680 -0.0121828 -0.0121828
681 -0.00763544 -0.00763544
682 -0.0030625 -0.0030625
683 0.00153534 0.00153534
684 0.0061574 0.0061574
685 0.0108031 0.0108031
686 0.0154716 0.0154716
687 0.0201625 0.0201625
688 0.024875 0.024875
689 0.0296085 0.0296085
690 0.0343623 0.0343623
691 0.0391357 0.0391357
692 0.0439282 0.0439282
693 0.048739 0.048739
694 0.0535675 0.0535675
695 0.058413 0.058413
696 0.0632749 0.0632749
697 0.0681526 0.0681526
698 0.0730452 0.0730452
699 0.0779523 0.0779523
700 0.0828731 0.0828731
701 0.087807 0.087807
702 0.0927532 0.0927532
703 0.0977113 0.0977113
704 0.10268 0.10268
705 0.10766 0.10766
706 0.112649 0.112649
707 0.117648 0.117648
708 0.122655 0.122655
709 0.127669 0.127669
710 0.132691 0.132691
711 0.137719 0.137719
712 0.142754 0.142754
713 0.147793 0.147793
714 0.152837 0.152837
715 0.157884 0.157884
716 0.162935 0.162935
717 0.167988 0.167988
718 0.173044 0.173044
719 0.1781 0.1781
720 0.183157 0.183157
721 0.188214 0.188214
722 0.19327 0.19327
723 0.198325 0.198325
724 0.203378 0.203378
725 0.208428 0.208428
726 0.213475 0.213475
727 0.218518 0.218518
728 0.223556 0.223556
729 0.22859 0.22859
730 0.233617 0.233617
731 0.238638 0.238638
732 0.243651 0.243651
733 0.248657 0.248657
734 0.253655 0.253655
735 0.258643 0.258643
736 0.263622 0.263622
737 0.26859 0.26859
738 0.273548 0.273548
739 0.278494 0.278494
740 0.283428 0.283428
741 0.288349 0.288349
742 0.293257 0.293257
743 0.298151 0.298151
744 0.30303 0.30303
745 0.307894 0.307894
746 0.312742 0.312742
747 0.317574 0.317574
748 0.322389 0.322389
749 0.327186 0.327186
750 0.331965 0.331965
751 0.336725 0.336725
752 0.341466 0.341466
753 0.346187 0.346187
754 0.350887 0.350887
755 0.355566 0.355566
756 0.360223 0.360223
757 0.364858 0.364858
758 0.369471 0.369471
759 0.37406 0.37406
760 0.378624 0.378624
761 0.383165 0.383165
762 0.38768 0.38768
763 0.39217 0.39217
764 0.396633 0.396633
765 0.40107 0.40107
766 0.405479 0.405479
767 0.40986 0.40986
768 0.414214 0.414214
769 0.418538 0.418538
770 0.422833 0.422833
771 0.427097 0.427097
772 0.431332 0.431332
773 0.435535 0.435535
774 0.439707 0.439707
775 0.443847 0.443847
776 0.447954 0.447954
777 0.452028 0.452028
778 0.456069 0.456069
779 0.460076 0.460076
780 0.464048 0.464048
781 0.467985 0.467985
782 0.471887 0.471887
783 0.475752 0.475752
784 0.479582 0.479582
785 0.483374 0.483374
786 0.487129 0.487129
787 0.490847 0.490847
788 0.494526 0.494526
789 0.498166 0.498166
790 0.501767 0.501767
791 0.505328 0.505328
792 0.50885 0.50885
793 0.512331 0.512331
794 0.515771 0.515771
795 0.51917 0.51917
796 0.522527 0.522527
797 0.525842 0.525842
798 0.529114 0.529114
799 0.532343 0.532343
800 0.535529 0.535529
801 0.538672 0.538672
802 0.54177 0.54177
803 0.544823 0.544823
804 0.547832 0.547832
805 0.550795 0.550795
806 0.553713 0.553713
807 0.556585 0.556585
808 0.55941 0.55941
809 0.562189 0.562189
810 0.56492 0.56492
811 0.567605 0.567605
812 0.570241 0.570241
813 0.572829 0.572829
814 0.575369 0.575369
815 0.577861 0.577861
816 0.580303 0.580303
817 0.582696 0.582696
818 0.585039 0.585039
819 0.587333 0.587333
820 0.589576 0.589576
821 0.591768 0.591768
822 0.59391 0.59391
823 0.596001 0.596001
824 0.59804 0.59804
825 0.600028 0.600028
826 0.601964 0.601964
827 0.603848 0.603848
828 0.605679 0.605679
829 0.607458 0.607458
830 0.609184 0.609184
831 0.610856 0.610856
832 0.612476 0.612476
833 0.614042 0.614042
834 0.615554 0.615554
835 0.617013 0.617013
836 0.618417 0.618417
837 0.619766 0.619766
838 0.621062 0.621062
839 0.622302 0.622302
840 0.623488 0.623488
841 0.624618 0.624618
842 0.625694 0.625694
843 0.626714 0.626714
844 0.627678 0.627678
845 0.628587 0.628587
846 0.629439 0.629439
847 0.630236 0.630236
848 0.630977 0.630977
849 0.631661 0.631661
850 0.632289 0.632289
851 0.632861 0.632861
852 0.633376 0.633376
853 0.633834 0.633834
854 0.634236 0.634236
855 0.634581 0.634581
856 0.634868 0.634868
857 0.635099 0.635099
858 0.635273 0.635273
859 0.635389 0.635389
860 0.635448 0.635448
861 0.63545 0.63545
862 0.635395 0.635395
863 0.635282 0.635282
864 0.635112 0.635112
865 0.634884 0.634884
866 0.634599 0.634599
867 0.634257 0.634257
868 0.633857 0.633857
869 0.633399 0.633399
870 0.632884 0.632884
871 0.632311 0.632311
872 0.631681 0.631681
873 0.630994 0.630994
874 0.630249 0.630249
875 0.629447 0.629447
876 0.628587 0.628587
877 0.62767 0.62767
878 0.626696 0.626696
879 0.625665 0.625665
880 0.624576 0.624576
881 0.62343 0.62343
882 0.622227 0.622227
883 0.620968 0.620968
884 0.619651 0.619651
885 0.618278 0.618278
886 0.616848 0.616848
887 0.615361 0.615361
888 0.613818 0.613818
889 0.612219 0.612219
890 0.610563 0.610563
891 0.608852 0.608852
892 0.607084 0.607084
893 0.60526 0.60526
894 0.603381 0.603381
895 0.601446 0.601446
896 0.599456 0.599456
897 0.597411 0.597411
898 0.59531 0.59531
899 0.593155 0.593155
900 0.590945 0.590945
901 0.58868 0.58868
902 0.586361 0.586361
903 0.583988 0.583988
904 0.58156 0.58156
905 0.579079 0.579079
906 0.576545 0.576545
907 0.573957 0.573957
908 0.571316 0.571316
909 0.568622 0.568622
910 0.565875 0.565875
911 0.563076 0.563076
912 0.560225 0.560225
913 0.557322 0.557322
914 0.554367 0.554367
915 0.551361 0.551361
916 0.548303 0.548303
917 0.545195 0.545195
918 0.542036 0.542036
919 0.538827 0.538827
920 0.535567 0.535567
921 0.532258 0.532258
922 0.528899 0.528899
923 0.525491 0.525491
924 0.522035 0.522035
925 0.518529 0.518529
926 0.514976 0.514976
927 0.511374 0.511374
928 0.507725 0.507725
929 0.504028 0.504028
930 0.500285 0.500285
931 0.496495 0.496495
932 0.492658 0.492658
933 0.488776 0.488776
934 0.484848 0.484848
935 0.480875 0.480875
936 0.476857 0.476857
937 0.472795 0.472795
938 0.468688 0.468688
939 0.464538 0.464538
940 0.460344 0.460344
941 0.456107 0.456107
942 0.451828 0.451828
943 0.447506 0.447506
944 0.443142 0.443142
945 0.438738 0.438738
946 0.434292 0.434292
947 0.429805 0.429805
948 0.425278 0.425278
949 0.420712 0.420712
950 0.416106 0.416106
951 0.411461 0.411461
952 0.406778 0.406778
953 0.402056 0.402056
954 0.397297 0.397297
955 0.392501 0.392501
956 0.387668 0.387668
957 0.382799 0.382799
958 0.377893 0.377893
959 0.372953 0.372953
960 0.367977 0.367977
961 0.362967 0.362967
962 0.357923 0.357923
963 0.352845 0.352845
964 0.347735 0.347735
965 0.342591 0.342591
966 0.337416 0.337416
967 0.332209 0.332209
968 0.32697 0.32697
969 0.321701 0.321701
970 0.316402 0.316402
971 0.311073 0.311073
972 0.305715 0.305715
973 0.300328 0.300328
974 0.294913 0.294913
975 0.289471 0.289471
976 0.284001 0.284001
977 0.278504 0.278504
978 0.272982 0.272982
979 0.267433 0.267433
980 0.26186 0.26186
981 0.256262 0.256262
982 0.25064 0.25064
983 0.244994 0.244994
984 0.239326 0.239326
985 0.233634 0.233634
986 0.227921 0.227921
987 0.222187 0.222187
988 0.216431 0.216431
989 0.210655 0.210655
990 0.20486 0.20486
991 0.199045 0.199045
992 0.193211 0.193211
993 0.18736 0.18736
994 0.18149 0.18149
995 0.175604 0.175604
996 0.169701 0.169701
997 0.163782 0.163782
998 0.157848 0.157848
999 0.151899 0.151899
1000 0.145935 0.145935
1001 0.139958 0.139958
1002 0.133968 0.133968
1003 0.127965 0.127965
1004 0.12195 0.12195
1005 0.115924 0.115924
1006 0.109886 0.109886
1007 0.103838 0.103838
1008 0.097781 0.097781
1009 0.0917143 0.0917143
1010 0.0856391 0.0856391
1011 0.0795557 0.0795557
1012 0.0734649 0.0734649
1013 0.0673671 0.0673671
1014 0.061263 0.061263
1015 0.0551532 0.0551532
1016 0.0490381 0.0490381
1017 0.0429185 0.0429185
1018 0.0367948 0.0367948
1019 0.0306676 0.0306676
1020 0.0245375 0.0245375
1021 0.0184052 0.0184052
1022 0.0122711 0.0122711
1023 0.00613583 0.00613583
1024 9.67797e-16 2.44929e-16
1025 -0.00613583 -0.00613583
1026 -0.0122711 -0.0122711
1027 -0.0184052 -0.0184052
1028 -0.0245375 -0.0245375
1029 -0.0306676 -0.0306676
1030 -0.0367948 -0.0367948
1031 -0.0429185 -0.0429185
1032 -0.0490381 -0.0490381
1033 -0.0551532 -0.0551532
1034 -0.061263 -0.061263
1035 -0.0673671 -0.0673671
1036 -0.0734649 -0.0734649
1037 -0.0795557 -0.0795557
1038 -0.0856391 -0.0856391
1039 -0.0917143 -0.0917143
1040 -0.097781 -0.097781
1041 -0.103838 -0.103838
1042 -0.109886 -0.109886
1043 -0.115924 -0.115924
1044 -0.12195 -0.12195
1045 -0.127965 -0.127965
1046 -0.133968 -0.133968
1047 -0.139958 -0.139958
1048 -0.145935 -0.145935
1049 -0.151899 -0.151899
1050 -0.157848 -0.157848
1051 -0.163782 -0.163782
1052 -0.169701 -0.169701
1053 -0.175604 -0.175604
1054 -0.18149 -0.18149
1055 -0.18736 -0.18736
1056 -0.193211 -0.193211
1057 -0.199045 -0.199045
1058 -0.20486 -0.20486
1059 -0.210655 -0.210655
1060 -0.216431 -0.216431
1061 -0.222187 -0.222187
1062 -0.227921 -0.227921
1063 -0.233634 -0.233634
1064 -0.239326 -0.239326
1065 -0.244994 -0.244994
1066 -0.25064 -0.25064
1067 -0.256262 -0.256262
1068 -0.26186 -0.26186
1069 -0.267433 -0.267433
1070 -0.272982 -0.272982
1071 -0.278504 -0.278504
1072 -0.284001 -0.284001
1073 -0.289471 -0.289471
1074 -0.294913 -0.294913
1075 -0.300328 -0.300328
1076 -0.305715 -0.305715
1077 -0.311073 -0.311073
1078 -0.316402 -0.316402
1079 -0.321701 -0.321701
1080 -0.32697 -0.32697
1081 -0.332209 -0.332209
1082 -0.337416 -0.337416
1083 -0.342591 -0.342591
1084 -0.347735 -0.347735
1085 -0.352845 -0.352845
1086 -0.357923 -0.357923
1087 -0.362967 -0.362967
1088 -0.367977 -0.367977
1089 -0.372953 -0.372953
1090 -0.377893 -0.377893
1091 -0.382799 -0.382799
1092 -0.387668 -0.387668
1093 -0.392501 -0.392501
1094 -0.397297 -0.397297
1095 -0.402056 -0.402056
1096 -0.406778 -0.406778
1097 -0.411461 -0.411461
1098 -0.416106 -0.416106
1099 -0.420712 -0.420712
1100 -0.425278 -0.425278
1101 -0.429805 -0.429805
1102 -0.434292 -0.434292
1103 -0.438738 -0.438738
1104 -0.443142 -0.443142
1105 -0.447506 -0.447506
1106 -0.451828 -0.451828
1107 -0.456107 -0.456107
1108 -0.460344 -0.460344
1109 -0.464538 -0.464538
1110 -0.468688 -0.468688
1111 -0.472795 -0.472795
1112 -0.476857 -0.476857
1113 -0.480875 -0.480875
1114 -0.484848 -0.484848
1115 -0.488776 -0.488776
1116 -0.492658 -0.492658
1117 -0.496495 -0.496495
1118 -0.500285 -0.500285
1119 -0.504028 -0.504028
1120 -0.507725 -0.507725
1121 -0.511374 -0.511374
1122 -0.514976 -0.514976
1123 -0.518529 -0.518529
1124 -0.522035 -0.522035
1125 -0.525491 -0.525491
1126 -0.528899 -0.528899
1127 -0.532258 -0.532258
1128 -0.535567 -0.535567
1129 -0.538827 -0.538827
1130 -0.542036 -0.542036
1131 -0.545195 -0.545195
1132 -0.548303 -0.548303
1133 -0.551361 -0.551361
1134 -0.554367 -0.554367
1135 -0.557322 -0.557322
1136 -0.560225 -0.560225
1137 -0.563076 -0.563076
1138 -0.565875 -0.565875
1139 -0.568622 -0.568622
1140 -0.571316 -0.571316
1141 -0.573957 -0.573957
1142 -0.576545 -0.576545
1143 -0.579079 -0.579079
1144 -0.58156 -0.58156
1145 -0.583988 -0.583988
1146 -0.586361 -0.586361
1147 -0.58868 -0.58868
1148 -0.590945 -0.590945
1149 -0.593155 -0.593155
1150 -0.59531 -0.59531
1151 -0.597411 -0.597411
1152 -0.599456 -0.599456
1153 -0.601446 -0.601446
1154 -0.603381 -0.603381
1155 -0.60526 -0.60526
1156 -0.607084 -0.607084
1157 -0.608852 -0.608852
1158 -0.610563 -0.610563
1159 -0.612219 -0.612219
1160 -0.613818 -0.613818
1161 -0.615361 -0.615361
1162 -0.616848 -0.616848
1163 -0.618278 -0.618278
1164 -0.619651 -0.619651
1165 -0.620968 -0.620968
1166 -0.622227 -0.622227
1167 -0.62343 -0.62343
1168 -0.624576 -0.624576
1169 -0.625665 -0.625665
1170 -0.626696 -0.626696
1171 -0.62767 -0.62767
1172 -0.628587 -0.628587
1173 -0.629447 -0.629447
1174 -0.630249 -0.630249
1175 -0.630994 -0.630994
1176 -0.631681 -0.631681
1177 -0.632311 -0.632311
1178 -0.632884 -0.632884
1179 -0.633399 -0.633399
1180 -0.633857 -0.633857
1181 -0.634257 -0.634257
1182 -0.634599 -0.634599
1183 -0.634884 -0.634884
1184 -0.635112 -0.635112
1185 -0.635282 -0.635282
1186 -0.635395 -0.635395
1187 -0.63545 -0.63545
1188 -0.635448 -0.635448
1189 -0.635389 -0.635389
1190 -0.635273 -0.635273
1191 -0.635099 -0.635099
1192 -0.634868 -0.634868
1193 -0.634581 -0.634581
1194 -0.634236 -0.634236
1195 -0.633834 -0.633834
1196 -0.633376 -0.633376
1197 -0.632861 -0.632861
1198 -0.632289 -0.632289
1199 -0.631661 -0.631661
1200 -0.630977 -0.630977
1201 -0.630236 -0.630236
1202 -0.629439 -0.629439
1203 -0.628587 -0.628587
1204 -0.627678 -0.627678
1205 -0.626714 -0.626714
1206 -0.625694 -0.625694
1207 -0.624618 -0.624618
1208 -0.623488 -0.623488
1209 -0.622302 -0.622302
1210 -0.621062 -0.621062
1211 -0.619766 -0.619766
1212 -0.618417 -0.618417
1213 -0.617013 -0.617013
1214 -0.615554 -0.615554
1215 -0.614042 -0.614042
1216 -0.612476 -0.612476
1217 -0.610856 -0.610856
1218 -0.609184 -0.609184
1219 -0.607458 -0.607458
1220 -0.605679 -0.605679
1221 -0.603848 -0.603848
1222 -0.601964 -0.601964
1223 -0.600028 -0.600028
1224 -0.59804 -0.59804
1225 -0.596001 -0.596001
1226 -0.59391 -0.59391
1227 -0.591768 -0.591768
1228 -0.589576 -0.589576
1229 -0.587333 -0.587333
1230 -0.585039 -0.585039
1231 -0.582696 -0.582696
1232 -0.580303 -0.580303
1233 -0.577861 -0.577861
1234 -0.575369 -0.575369
1235 -0.572829 -0.572829
1236 -0.570241 -0.570241
1237 -0.567605 -0.567605
1238 -0.56492 -0.56492
1239 -0.562189 -0.562189
1240 -0.55941 -0.55941
1241 -0.556585 -0.556585
1242 -0.553713 -0.553713
1243 -0.550795 -0.550795
1244 -0.547832 -0.547832
1245 -0.544823 -0.544823
1246 -0.54177 -0.54177
1247 -0.538672 -0.538672
1248 -0.535529 -0.535529
1249 -0.532343 -0.532343
1250 -0.529114 -0.529114
1251 -0.525842 -0.525842
1252 -0.522527 -0.522527
1253 -0.51917 -0.51917
1254 -0.515771 -0.515771
1255 -0.512331 -0.512331
1256 -0.50885 -0.50885
1257 -0.505328 -0.505328
1258 -0.501767 -0.501767
1259 -0.498166 -0.498166
1260 -0.494526 -0.494526
1261 -0.490847 -0.490847
1262 -0.487129 -0.487129
1263 -0.483374 -0.483374
1264 -0.479582 -0.479582
1265 -0.475752 -0.475752
1266 -0.471887 -0.471887
1267 -0.467985 -0.467985
1268 -0.464048 -0.464048
1269 -0.460076 -0.460076
1270 -0.456069 -0.456069
1271 -0.452028 -0.452028
1272 -0.447954 -0.447954
1273 -0.443847 -0.443847
1274 -0.439707 -0.439707
1275 -0.435535 -0.435535
1276 -0.431332 -0.431332
1277 -0.427097 -0.427097
1278 -0.422833 -0.422833
1279 -0.418538 -0.418538
1280 -0.414214 -0.414214
1281 -0.40986 -0.40986
1282 -0.405479 -0.405479
1283 -0.40107 -0.40107
1284 -0.396633 -0.396633
1285 -0.39217 -0.39217
1286 -0.38768 -0.38768
1287 -0.383165 -0.383165
1288 -0.378624 -0.378624
1289 -0.37406 -0.37406
1290 -0.369471 -0.369471
1291 -0.364858 -0.364858
1292 -0.360223 -0.360223
1293 -0.355566 -0.355566
1294 -0.350887 -0.350887
1295 -0.346187 -0.346187
1296 -0.341466 -0.341466
1297 -0.336725 -0.336725
1298 -0.331965 -0.331965
1299 -0.327186 -0.327186
1300 -0.322389 -0.322389
1301 -0.317574 -0.317574
1302 -0.312742 -0.312742
1303 -0.307894 -0.307894
1304 -0.30303 -0.30303
1305 -0.298151 -0.298151
1306 -0.293257 -0.293257
1307 -0.288349 -0.288349
1308 -0.283428 -0.283428
1309 -0.278494 -0.278494
1310 -0.273548 -0.273548
1311 -0.26859 -0.26859
1312 -0.263622 -0.263622
1313 -0.258643 -0.258643
1314 -0.253655 -0.253655
1315 -0.248657 -0.248657
1316 -0.243651 -0.243651
1317 -0.238638 -0.238638
1318 -0.233617 -0.233617
1319 -0.22859 -0.22859
1320 -0.223556 -0.223556
1321 -0.218518 -0.218518
1322 -0.213475 -0.213475
1323 -0.208428 -0.208428
1324 -0.203378 -0.203378
1325 -0.198325 -0.198325
1326 -0.19327 -0.19327
1327 -0.188214 -0.188214
1328 -0.183157 -0.183157
1329 -0.1781 -0.1781
1330 -0.173044 -0.173044
1331 -0.167988 -0.167988
1332 -0.162935 -0.162935
1333 -0.157884 -0.157884
1334 -0.152837 -0.152837
1335 -0.147793 -0.147793
1336 -0.142754 -0.142754
1337 -0.137719 -0.137719
1338 -0.132691 -0.132691
1339 -0.127669 -0.127669
1340 -0.122655 -0.122655
1341 -0.117648 -0.117648
1342 -0.112649 -0.112649
1343 -0.10766 -0.10766
1344 -0.10268 -0.10268
1345 -0.0977113 -0.0977113
1346 -0.0927532 -0.0927532
1347 -0.087807 -0.087807
1348 -0.0828731 -0.0828731
1349 -0.0779523 -0.0779523
1350 -0.0730452 -0.0730452
1351 -0.0681526 -0.0681526
1352 -0.0632749 -0.0632749
1353 -0.058413 -0.058413
1354 -0.0535675 -0.0535675
1355 -0.048739 -0.048739
1356 -0.0439282 -0.0439282
1357 -0.0391357 -0.0391357
1358 -0.0343623 -0.0343623
1359 -0.0296085 -0.0296085
1360 -0.024875 -0.024875
1361 -0.0201625 -0.0201625
1362 -0.0154716 -0.0154716
1363 -0.0108031 -0.0108031
1364 -0.0061574 -0.0061574
1365 -0.00153534 -0.00153534
1366 0.0030625 0.0030625
1367 0.00763544 0.00763544
1368 0.0121828 0.0121828
1369 0.0167041 0.0167041
1370 0.0211985 0.0211985
1371 0.0256654 0.0256654
1372 0.0301042 0.0301042
1373 0.0345143 0.0345143
1374 0.0388949 0.0388949
1375 0.0432455 0.0432455
1376 0.0475655 0.0475655
1377 0.0518541 0.0518541
1378 0.0561108 0.0561108
1379 0.060335 0.060335
1380 0.0645259 0.0645259
1381 0.068683 0.068683
1382 0.0728057 0.0728057
1383 0.0768932 0.0768932
1384 0.0809451 0.0809451
1385 0.0849607 0.0849607
1386 0.0889393 0.0889393
1387 0.0928804 0.0928804
1388 0.0967833 0.0967833
1389 0.100648 0.100648
1390 0.104472 0.104472
1391 0.108257 0.108257
1392 0.112001 0.112001
1393 0.115704 0.115704
1394 0.119366 0.119366
1395 0.122985 0.122985
1396 0.126561 0.126561
1397 0.130093 0.130093
1398 0.133581 0.133581
1399 0.137025 0.137025
1400 0.140423 0.140423
1401 0.143776 0.143776
1402 0.147082 0.147082
1403 0.15034 0.15034
1404 0.153552 0.153552
1405 0.156715 0.156715
1406 0.15983 0.15983
1407 0.162895 0.162895
1408 0.165911 0.165911
1409 0.168876 0.168876
1410 0.17179 0.17179
1411 0.174653 0.174653
1412 0.177464 0.177464
1413 0.180222 0.180222
1414 0.182928 0.182928
1415 0.18558 0.18558
1416 0.188177 0.188177
1417 0.190721 0.190721
1418 0.193209 0.193209
1419 0.195641 0.195641
1420 0.198018 0.198018
1421 0.200337 0.200337
1422 0.2026 0.2026
1423 0.204805 0.204805
1424 0.206952 0.206952
1425 0.20904 0.20904
1426 0.21107 0.21107
1427 0.213039 0.213039
1428 0.214949 0.214949
1429 0.216799 0.216799
1430 0.218587 0.218587
1431 0.220314 0.220314
1432 0.221979 0.221979
1433 0.223582 0.223582
1434 0.225123 0.225123
1435 0.2266 0.2266
1436 0.228013 0.228013
1437 0.229363 0.229363
1438 0.230648 0.230648
1439 0.231868 0.231868
1440 0.233023 0.233023
1441 0.234113 0.234113
1442 0.235136 0.235136
1443 0.236093 0.236093
1444 0.236983 0.236983
1445 0.237806 0.237806
1446 0.238561 0.238561
1447 0.239248 0.239248
1448 0.239867 0.239867
1449 0.240417 0.240417
1450 0.240899 0.240899
1451 0.24131 0.24131
1452 0.241653 0.241653
1453 0.241925 0.241925
1454 0.242126 0.242126
1455 0.242257 0.242257
1456 0.242317 0.242317
1457 0.242305 0.242305
1458 0.242222 0.242222
1459 0.242066 0.242066
1460 0.241839 0.241839
1461 0.241538 0.241538
1462 0.241165 0.241165
1463 0.240719 0.240719
1464 0.240199 0.240199
1465 0.239606 0.239606
1466 0.238939 0.238939
1467 0.238197 0.238197
1468 0.237381 0.237381
1469 0.23649 0.23649
1470 0.235525 0.235525
1471 0.234484 0.234484
1472 0.233368 0.233368
1473 0.232176 0.232176
1474 0.230908 0.230908
1475 0.229565 0.229565
1476 0.228145 0.228145
1477 0.226648 0.226648
1478 0.225076 0.225076
1479 0.223426 0.223426
1480 0.221699 0.221699
1481 0.219895 0.219895
1482 0.218014 0.218014
1483 0.216056 0.216056
1484 0.21402 0.21402
1485 0.211906 0.211906
1486 0.209715 0.209715
1487 0.207445 0.207445
1488 0.205097 0.205097
1489 0.202672 0.202672
1490 0.200168 0.200168
1491 0.197585 0.197585
1492 0.194924 0.194924
1493 0.192184 0.192184
1494 0.189366 0.189366
1495 0.186469 0.186469
1496 0.183493 0.183493
1497 0.180439 0.180439
1498 0.177305 0.177305
1499 0.174093 0.174093
1500 0.170802 0.170802
1501 0.167431 0.167431
1502 0.163982 0.163982
1503 0.160453 0.160453
1504 0.156846 0.156846
1505 0.153159 0.153159
1506 0.149394 0.149394
1507 0.145549 0.145549
1508 0.141626 0.141626
1509 0.137623 0.137623
1510 0.133542 0.133542
1511 0.129381 0.129381
1512 0.125142 0.125142
1513 0.120824 0.120824
1514 0.116427 0.116427
1515 0.111952 0.111952
1516 0.107398 0.107398
1517 0.102766 0.102766
1518 0.0980547 0.0980547
1519 0.0932656 0.0932656
1520 0.0883982 0.0883982
1521 0.0834527 0.0834527
1522 0.0784293 0.0784293
1523 0.0733281 0.0733281
1524 0.0681491 0.0681491
1525 0.0628926 0.0628926
1526 0.0575587 0.0575587
1527 0.0521476 0.0521476
1528 0.0466593 0.0466593
1529 0.0410941 0.0410941
1530 0.0354522 0.0354522
1531 0.0297337 0.0297337
1532 0.0239389 0.0239389
1533 0.0180679 0.0180679
1534 0.0121209 0.0121209
1535 0.00609824 0.00609824
1536 1.12158e-15 3.33067e-16
1537 -0.00617353 -0.00617353
1538 -0.0124221 -0.0124221
1539 -0.0187456 -0.0187456
1540 -0.0251435 -0.0251435
1541 -0.0316159 -0.0316159
1542 -0.0381622 -0.0381622
1543 -0.0447824 -0.0447824
1544 -0.051476 -0.051476
1545 -0.0582429 -0.0582429
1546 -0.0650827 -0.0650827
1547 -0.0719952 -0.0719952
1548 -0.07898 -0.07898
1549 -0.0860368 -0.0860368
1550 -0.0931653 -0.0931653
1551 -0.100365 -0.100365
1552 -0.107636 -0.107636
1553 -0.114978 -0.114978
1554 -0.12239 -0.12239
1555 -0.129872 -0.129872
1556 -0.137423 -0.137423
1557 -0.145044 -0.145044
1558 -0.152734 -0.152734
1559 -0.160492 -0.160492
1560 -0.168319 -0.168319
1561 -0.176213 -0.176213
1562 -0.184175 -0.184175
1563 -0.192203 -0.192203
1564 -0.200298 -0.200298
1565 -0.208459 -0.208459
1566 -0.216686 -0.216686
1567 -0.224978 -0.224978
1568 -0.233335 -0.233335
1569 -0.241756 -0.241756
1570 -0.250241 -0.250241
1571 -0.258789 -0.258789
1572 -0.267401 -0.267401
1573 -0.276075 -0.276075
1574 -0.284811 -0.284811
1575 -0.293608 -0.293608
1576 -0.302467 -0.302467
1577 -0.311386 -0.311386
1578 -0.320365 -0.320365
1579 -0.329404 -0.329404
1580 -0.338502 -0.338502
1581 -0.347658 -0.347658
1582 -0.356872 -0.356872
1583 -0.366143 -0.366143
1584 -0.375472 -0.375472
1585 -0.384857 -0.384857
1586 -0.394297 -0.394297
1587 -0.403793 -0.403793
1588 -0.413344 -0.413344
1589 -0.422948 -0.422948
1590 -0.432606 -0.432606
1591 -0.442317 -0.442317
1592 -0.452081 -0.452081
1593 -0.461896 -0.461896
1594 -0.471762 -0.471762
1595 -0.481679 -0.481679
1596 -0.491645 -0.491645
1597 -0.501661 -0.501661
1598 -0.511726 -0.511726
1599 -0.521839 -0.521839
1600 -0.531999 -0.531999
1601 -0.542206 -0.542206
1602 -0.552459 -0.552459
1603 -0.562758 -0.562758
1604 -0.573101 -0.573101
1605 -0.583489 -0.583489
1606 -0.59392 -0.59392
1607 -0.604395 -0.604395
1608 -0.614911 -0.614911
1609 -0.625469 -0.625469
1610 -0.636067 -0.636067
1611 -0.646706 -0.646706
1612 -0.657384 -0.657384
1613 -0.668101 -0.668101
1614 -0.678856 -0.678856
1615 -0.689648 -0.689648
1616 -0.700477 -0.700477
1617 -0.711342 -0.711342
1618 -0.722241 -0.722241
1619 -0.733176 -0.733176
1620 -0.744144 -0.744144
1621 -0.755145 -0.755145
1622 -0.766178 -0.766178
1623 -0.777243 -0.777243
1624 -0.788338 -0.788338
1625 -0.799464 -0.799464
1626 -0.810618 -0.810618
1627 -0.821802 -0.821802
1628 -0.833012 -0.833012
1629 -0.84425 -0.84425
1630 -0.855514 -0.855514
1631 -0.866803 -0.866803
1632 -0.878117 -0.878117
1633 -0.889455 -0.889455
1634 -0.900816 -0.900816
1635 -0.912199 -0.912199
1636 -0.923603 -0.923603
1637 -0.935028 -0.935028
1638 -0.946473 -0.946473
1639 -0.957937 -0.957937
1640 -0.969419 -0.969419
1641 -0.980919 -0.980919
1642 -0.992435 -0.992435
1643 -1.00397 -1.00397
1644 -1.01551 -1.01551
1645 -1.02707 -1.02707
1646 -1.03865 -1.03865
1647 -1.05024 -1.05024
1648 -1.06183 -1.06183
1649 -1.07344 -1.07344
1650 -1.08506 -1.08506
1651 -1.09669 -1.09669
1652 -1.10833 -1.10833
1653 -1.11997 -1.11997
1654 -1.13162 -1.13162
1655 -1.14328 -1.14328
1656 -1.15494 -1.15494
1657 -1.16661 -1.16661
1658 -1.17827 -1.17827
1659 -1.18994 -1.18994
1660 -1.20162 -1.20162
1661 -1.21329 -1.21329
1662 -1.22496 -1.22496
1663 -1.23663 -1.23663
1664 -1.2483 -1.2483
1665 -1.25997 -1.25997
1666 -1.27163 -1.27163
1667 -1.28329 -1.28329
1668 -1.29494 -1.29494
1669 -1.30659 -1.30659
1670 -1.31823 -1.31823
1671 -1.32986 -1.32986
1672 -1.34148 -1.34148
1673 -1.35309 -1.35309
1674 -1.36469 -1.36469
1675 -1.37628 -1.37628
1676 -1.38786 -1.38786
1677 -1.39942 -1.39942
1678 -1.41097 -1.41097
1679 -1.4225 -1.4225
1680 -1.43402 -1.43402
1681 -1.44552 -1.44552
1682 -1.457 -1.457
1683 -1.46847 -1.46847
1684 -1.47991 -1.47991
1685 -1.49133 -1.49133
1686 -1.50273 -1.50273
1687 -1.51411 -1.51411
1688 -1.52547 -1.52547
1689 -1.5368 -1.5368
1690 -1.54811 -1.54811
1691 -1.55939 -1.55939
1692 -1.57064 -1.57064
1693 -1.58187 -1.58187
1694 -1.59307 -1.59307
1695 -1.60424 -1.60424
1696 -1.61537 -1.61537
1697 -1.62648 -1.62648
1698 -1.63755 -1.63755
1699 -1.6486 -1.6486
1700 -1.6596 -1.6596
1701 -1.67058 -1.67058
1702 -1.68151 -1.68151
1703 -1.69241 -1.69241
1704 -1.70327 -1.70327
1705 -1.7141 -1.7141
1706 -1.72488 -1.72488
1707 -1.73563 -1.73563
1708 -1.74633 -1.74633
1709 -1.75699 -1.75699
1710 -1.76761 -1.76761
1711 -1.77819 -1.77819
1712 -1.78872 -1.78872
1713 -1.7992 -1.7992
1714 -1.80964 -1.80964
1715 -1.82003 -1.82003
1716 -1.83038 -1.83038
1717 -1.84067 -1.84067
1718 -1.85092 -1.85092
1719 -1.86111 -1.86111
1720 -1.87125 -1.87125
1721 -1.88134 -1.88134
1722 -1.89138 -1.89138
1723 -1.90136 -1.90136
1724 -1.91129 -1.91129
1725 -1.92117 -1.92117
1726 -1.93098 -1.93098
1727 -1.94074 -1.94074
1728 -1.95044 -1.95044
1729 -1.96008 -1.96008
1730 -1.96966 -1.96966
1731 -1.97918 -1.97918
1732 -1.98864 -1.98864
1733 -1.99804 -1.99804
1734 -2.00737 -2.00737
1735 -2.01664 -2.01664
1736 -2.02584 -2.02584
1737 -2.03498 -2.03498
1738 -2.04405 -2.04405
1739 -2.05306 -2.05306
1740 -2.06199 -2.06199
1741 -2.07086 -2.07086
1742 -2.07966 -2.07966
1743 -2.08838 -2.08838
1744 -2.09704 -2.09704
1745 -2.10562 -2.10562
1746 -2.11413 -2.11413
1747 -2.12257 -2.12257
1748 -2.13093 -2.13093
1749 -2.13922 -2.13922
1750 -2.14743 -2.14743
1751 -2.15556 -2.15556
1752 -2.16362 -2.16362
1753 -2.1716 -2.1716
1754 -2.1795 -2.1795
1755 -2.18732 -2.18732
1756 -2.19506 -2.19506
1757 -2.20271 -2.20271
1758 -2.21029 -2.21029
1759 -2.21778 -2.21778
1760 -2.22519 -2.22519
1761 -2.23252 -2.23252
1762 -2.23976 -2.23976
1763 -2.24691 -2.24691
1764 -2.25398 -2.25398
1765 -2.26097 -2.26097
1766 -2.26786 -2.26786
1767 -2.27467 -2.27467
1768 -2.28138 -2.28138
1769 -2.28801 -2.28801
1770 -2.29455 -2.29455
1771 -2.30099 -2.30099
1772 -2.30735 -2.30735
1773 -2.31361 -2.31361
1774 -2.31978 -2.31978
1775 -2.32585 -2.32585
1776 -2.33184 -2.33184
1777 -2.33772 -2.33772
1778 -2.34351 -2.34351
1779 -2.34921 -2.34921
1780 -2.3548 -2.3548
1781 -2.3603 -2.3603
1782 -2.36571 -2.36571
1783 -2.37101 -2.37101
1784 -2.37622 -2.37622
1785 -2.38132 -2.38132
1786 -2.38632 -2.38632
1787 -2.39123 -2.39123
1788 -2.39603 -2.39603
1789 -2.40073 -2.40073
1790 -2.40533 -2.40533
1791 -2.40982 -2.40982
1792 -2.41421 -2.41421
1793 -2.4185 -2.4185
1794 -2.42268 -2.42268
1795 -2.42676 -2.42676
1796 -2.43073 -2.43073
1797 -2.43459 -2.43459
1798 -2.43835 -2.43835
1799 -2.442 -2.442
1800 -2.44554 -2.44554
1801 -2.44898 -2.44898
1802 -2.45231 -2.45231
1803 -2.45552 -2.45552
1804 -2.45863 -2.45863
1805 -2.46163 -2.46163
1806 -2.46451 -2.46451
1807 -2.46729 -2.46729
1808 -2.46995 -2.46995
1809 -2.4725 -2.4725
1810 -2.47494 -2.47494
1811 -2.47727 -2.47727
1812 -2.47948 -2.47948
1813 -2.48159 -2.48159
1814 -2.48357 -2.48357
1815 -2.48544 -2.48544
1816 -2.4872 -2.4872
1817 -2.48885 -2.48885
1818 -2.49037 -2.49037
1819 -2.49179 -2.49179
1820 -2.49308 -2.49308
1821 -2.49426 -2.49426
1822 -2.49532 -2.49532
1823 -2.49627 -2.49627
1824 -2.4971 -2.4971
1825 -2.49781 -2.49781
1826 -2.4984 -2.4984
1827 -2.49888 -2.49888
1828 -2.49924 -2.49924
1829 -2.49947 -2.49947
1830 -2.49959 -2.49959
1831 -2.49959 -2.49959
1832 -2.49947 -2.49947
1833 -2.49923 -2.49923
1834 -2.49887 -2.49887
1835 -2.49839 -2.49839
1836 -2.49779 -2.49779
1837 -2.49707 -2.49707
1838 -2.49623 -2.49623
1839 -2.49527 -2.49527
1840 -2.49418 -2.49418
1841 -2.49298 -2.49298
1842 -2.49165 -2.49165
1843 -2.4902 -2.4902
1844 -2.48863 -2.48863
1845 -2.48694 -2.48694
1846 -2.48512 -2.48512
1847 -2.48319 -2.48319
1848 -2.48113 -2.48113
1849 -2.47895 -2.47895
1850 -2.47664 -2.47664
1851 -2.47421 -2.47421
1852 -2.47166 -2.47166
1853 -2.46899 -2.46899
1854 -2.4662 -2.4662
1855 -2.46328 -2.46328
1856 -2.46024 -2.46024
1857 -2.45707 -2.45707
1858 -2.45378 -2.45378
1859 -2.45037 -2.45037
1860 -2.44684 -2.44684
1861 -2.44318 -2.44318
1862 -2.4394 -2.4394
1863 -2.43549 -2.43549
1864 -2.43147 -2.43147
1865 -2.42732 -2.42732
1866 -2.42304 -2.42304
1867 -2.41865 -2.41865
1868 -2.41413 -2.41413
1869 -2.40948 -2.40948
1870 -2.40472 -2.40472
1871 -2.39983 -2.39983
1872 -2.39482 -2.39482
1873 -2.38969 -2.38969
1874 -2.38443 -2.38443
1875 -2.37905 -2.37905
1876 -2.37355 -2.37355
1877 -2.36793 -2.36793
1878 -2.36218 -2.36218
1879 -2.35631 -2.35631
1880 -2.35033 -2.35033
1881 -2.34422 -2.34422
1882 -2.33798 -2.33798
1883 -2.33163 -2.33163
1884 -2.32516 -2.32516
1885 -2.31856 -2.31856
1886 -2.31184 -2.31184
1887 -2.30501 -2.30501
1888 -2.29805 -2.29805
1889 -2.29097 -2.29097
1890 -2.28378 -2.28378
1891 -2.27646 -2.27646
1892 -2.26903 -2.26903
1893 -2.26147 -2.26147
1894 -2.2538 -2.2538
1895 -2.24601 -2.24601
1896 -2.2381 -2.2381
1897 -2.23007 -2.23007
1898 -2.22192 -2.22192
1899 -2.21366 -2.21366
1900 -2.20528 -2.20528
1901 -2.19678 -2.19678
1902 -2.18817 -2.18817
1903 -2.17944 -2.17944
1904 -2.1706 -2.1706
1905 -2.16164 -2.16164
1906 -2.15256 -2.15256
1907 -2.14337 -2.14337
1908 -2.13407 -2.13407
1909 -2.12465 -2.12465
1910 -2.11512 -2.11512
1911 -2.10548 -2.10548
1912 -2.09572 -2.09572
1913 -2.08585 -2.08585
1914 -2.07587 -2.07587
1915 -2.06578 -2.06578
1916 -2.05558 -2.05558
1917 -2.04527 -2.04527
1918 -2.03484 -2.03484
1919 -2.02431 -2.02431
1920 -2.01367 -2.01367
1921 -2.00292 -2.00292
1922 -1.99206 -1.99206
1923 -1.9811 -1.9811
1924 -1.97003 -1.97003
1925 -1.95885 -1.95885
1926 -1.94756 -1.94756
1927 -1.93617 -1.93617
1928 -1.92468 -1.92468
1929 -1.91308 -1.91308
1930 -1.90138 -1.90138
1931 -1.88957 -1.88957
1932 -1.87766 -1.87766
1933 -1.86565 -1.86565
1934 -1.85354 -1.85354
1935 -1.84133 -1.84133
1936 -1.82901 -1.82901
1937 -1.8166 -1.8166
1938 -1.80409 -1.80409
1939 -1.79148 -1.79148
1940 -1.77877 -1.77877
1941 -1.76596 -1.76596
1942 -1.75306 -1.75306
1943 -1.74006 -1.74006
1944 -1.72697 -1.72697
1945 -1.71378 -1.71378
1946 -1.7005 -1.7005
1947 -1.68712 -1.68712
1948 -1.67365 -1.67365
1949 -1.66009 -1.66009
1950 -1.64644 -1.64644
1951 -1.6327 -1.6327
1952 -1.61887 -1.61887
1953 -1.60494 -1.60494
1954 -1.59093 -1.59093
1955 -1.57684 -1.57684
1956 -1.56265 -1.56265
1957 -1.54838 -1.54838
1958 -1.53403 -1.53403
1959 -1.51959 -1.51959
1960 -1.50506 -1.50506
1961 -1.49045 -1.49045
1962 -1.47576 -1.47576
1963 -1.46099 -1.46099
1964 -1.44614 -1.44614
1965 -1.43121 -1.43121
1966 -1.4162 -1.4162
1967 -1.4011 -1.4011
1968 -1.38594 -1.38594
1969 -1.37069 -1.37069
1970 -1.35537 -1.35537
1971 -1.33997 -1.33997
1972 -1.3245 -1.3245
1973 -1.30896 -1.30896
1974 -1.29334 -1.29334
1975 -1.27765 -1.27765
1976 -1.26189 -1.26189
1977 -1.24606 -1.24606
1978 -1.23016 -1.23016
1979 -1.21419 -1.21419
1980 -1.19815 -1.19815
1981 -1.18205 -1.18205
1982 -1.16588 -1.16588
1983 -1.14964 -1.14964
1984 -1.13334 -1.13334
1985 -1.11698 -1.11698
1986 -1.10056 -1.10056
1987 -1.08407 -1.08407
1988 -1.06752 -1.06752
1989 -1.05092 -1.05092
1990 -1.03425 -1.03425
1991 -1.01753 -1.01753
1992 -1.00075 -1.00075
1993 -0.983914 -0.983914
1994 -0.967023 -0.967023
1995 -0.950077 -0.950077
1996 -0.933079 -0.933079
1997 -0.916028 -0.916028
1998 -0.898925 -0.898925
1999 -0.881773 -0.881773
2000 -0.86457 -0.86457
2001 -0.847319 -0.847319
2002 -0.830021 -0.830021
2003 -0.812676 -0.812676
2004 -0.795286 -0.795286
2005 -0.77785 -0.77785
2006 -0.760371 -0.760371
2007 -0.742849 -0.742849
2008 -0.725286 -0.725286
2009 -0.707682 -0.707682
2010 -0.690037 -0.690037
2011 -0.672355 -0.672355
2012 -0.654634 -0.654634
2013 -0.636876 -0.636876
2014 -0.619083 -0.619083
2015 -0.601254 -0.601254
2016 -0.583392 -0.583392
2017 -0.565497 -0.565497
2018 -0.54757 -0.54757
2019 -0.529612 -0.529612
2020 -0.511625 -0.511625
2021 -0.493608 -0.493608
2022 -0.475564 -0.475564
2023 -0.457493 -0.457493
2024 -0.439396 -0.439396
2025 -0.421275 -0.421275
2026 -0.403129 -0.403129
2027 -0.384961 -0.384961
2028 -0.366771 -0.366771
2029 -0.348561 -0.348561
2030 -0.330331 -0.330331
2031 -0.312082 -0.312082
2032 -0.293815 -0.293815
2033 -0.275532 -0.275532
2034 -0.257234 -0.257234
2035 -0.238921 -0.238921
2036 -0.220594 -0.220594
2037 -0.202255 -0.202255
2038 -0.183904 -0.183904
2039 -0.165544 -0.165544
2040 -0.147173 -0.147173
2041 -0.128795 -0.128795
2042 -0.110409 -0.110409
2043 -0.0920172 -0.0920172
2044 -0.07362 -0.07362
2045 -0.0552186 -0.0552186
2046 -0.0368142 -0.0368142
2047 -0.0184076 -0.0184076
2048 -2.9889e-15 -1.46958e-15
2049 0.0184076 0.0184076
2050 0.0368142 0.0368142
2051 0.0552186 0.0552186
2052 0.07362 0.07362
2053 0.0920172 0.0920172
2054 0.110409 0.110409
2055 0.128795 0.128795
2056 0.147173 0.147173
2057 0.165544 0.165544
2058 0.183904 0.183904
2059 0.202255 0.202255
2060 0.220594 0.220594
2061 0.238921 0.238921
2062 0.257234 0.257234
2063 0.275532 0.275532
2064 0.293815 0.293815
2065 0.312082 0.312082
2066 0.330331 0.330331
2067 0.348561 0.348561
2068 0.366771 0.366771
2069 0.384961 0.384961
2070 0.403129 0.403129
2071 0.421275 0.421275
2072 0.439396 0.439396
2073 0.457493 0.457493
2074 0.475564 0.475564
2075 0.493608 0.493608
2076 0.511625 0.511625
2077 0.529612 0.529612
2078 0.54757 0.54757
2079 0.565497 0.565497
2080 0.583392 0.583392
2081 0.601254 0.601254
2082 0.619083 0.619083
2083 0.636876 0.636876
2084 0.654634 0.654634
2085 0.672355 0.672355
2086 0.690037 0.690037
2087 0.707682 0.707682
2088 0.725286 0.725286
2089 0.742849 0.742849
2090 0.760371 0.760371
2091 0.77785 0.77785
2092 0.795286 0.795286
2093 0.812676 0.812676
2094 0.830021 0.830021
2095 0.847319 0.847319
2096 0.86457 0.86457
2097 0.881773 0.881773
2098 0.898925 0.898925
2099 0.916028 0.916028
2100 0.933079 0.933079
2101 0.950077 0.950077
2102 0.967023 0.967023
2103 0.983914 0.983914
2104 1.00075 1.00075
2105 1.01753 1.01753
2106 1.03425 1.03425
2107 1.05092 1.05092
2108 1.06752 1.06752
2109 1.08407 1.08407
2110 1.10056 1.10056
2111 1.11698 1.11698
2112 1.13334 1.13334
2113 1.14964 1.14964
2114 1.16588 1.16588
2115 1.18205 1.18205
2116 1.19815 1.19815
2117 1.21419 1.21419
2118 1.23016 1.23016
2119 1.24606 1.24606
2120 1.26189 1.26189
2121 1.27765 1.27765
2122 1.29334 1.29334
2123 1.30896 1.30896
2124 1.3245 1.3245
2125 1.33997 1.33997
2126 1.35537 1.35537
2127 1.37069 1.37069
2128 1.38594 1.38594
2129 1.4011 1.4011
2130 1.4162 1.4162
2131 1.43121 1.43121
2132 1.44614 1.44614
2133 1.46099 1.46099
2134 1.47576 1.47576
2135 1.49045 1.49045
2136 1.50506 1.50506
2137 1.51959 1.51959
2138 1.53403 1.53403
2139 1.54838 1.54838
2140 1.56265 1.56265
2141 1.57684 1.57684
2142 1.59093 1.59093
2143 1.60494 1.60494
2144 1.61887 1.61887
2145 1.6327 1.6327
2146 1.64644 1.64644
2147 1.66009 1.66009
2148 1.67365 1.67365
2149 1.68712 1.68712
2150 1.7005 1.7005
2151 1.71378 1.71378
2152 1.72697 1.72697
2153 1.74006 1.74006
2154 1.75306 1.75306
2155 1.76596 1.76596
2156 1.77877 1.77877
2157 1.79148 1.79148
2158 1.80409 1.80409
2159 1.8166 1.8166
2160 1.82901 1.82901
2161 1.84133 1.84133
2162 1.85354 1.85354
2163 1.86565 1.86565
2164 1.87766 1.87766
2165 1.88957 1.88957
2166 1.90138 1.90138
2167 1.91308 1.91308
2168 1.92468 1.92468
2169 1.93617 1.93617
2170 1.94756 1.94756
2171 1.95885 1.95885
2172 1.97003 1.97003
2173 1.9811 1.9811
2174 1.99206 1.99206
2175 2.00292 2.00292
2176 2.01367 2.01367
2177 2.02431 2.02431
2178 2.03484 2.03484
2179 2.04527 2.04527
2180 2.05558 2.05558
2181 2.06578 2.06578
2182 2.07587 2.07587
2183 2.08585 2.08585
2184 2.09572 2.09572
2185 2.10548 2.10548
2186 2.11512 2.11512
2187 2.12465 2.12465
2188 2.13407 2.13407
2189 2.14337 2.14337
2190 2.15256 2.15256
2191 2.16164 2.16164
2192 2.1706 2.1706
2193 2.17944 2.17944
2194 2.18817 2.18817
2195 2.19678 2.19678
2196 2.20528 2.20528
2197 2.21366 2.21366
2198 2.22192 2.22192
2199 2.23007 2.23007
2200 2.2381 2.2381
2201 2.24601 2.24601
2202 2.2538 2.2538
2203 2.26147 2.26147
2204 2.26903 2.26903
2205 2.27646 2.27646
2206 2.28378 2.28378
2207 2.29097 2.29097
2208 2.29805 2.29805
2209 2.30501 2.30501
2210 2.31184 2.31184
2211 2.31856 2.31856
2212 2.32516 2.32516
2213 2.33163 2.33163
2214 2.33798 2.33798
2215 2.34422 2.34422
2216 2.35033 2.35033
2217 2.35631 2.35631
2218 2.36218 2.36218
2219 2.36793 2.36793
2220 2.37355 2.37355
2221 2.37905 2.37905
2222 2.38443 2.38443
2223 2.38969 2.38969
2224 2.39482 2.39482
2225 2.39983 2.39983
2226 2.40472 2.40472
2227 2.40948 2.40948
2228 2.41413 2.41413
2229 2.41865 2.41865
2230 2.42304 2.42304
2231 2.42732 2.42732
2232 2.43147 2.43147
2233 2.43549 2.43549
2234 2.4394 2.4394
2235 2.44318 2.44318
2236 2.44684 2.44684
2237 2.45037 2.45037
2238 2.45378 2.45378
2239 2.45707 2.45707
2240 2.46024 2.46024
2241 2.46328 2.46328
2242 2.4662 2.4662
2243 2.46899 2.46899
2244 2.47166 2.47166
2245 2.47421 2.47421
2246 2.47664 2.47664
2247 2.47895 2.47895
2248 2.48113 2.48113
2249 2.48319 2.48319
2250 2.48512 2.48512
2251 2.48694 2.48694
2252 2.48863 2.48863
2253 2.4902 2.4902
2254 2.49165 2.49165
2255 2.49298 2.49298
2256 2.49418 2.49418
2257 2.49527 2.49527
2258 2.49623 2.49623
2259 2.49707 2.49707
2260 2.49779 2.49779
2261 2.49839 2.49839
2262 2.49887 2.49887
2263 2.49923 2.49923
2264 2.49947 2.49947
2265 2.49959 2.49959
2266 2.49959 2.49959
2267 2.49947 2.49947
2268 2.49924 2.49924
2269 2.49888 2.49888
2270 2.4984 2.4984
2271 2.49781 2.49781
2272 2.4971 2.4971
2273 2.49627 2.49627
2274 2.49532 2.49532
2275 2.49426 2.49426
2276 2.49308 2.49308
2277 2.49179 2.49179
2278 2.49037 2.49037
2279 2.48885 2.48885
2280 2.4872 2.4872
2281 2.48544 2.48544
2282 2.48357 2.48357
2283 2.48159 2.48159
2284 2.47948 2.47948
2285 2.47727 2.47727
2286 2.47494 2.47494
2287 2.4725 2.4725
2288 2.46995 2.46995
2289 2.46729 2.46729
2290 2.46451 2.46451
2291 2.46163 2.46163
2292 2.45863 2.45863
2293 2.45552 2.45552
2294 2.45231 2.45231
2295 2.44898 2.44898
2296 2.44554 2.44554
2297 2.442 2.442
2298 2.43835 2.43835
2299 2.43459 2.43459
2300 2.43073 2.43073
2301 2.42676 2.42676
2302 2.42268 2.42268
2303 2.4185 2.4185
2304 2.41421 2.41421
2305 2.40982 2.40982
2306 2.40533 2.40533
2307 2.40073 2.40073
2308 2.39603 2.39603
2309 2.39123 2.39123
2310 2.38632 2.38632
2311 2.38132 2.38132
2312 2.37622 2.37622
2313 2.37101 2.37101
2314 2.36571 2.36571
2315 2.3603 2.3603
2316 2.3548 2.3548
2317 2.34921 2.34921
2318 2.34351 2.34351
2319 2.33772 2.33772
2320 2.33184 2.33184
2321 2.32585 2.32585
2322 2.31978 2.31978
2323 2.31361 2.31361
2324 2.30735 2.30735
2325 2.30099 2.30099
2326 2.29455 2.29455
2327 2.28801 2.28801
2328 2.28138 2.28138
2329 2.27467 2.27467
2330 2.26786 2.26786
2331 2.26097 2.26097
2332 2.25398 2.25398
2333 2.24691 2.24691
2334 2.23976 2.23976
2335 2.23252 2.23252
2336 2.22519 2.22519
2337 2.21778 2.21778
2338 2.21029 2.21029
2339 2.20271 2.20271
2340 2.19506 2.19506
2341 2.18732 2.18732
2342 2.1795 2.1795
2343 2.1716 2.1716
2344 2.16362 2.16362
2345 2.15556 2.15556
2346 2.14743 2.14743
2347 2.13922 2.13922
2348 2.13093 2.13093
2349 2.12257 2.12257
2350 2.11413 2.11413
2351 2.10562 2.10562
2352 2.09704 2.09704
2353 2.08838 2.08838
2354 2.07966 2.07966
2355 2.07086 2.07086
2356 2.06199 2.06199
2357 2.05306 2.05306
2358 2.04405 2.04405
2359 2.03498 2.03498
2360 2.02584 2.02584
2361 2.01664 2.01664
2362 2.00737 2.00737
2363 1.99804 1.99804
2364 1.98864 1.98864
2365 1.97918 1.97918
2366 1.96966 1.96966
2367 1.96008 1.96008
2368 1.95044 1.95044
2369 1.94074 1.94074
2370 1.93098 1.93098
2371 1.92117 1.92117
2372 1.91129 1.91129
2373 1.90136 1.90136
2374 1.89138 1.89138
2375 1.88134 1.88134
2376 1.87125 1.87125
2377 1.86111 1.86111
2378 1.85092 1.85092
2379 1.84067 1.84067
2380 1.83038 1.83038
2381 1.82003 1.82003
2382 1.80964 1.80964
2383 1.7992 1.7992
2384 1.78872 1.78872
2385 1.77819 1.77819
2386 1.76761 1.76761
2387 1.75699 1.75699
2388 1.74633 1.74633
2389 1.73563 1.73563
2390 1.72488 1.72488
2391 1.7141 1.7141
2392 1.70327 1.70327
2393 1.69241 1.69241
2394 1.68151 1.68151
2395 1.67058 1.67058
2396 1.6596 1.6596
2397 1.6486 1.6486
2398 1.63755 1.63755
2399 1.62648 1.62648
2400 1.61537 1.61537
2401 1.60424 1.60424
2402 1.59307 1.59307
2403 1.58187 1.58187
2404 1.57064 1.57064
2405 1.55939 1.55939
2406 1.54811 1.54811
2407 1.5368 1.5368
2408 1.52547 1.52547
2409 1.51411 1.51411
2410 1.50273 1.50273
2411 1.49133 1.49133
2412 1.47991 1.47991
2413 1.46847 1.46847
2414 1.457 1.457
2415 1.44552 1.44552
2416 1.43402 1.43402
2417 1.4225 1.4225
2418 1.41097 1.41097
2419 1.39942 1.39942
2420 1.38786 1.38786
2421 1.37628 1.37628
2422 1.36469 1.36469
2423 1.35309 1.35309
2424 1.34148 1.34148
2425 1.32986 1.32986
2426 1.31823 1.31823
2427 1.30659 1.30659
2428 1.29494 1.29494
2429 1.28329 1.28329
2430 1.27163 1.27163
2431 1.25997 1.25997
2432 1.2483 1.2483
2433 1.23663 1.23663
2434 1.22496 1.22496
2435 1.21329 1.21329
2436 1.20162 1.20162
2437 1.18994 1.18994
2438 1.17827 1.17827
2439 1.16661 1.16661
2440 1.15494 1.15494
2441 1.14328 1.14328
2442 1.13162 1.13162
2443 1.11997 1.11997
2444 1.10833 1.10833
2445 1.09669 1.09669
2446 1.08506 1.08506
2447 1.07344 1.07344
2448 1.06183 1.06183
2449 1.05024 1.05024
2450 1.03865 1.03865
2451 1.02707 1.02707
2452 1.01551 1.01551
2453 1.00397 1.00397
2454 0.992435 0.992435
2455 0.980919 0.980919
2456 0.969419 0.969419
2457 0.957937 0.957937
2458 0.946473 0.946473
2459 0.935028 0.935028
2460 0.923603 0.923603
2461 0.912199 0.912199
2462 0.900816 0.900816
2463 0.889455 0.889455
2464 0.878117 0.878117
2465 0.866803 0.866803
2466 0.855514 0.855514
2467 0.84425 0.84425
2468 0.833012 0.833012
2469 0.821802 0.821802
2470 0.810618 0.810618
2471 0.799464 0.799464
2472 0.788338 0.788338
2473 0.777243 0.777243
2474 0.766178 0.766178
2475 0.755145 0.755145
2476 0.744144 0.744144
2477 0.733176 0.733176
2478 0.722241 0.722241
2479 0.711342 0.711342
2480 0.700477 0.700477
2481 0.689648 0.689648
2482 0.678856 0.678856
2483 0.668101 0.668101
2484 0.657384 0.657384
2485 0.646706 0.646706
2486 0.636067 0.636067
2487 0.625469 0.625469
2488 0.614911 0.614911
2489 0.604395 0.604395
2490 0.59392 0.59392
2491 0.583489 0.583489
2492 0.573101 0.573101
2493 0.562758 0.562758
2494 0.552459 0.552459
2495 0.542206 0.542206
2496 0.531999 0.531999
2497 0.521839 0.521839
2498 0.511726 0.511726
2499 0.501661 0.501661
2500 0.491645 0.491645
2501 0.481679 0.481679
2502 0.471762 0.471762
2503 0.461896 0.461896
2504 0.452081 0.452081
2505 0.442317 0.442317
2506 0.432606 0.432606
2507 0.422948 0.422948
2508 0.413344 0.413344
2509 0.403793 0.403793
2510 0.394297 0.394297
2511 0.384857 0.384857
2512 0.375472 0.375472
2513 0.366143 0.366143
2514 0.356872 0.356872
2515 0.347658 0.347658
2516 0.338502 0.338502
2517 0.329404 0.329404
2518 0.320365 0.320365
2519 0.311386 0.311386
2520 0.302467 0.302467
2521 0.293608 0.293608
2522 0.284811 0.284811
2523 0.276075 0.276075
2524 0.267401 0.267401
2525 0.258789 0.258789
2526 0.250241 0.250241
2527 0.241756 0.241756
2528 0.233335 0.233335
2529 0.224978 0.224978
2530 0.216686 0.216686
2531 0.208459 0.208459
2532 0.200298 0.200298
2533 0.192203 0.192203
2534 0.184175 0.184175
2535 0.176213 0.176213
2536 0.168319 0.168319
2537 0.160492 0.160492
2538 0.152734 0.152734
2539 0.145044 0.145044
2540 0.137423 0.137423
2541 0.129872 0.129872
2542 0.12239 0.12239
2543 0.114978 0.114978
2544 0.107636 0.107636
2545 0.100365 0.100365
2546 0.0931653 0.0931653
2547 0.0860368 0.0860368
2548 0.07898 0.07898
2549 0.0719952 0.0719952
2550 0.0650827 0.0650827
2551 0.0582429 0.0582429
2552 0.051476 0.051476
2553 0.0447824 0.0447824
2554 0.0381622 0.0381622
2555 0.0316159 0.0316159
2556 0.0251435 0.0251435
2557 0.0187456 0.0187456
2558 0.0124221 0.0124221
2559 0.00617353 0.00617353
2560 8.99531e-16 6.66134e-16
2561 -0.00609824 -0.00609824
2562 -0.0121209 -0.0121209
2563 -0.0180679 -0.0180679
2564 -0.0239389 -0.0239389
2565 -0.0297337 -0.0297337
2566 -0.0354522 -0.0354522
2567 -0.0410941 -0.0410941
2568 -0.0466593 -0.0466593
2569 -0.0521476 -0.0521476
2570 -0.0575587 -0.0575587
2571 -0.0628926 -0.0628926
2572 -0.0681491 -0.0681491
2573 -0.0733281 -0.0733281
2574 -0.0784293 -0.0784293
2575 -0.0834527 -0.0834527
2576 -0.0883982 -0.0883982
2577 -0.0932656 -0.0932656
2578 -0.0980547 -0.0980547
2579 -0.102766 -0.102766
2580 -0.107398 -0.107398
2581 -0.111952 -0.111952
2582 -0.116427 -0.116427
2583 -0.120824 -0.120824
2584 -0.125142 -0.125142
2585 -0.129381 -0.129381
2586 -0.133542 -0.133542
2587 -0.137623 -0.137623
2588 -0.141626 -0.141626
2589 -0.145549 -0.145549
2590 -0.149394 -0.149394
2591 -0.153159 -0.153159
2592 -0.156846 -0.156846
2593 -0.160453 -0.160453
2594 -0.163982 -0.163982
2595 -0.167431 -0.167431
2596 -0.170802 -0.170802
2597 -0.174093 -0.174093
2598 -0.177305 -0.177305
2599 -0.180439 -0.180439
2600 -0.183493 -0.183493
2601 -0.186469 -0.186469
2602 -0.189366 -0.189366
2603 -0.192184 -0.192184
2604 -0.194924 -0.194924
2605 -0.197585 -0.197585
2606 -0.200168 -0.200168
2607 -0.202672 -0.202672
2608 -0.205097 -0.205097
2609 -0.207445 -0.207445
2610 -0.209715 -0.209715
2611 -0.211906 -0.211906
2612 -0.21402 -0.21402
2613 -0.216056 -0.216056
2614 -0.218014 -0.218014
2615 -0.219895 -0.219895
2616 -0.221699 -0.221699
2617 -0.223426 -0.223426
2618 -0.225076 -0.225076
2619 -0.226648 -0.226648
2620 -0.228145 -0.228145
2621 -0.229565 -0.229565
2622 -0.230908 -0.230908
2623 -0.232176 -0.232176
2624 -0.233368 -0.233368
2625 -0.234484 -0.234484
2626 -0.235525 -0.235525
2627 -0.23649 -0.23649
2628 -0.237381 -0.237381
2629 -0.238197 -0.238197
2630 -0.238939 -0.238939
2631 -0.239606 -0.239606
2632 -0.240199 -0.240199
2633 -0.240719 -0.240719
2634 -0.241165 -0.241165
2635 -0.241538 -0.241538
2636 -0.241839 -0.241839
2637 -0.242066 -0.242066
2638 -0.242222 -0.242222
2639 -0.242305 -0.242305
2640 -0.242317 -0.242317
2641 -0.242257 -0.242257
2642 -0.242126 -0.242126
2643 -0.241925 -0.241925
2644 -0.241653 -0.241653
2645 -0.24131 -0.24131
2646 -0.240899 -0.240899
2647 -0.240417 -0.240417
2648 -0.239867 -0.239867
2649 -0.239248 -0.239248
2650 -0.238561 -0.238561
2651 -0.237806 -0.237806
2652 -0.236983 -0.236983
2653 -0.236093 -0.236093
2654 -0.235136 -0.235136
2655 -0.234113 -0.234113
2656 -0.233023 -0.233023
2657 -0.231868 -0.231868
2658 -0.230648 -0.230648
2659 -0.229363 -0.229363
2660 -0.228013 -0.228013
2661 -0.2266 -0.2266
2662 -0.225123 -0.225123
2663 -0.223582 -0.223582
2664 -0.221979 -0.221979
2665 -0.220314 -0.220314
2666 -0.218587 -0.218587
2667 -0.216799 -0.216799
2668 -0.214949 -0.214949
2669 -0.213039 -0.213039
2670 -0.21107 -0.21107
2671 -0.20904 -0.20904
2672 -0.206952 -0.206952
2673 -0.204805 -0.204805
2674 -0.2026 -0.2026
2675 -0.200337 -0.200337
2676 -0.198018 -0.198018
2677 -0.195641 -0.195641
2678 -0.193209 -0.193209
2679 -0.190721 -0.190721
2680 -0.188177 -0.188177
2681 -0.18558 -0.18558
2682 -0.182928 -0.182928
2683 -0.180222 -0.180222
2684 -0.177464 -0.177464
2685 -0.174653 -0.174653
2686 -0.17179 -0.17179
2687 -0.168876 -0.168876
2688 -0.165911 -0.165911
2689 -0.162895 -0.162895
2690 -0.15983 -0.15983
2691 -0.156715 -0.156715
2692 -0.153552 -0.153552
2693 -0.15034 -0.15034
2694 -0.147082 -0.147082
2695 -0.143776 -0.143776
2696 -0.140423 -0.140423
2697 -0.137025 -0.137025
2698 -0.133581 -0.133581
2699 -0.130093 -0.130093
2700 -0.126561 -0.126561
2701 -0.122985 -0.122985
2702 -0.119366 -0.119366
2703 -0.115704 -0.115704
2704 -0.112001 -0.112001
2705 -0.108257 -0.108257
2706 -0.104472 -0.104472
2707 -0.100648 -0.100648
2708 -0.0967833 -0.0967833
2709 -0.0928804 -0.0928804
2710 -0.0889393 -0.0889393
2711 -0.0849607 -0.0849607
2712 -0.0809451 -0.0809451
2713 -0.0768932 -0.0768932
2714 -0.0728057 -0.0728057
2715 -0.068683 -0.068683
2716 -0.0645259 -0.0645259
2717 -0.060335 -0.060335
2718 -0.0561108 -0.0561108
2719 -0.0518541 -0.0518541
2720 -0.0475655 -0.0475655
2721 -0.0432455 -0.0432455
2722 -0.0388949 -0.0388949
2723 -0.0345143 -0.0345143
2724 -0.0301042 -0.0301042
2725 -0.0256654 -0.0256654
2726 -0.0211985 -0.0211985
2727 -0.0167041 -0.0167041
2728 -0.0121828 -0.0121828
2729 -0.00763544 -0.00763544
2730 -0.0030625 -0.0030625
2731 0.00153534 0.00153534
2732 0.0061574 0.0061574
2733 0.0108031 0.0108031
2734 0.0154716 0.0154716
2735 0.0201625 0.0201625
2736 0.024875 0.024875
2737 0.0296085 0.0296085
2738 0.0343623 0.0343623
2739 0.0391357 0.0391357
2740 0.0439282 0.0439282
2741 0.048739 0.048739
2742 0.0535675 0.0535675
2743 0.058413 0.058413
2744 0.0632749 0.0632749
2745 0.0681526 0.0681526
2746 0.0730452 0.0730452
2747 0.0779523 0.0779523
2748 0.0828731 0.0828731
2749 0.087807 0.087807
2750 0.0927532 0.0927532
2751 0.0977113 0.0977113
2752 0.10268 0.10268
2753 0.10766 0.10766
2754 0.112649 0.112649
2755 0.117648 0.117648
2756 0.122655 0.122655
2757 0.127669 0.127669
2758 0.132691 0.132691
2759 0.137719 0.137719
2760 0.142754 0.142754
2761 0.147793 0.147793
2762 0.152837 0.152837
2763 0.157884 0.157884
2764 0.162935 0.162935
2765 0.167988 0.167988
2766 0.173044 0.173044
2767 0.1781 0.1781
2768 0.183157 0.183157
2769 0.188214 0.188214
2770 0.19327 0.19327
2771 0.198325 0.198325
2772 0.203378 0.203378
2773 0.208428 0.208428
2774 0.213475 0.213475
2775 0.218518 0.218518
2776 0.223556 0.223556
2777 0.22859 0.22859
2778 0.233617 0.233617
2779 0.238638 0.238638
2780 0.243651 0.243651
2781 0.248657 0.248657
2782 0.253655 0.253655
2783 0.258643 0.258643
2784 0.263622 0.263622
2785 0.26859 0.26859
2786 0.273548 0.273548
2787 0.278494 0.278494
2788 0.283428 0.283428
2789 0.288349 0.288349
2790 0.293257 0.293257
2791 0.298151 0.298151
2792 0.30303 0.30303
2793 0.307894 0.307894
2794 0.312742 0.312742
2795 0.317574 0.317574
2796 0.322389 0.322389
2797 0.327186 0.327186
2798 0.331965 0.331965
2799 0.336725 0.336725
2800 0.341466 0.341466
2801 0.346187 0.346187
2802 0.350887 0.350887
2803 0.355566 0.355566
2804 0.360223 0.360223
2805 0.364858 0.364858
2806 0.369471 0.369471
2807 0.37406 0.37406
2808 0.378624 0.378624
2809 0.383165 0.383165
2810 0.38768 0.38768
2811 0.39217 0.39217
2812 0.396633 0.396633
2813 0.40107 0.40107
2814 0.405479 0.405479
2815 0.40986 0.40986
2816 0.414214 0.414214
2817 0.418538 0.418538
2818 0.422833 0.422833
2819 0.427097 0.427097
2820 0.431332 0.431332
2821 0.435535 0.435535
2822 0.439707 0.439707
2823 0.443847 0.443847
2824 0.447954 0.447954
2825 0.452028 0.452028
2826 0.456069 0.456069
2827 0.460076 0.460076
2828 0.464048 0.464048
2829 0.467985 0.467985
2830 0.471887 0.471887
2831 0.475752 0.475752
2832 0.479582 0.479582
2833 0.483374 0.483374
2834 0.487129 0.487129
2835 0.490847 0.490847
2836 0.494526 0.494526
2837 0.498166 0.498166
2838 0.501767 0.501767
2839 0.505328 0.505328
2840 0.50885 0.50885
2841 0.512331 0.512331
2842 0.515771 0.515771
2843 0.51917 0.51917
2844 0.522527 0.522527
2845 0.525842 0.525842
2846 0.529114 0.529114
2847 0.532343 0.532343
2848 0.535529 0.535529
2849 0.538672 0.538672
2850 0.54177 0.54177
2851 0.544823 0.544823
2852 0.547832 0.547832
2853 0.550795 0.550795
2854 0.553713 0.553713
2855 0.556585 0.556585
2856 0.55941 0.55941
2857 0.562189 0.562189
2858 0.56492 0.56492
2859 0.567605 0.567605
2860 0.570241 0.570241
2861 0.572829 0.572829
2862 0.575369 0.575369
2863 0.577861 0.577861
2864 0.580303 0.580303
2865 0.582696 0.582696
2866 0.585039 0.585039
2867 0.587333 0.587333
2868 0.589576 0.589576
2869 0.591768 0.591768
2870 0.59391 0.59391
2871 0.596001 0.596001
2872 0.59804 0.59804
2873 0.600028 0.600028
2874 0.601964 0.601964
2875 0.603848 0.603848
2876 0.605679 0.605679
2877 0.607458 0.607458
2878 0.609184 0.609184
2879 0.610856 0.610856
2880 0.612476 0.612476
2881 0.614042 0.614042
2882 0.615554 0.615554
2883 0.617013 0.617013
2884 0.618417 0.618417
2885 0.619766 0.619766
2886 0.621062 0.621062
2887 0.622302 0.622302
2888 0.623488 0.623488
2889 0.624618 0.624618
2890 0.625694 0.625694
2891 0.626714 0.626714
2892 0.627678 0.627678
2893 0.628587 0.628587
2894 0.629439 0.629439
2895 0.630236 0.630236
2896 0.630977 0.630977
2897 0.631661 0.631661
2898 0.632289 0.632289
2899 0.632861 0.632861
2900 0.633376 0.633376
2901 0.633834 0.633834
2902 0.634236 0.634236
2903 0.634581 0.634581
2904 0.634868 0.634868
2905 0.635099 0.635099
2906 0.635273 0.635273
2907 0.635389 0.635389
2908 0.635448 0.635448
2909 0.63545 0.63545
2910 0.635395 0.635395
2911 0.635282 0.635282
2912 0.635112 0.635112
2913 0.634884 0.634884
2914 0.634599 0.634599
2915 0.634257 0.634257
2916 0.633857 0.633857
2917 0.633399 0.633399
2918 0.632884 0.632884
2919 0.632311 0.632311
2920 0.631681 0.631681
2921 0.630994 0.630994
2922 0.630249 0.630249
2923 0.629447 0.629447
2924 0.628587 0.628587
2925 0.62767 0.62767
2926 0.626696 0.626696
2927 0.625665 0.625665
2928 0.624576 0.624576
2929 0.62343 0.62343
2930 0.622227 0.622227
2931 0.620968 0.620968
2932 0.619651 0.619651
2933 0.618278 0.618278
2934 0.616848 0.616848
2935 0.615361 0.615361
2936 0.613818 0.613818
2937 0.612219 0.612219
2938 0.610563 0.610563
2939 0.608852 0.608852
2940 0.607084 0.607084
2941 0.60526 0.60526
2942 0.603381 0.603381
2943 0.601446 0.601446
2944 0.599456 0.599456
2945 0.597411 0.597411
2946 0.59531 0.59531
2947 0.593155 0.593155
2948 0.590945 0.590945
2949 0.58868 0.58868
2950 0.586361 0.586361
2951 0.583988 0.583988
2952 0.58156 0.58156
2953 0.579079 0.579079
2954 0.576545 0.576545
2955 0.573957 0.573957
2956 0.571316 0.571316
2957 0.568622 0.568622
2958 0.565875 0.565875
2959 0.563076 0.563076
2960 0.560225 0.560225
2961 0.557322 0.557322
2962 0.554367 0.554367
2963 0.551361 0.551361
2964 0.548303 0.548303
2965 0.545195 0.545195
2966 0.542036 0.542036
2967 0.538827 0.538827
2968 0.535567 0.535567
2969 0.532258 0.532258
2970 0.528899 0.528899
2971 0.525491 0.525491
2972 0.522035 0.522035
2973 0.518529 0.518529
2974 0.514976 0.514976
2975 0.511374 0.511374
2976 0.507725 0.507725
2977 0.504028 0.504028
2978 0.500285 0.500285
2979 0.496495 0.496495
2980 0.492658 0.492658
2981 0.488776 0.488776
2982 0.484848 0.484848
2983 0.480875 0.480875
2984 0.476857 0.476857
2985 0.472795 0.472795
2986 0.468688 0.468688
2987 0.464538 0.464538
2988 0.460344 0.460344
2989 0.456107 0.456107
2990 0.451828 0.451828
2991 0.447506 0.447506
2992 0.443142 0.443142
2993 0.438738 0.438738
2994 0.434292 0.434292
2995 0.429805 0.429805
2996 0.425278 0.425278
2997 0.420712 0.420712
2998 0.416106 0.416106
2999 0.411461 0.411461
3000 0.406778 0.406778
3001 0.402056 0.402056
3002 0.397297 0.397297
3003 0.392501 0.392501
3004 0.387668 0.387668
3005 0.382799 0.382799
3006 0.377893 0.377893
3007 0.372953 0.372953
3008 0.367977 0.367977
3009 0.362967 0.362967
3010 0.357923 0.357923
3011 0.352845 0.352845
3012 0.347735 0.347735
3013 0.342591 0.342591
3014 0.337416 0.337416
3015 0.332209 0.332209
3016 0.32697 0.32697
3017 0.321701 0.321701
3018 0.316402 0.316402
3019 0.311073 0.311073
3020 0.305715 0.305715
3021 0.300328 0.300328
3022 0.294913 0.294913
3023 0.289471 0.289471
3024 0.284001 0.284001
3025 0.278504 0.278504
3026 0.272982 0.272982
3027 0.267433 0.267433
3028 0.26186 0.26186
3029 0.256262 0.256262
3030 0.25064 0.25064
3031 0.244994 0.244994
3032 0.239326 0.239326
3033 0.233634 0.233634
3034 0.227921 0.227921
3035 0.222187 0.222187
3036 0.216431 0.216431
3037 0.210655 0.210655
3038 0.20486 0.20486
3039 0.199045 0.199045
3040 0.193211 0.193211
3041 0.18736 0.18736
3042 0.18149 0.18149
3043 0.175604 0.175604
3044 0.169701 0.169701
3045 0.163782 0.163782
3046 0.157848 0.157848
3047 0.151899 0.151899
3048 0.145935 0.145935
3049 0.139958 0.139958
3050 0.133968 0.133968
3051 0.127965 0.127965
3052 0.12195 0.12195
3053 0.115924 0.115924
3054 0.109886 0.109886
3055 0.103838 0.103838
3056 0.097781 0.097781
3057 0.0917143 0.0917143
3058 0.0856391 0.0856391
3059 0.0795557 0.0795557
3060 0.0734649 0.0734649
3061 0.0673671 0.0673671
3062 0.061263 0.061263
3063 0.0551532 0.0551532
3064 0.0490381 0.0490381
3065 0.0429185 0.0429185
3066 0.0367948 0.0367948
3067 0.0306676 0.0306676
3068 0.0245375 0.0245375
3069 0.0184052 0.0184052
3070 0.0122711 0.0122711
3071 0.00613583 0.00613583
3072 9.67797e-16 7.34788e-16
3073 -0.00613583 -0.00613583
3074 -0.0122711 -0.0122711
3075 -0.0184052 -0.0184052
3076 -0.0245375 -0.0245375
3077 -0.0306676 -0.0306676
3078 -0.0367948 -0.0367948
3079 -0.0429185 -0.0429185
3080 -0.0490381 -0.0490381
3081 -0.0551532 -0.0551532
3082 -0.061263 -0.061263
3083 -0.0673671 -0.0673671
3084 -0.0734649 -0.0734649
3085 -0.0795557 -0.0795557
3086 -0.0856391 -0.0856391
3087 -0.0917143 -0.0917143
3088 -0.097781 -0.097781
3089 -0.103838 -0.103838
3090 -0.109886 -0.109886
3091 -0.115924 -0.115924
3092 -0.12195 -0.12195
3093 -0.127965 -0.127965
3094 -0.133968 -0.133968
3095 -0.139958 -0.139958
3096 -0.145935 -0.145935
3097 -0.151899 -0.151899
3098 -0.157848 -0.157848
3099 -0.163782 -0.163782
3100 -0.169701 -0.169701
3101 -0.175604 -0.175604
3102 -0.18149 -0.18149
3103 -0.18736 -0.18736
3104 -0.193211 -0.193211
3105 -0.199045 -0.199045
3106 -0.20486 -0.20486
3107 -0.210655 -0.210655
3108 -0.216431 -0.216431
3109 -0.222187 -0.222187
3110 -0.227921 -0.227921
3111 -0.233634 -0.233634
3112 -0.239326 -0.239326
3113 -0.244994 -0.244994
3114 -0.25064 -0.25064
3115 -0.256262 -0.256262
3116 -0.26186 -0.26186
3117 -0.267433 -0.267433
3118 -0.272982 -0.272982
3119 -0.278504 -0.278504
3120 -0.284001 -0.284001
3121 -0.289471 -0.289471
3122 -0.294913 -0.294913
3123 -0.300328 -0.300328
3124 -0.305715 -0.305715
3125 -0.311073 -0.311073
3126 -0.316402 -0.316402
3127 -0.321701 -0.321701
3128 -0.32697 -0.32697
3129 -0.332209 -0.332209
3130 -0.337416 -0.337416
3131 -0.342591 -0.342591
3132 -0.347735 -0.347735
3133 -0.352845 -0.352845
3134 -0.357923 -0.357923
3135 -0.362967 -0.362967
3136 -0.367977 -0.367977
3137 -0.372953 -0.372953
3138 -0.377893 -0.377893
3139 -0.382799 -0.382799
3140 -0.387668 -0.387668
3141 -0.392501 -0.392501
3142 -0.397297 -0.397297
3143 -0.402056 -0.402056
3144 -0.406778 -0.406778
3145 -0.411461 -0.411461
3146 -0.416106 -0.416106
3147 -0.420712 -0.420712
3148 -0.425278 -0.425278
3149 -0.429805 -0.429805
3150 -0.434292 -0.434292
3151 -0.438738 -0.438738
3152 -0.443142 -0.443142
3153 -0.447506 -0.447506
3154 -0.451828 -0.451828
3155 -0.456107 -0.456107
3156 -0.460344 -0.460344
3157 -0.464538 -0.464538
3158 -0.468688 -0.468688
3159 -0.472795 -0.472795
3160 -0.476857 -0.476857
3161 -0.480875 -0.480875
3162 -0.484848 -0.484848
3163 -0.488776 -0.488776
3164 -0.492658 -0.492658
3165 -0.496495 -0.496495
3166 -0.500285 -0.500285
3167 -0.504028 -0.504028
3168 -0.507725 -0.507725
3169 -0.511374 -0.511374
3170 -0.514976 -0.514976
3171 -0.518529 -0.518529
3172 -0.522035 -0.522035
3173 -0.525491 -0.525491
3174 -0.528899 -0.528899
3175 -0.532258 -0.532258
3176 -0.535567 -0.535567
3177 -0.538827 -0.538827
3178 -0.542036 -0.542036
3179 -0.545195 -0.545195
3180 -0.548303 -0.548303
3181 -0.551361 -0.551361
3182 -0.554367 -0.554367
3183 -0.557322 -0.557322
3184 -0.560225 -0.560225
3185 -0.563076 -0.563076
3186 -0.565875 -0.565875
3187 -0.568622 -0.568622
3188 -0.571316 -0.571316
3189 -0.573957 -0.573957
3190 -0.576545 -0.576545
3191 -0.579079 -0.579079
3192 -0.58156 -0.58156
3193 -0.583988 -0.583988
3194 -0.586361 -0.586361
3195 -0.58868 -0.58868
3196 -0.590945 -0.590945
3197 -0.593155 -0.593155
3198 -0.59531 -0.59531
3199 -0.597411 -0.597411
3200 -0.599456 -0.599456
3201 -0.601446 -0.601446
3202 -0.603381 -0.603381
3203 -0.60526 -0.60526
3204 -0.607084 -0.607084
3205 -0.608852 -0.608852
3206 -0.610563 -0.610563
3207 -0.612219 -0.612219
3208 -0.613818 -0.613818
3209 -0.615361 -0.615361
3210 -0.616848 -0.616848
3211 -0.618278 -0.618278
3212 -0.619651 -0.619651
3213 -0.620968 -0.620968
3214 -0.622227 -0.622227
3215 -0.62343 -0.62343
3216 -0.624576 -0.624576
3217 -0.625665 -0.625665
3218 -0.626696 -0.626696
3219 -0.62767 -0.62767
3220 -0.628587 -0.628587
3221 -0.629447 -0.629447
3222 -0.630249 -0.630249
3223 -0.630994 -0.630994
3224 -0.631681 -0.631681
3225 -0.632311 -0.632311
3226 -0.632884 -0.632884
3227 -0.633399 -0.633399
3228 -0.633857 -0.633857
3229 -0.634257 -0.634257
3230 -0.634599 -0.634599
3231 -0.634884 -0.634884
3232 -0.635112 -0.635112
3233 -0.635282 -0.635282
3234 -0.635395 -0.635395
3235 -0.63545 -0.63545
3236 -0.635448 -0.635448
3237 -0.635389 -0.635389
3238 -0.635273 -0.635273
3239 -0.635099 -0.635099
3240 -0.634868 -0.634868
3241 -0.634581 -0.634581
3242 -0.634236 -0.634236
3243 -0.633834 -0.633834
3244 -0.633376 -0.633376
3245 -0.632861 -0.632861
3246 -0.632289 -0.632289
3247 -0.631661 -0.631661
3248 -0.630977 -0.630977
3249 -0.630236 -0.630236
3250 -0.629439 -0.629439
3251 -0.628587 -0.628587
3252 -0.627678 -0.627678
3253 -0.626714 -0.626714
3254 -0.625694 -0.625694
3255 -0.624618 -0.624618
3256 -0.623488 -0.623488
3257 -0.622302 -0.622302
3258 -0.621062 -0.621062
3259 -0.619766 -0.619766
3260 -0.618417 -0.618417
3261 -0.617013 -0.617013
3262 -0.615554 -0.615554
3263 -0.614042 -0.614042
3264 -0.612476 -0.612476
3265 -0.610856 -0.610856
3266 -0.609184 -0.609184
3267 -0.607458 -0.607458
3268 -0.605679 -0.605679
3269 -0.603848 -0.603848
3270 -0.601964 -0.601964
3271 -0.600028 -0.600028
3272 -0.59804 -0.59804
3273 -0.596001 -0.596001
3274 -0.59391 -0.59391
3275 -0.591768 -0.591768
3276 -0.589576 -0.589576
3277 -0.587333 -0.587333
3278 -0.585039 -0.585039
3279 -0.582696 -0.582696
3280 -0.580303 -0.580303
3281 -0.577861 -0.577861
3282 -0.575369 -0.575369
3283 -0.572829 -0.572829
3284 -0.570241 -0.570241
3285 -0.567605 -0.567605
3286 -0.56492 -0.56492
3287 -0.562189 -0.562189
3288 -0.55941 -0.55941
3289 -0.556585 -0.556585
3290 -0.553713 -0.553713
3291 -0.550795 -0.550795
3292 -0.547832 -0.547832
3293 -0.544823 -0.544823
3294 -0.54177 -0.54177
3295 -0.538672 -0.538672
3296 -0.535529 -0.535529
3297 -0.532343 -0.532343
3298 -0.529114 -0.529114
3299 -0.525842 -0.525842
3300 -0.522527 -0.522527
3301 -0.51917 -0.51917
3302 -0.515771 -0.515771
3303 -0.512331 -0.512331
3304 -0.50885 -0.50885
3305 -0.505328 -0.505328
3306 -0.501767 -0.501767
3307 -0.498166 -0.498166
3308 -0.494526 -0.494526
3309 -0.490847 -0.490847
3310 -0.487129 -0.487129
3311 -0.483374 -0.483374
3312 -0.479582 -0.479582
3313 -0.475752 -0.475752
3314 -0.471887 -0.471887
3315 -0.467985 -0.467985
3316 -0.464048 -0.464048
3317 -0.460076 -0.460076
3318 -0.456069 -0.456069
3319 -0.452028 -0.452028
3320 -0.447954 -0.447954
3321 -0.443847 -0.443847
3322 -0.439707 -0.439707
3323 -0.435535 -0.435535
3324 -0.431332 -0.431332
3325 -0.427097 -0.427097
3326 -0.422833 -0.422833
3327 -0.418538 -0.418538
3328 -0.414214 -0.414214
3329 -0.40986 -0.40986
3330 -0.405479 -0.405479
3331 -0.40107 -0.40107
3332 -0.396633 -0.396633
3333 -0.39217 -0.39217
3334 -0.38768 -0.38768
3335 -0.383165 -0.383165
3336 -0.378624 -0.378624
3337 -0.37406 -0.37406
3338 -0.369471 -0.369471
3339 -0.364858 -0.364858
3340 -0.360223 -0.360223
3341 -0.355566 -0.355566
3342 -0.350887 -0.350887
3343 -0.346187 -0.346187
3344 -0.341466 -0.341466
3345 -0.336725 -0.336725
3346 -0.331965 -0.331965
3347 -0.327186 -0.327186
3348 -0.322389 -0.322389
3349 -0.317574 -0.317574
3350 -0.312742 -0.312742
3351 -0.307894 -0.307894
3352 -0.30303 -0.30303
3353 -0.298151 -0.298151
3354 -0.293257 -0.293257
3355 -0.288349 -0.288349
3356 -0.283428 -0.283428
3357 -0.278494 -0.278494
3358 -0.273548 -0.273548
3359 -0.26859 -0.26859
3360 -0.263622 -0.263622
3361 -0.258643 -0.258643
3362 -0.253655 -0.253655
3363 -0.248657 -0.248657
3364 -0.243651 -0.243651
3365 -0.238638 -0.238638
3366 -0.233617 -0.233617
3367 -0.22859 -0.22859
3368 -0.223556 -0.223556
3369 -0.218518 -0.218518
3370 -0.213475 -0.213475
3371 -0.208428 -0.208428
3372 -0.203378 -0.203378
3373 -0.198325 -0.198325
3374 -0.19327 -0.19327
3375 -0.188214 -0.188214
3376 -0.183157 -0.183157
3377 -0.1781 -0.1781
3378 -0.173044 -0.173044
3379 -0.167988 -0.167988
3380 -0.162935 -0.162935
3381 -0.157884 -0.157884
3382 -0.152837 -0.152837
3383 -0.147793 -0.147793
3384 -0.142754 -0.142754
3385 -0.137719 -0.137719
3386 -0.132691 -0.132691
3387 -0.127669 -0.127669
3388 -0.122655 -0.122655
3389 -0.117648 -0.117648
3390 -0.112649 -0.112649
3391 -0.10766 -0.10766
3392 -0.10268 -0.10268
3393 -0.0977113 -0.0977113
3394 -0.0927532 -0.0927532
3395 -0.087807 -0.087807
3396 -0.0828731 -0.0828731
3397 -0.0779523 -0.0779523
3398 -0.0730452 -0.0730452
3399 -0.0681526 -0.0681526
3400 -0.0632749 -0.0632749
3401 -0.058413 -0.058413
3402 -0.0535675 -0.0535675
3403 -0.048739 -0.048739
3404 -0.0439282 -0.0439282
3405 -0.0391357 -0.0391357
3406 -0.0343623 -0.0343623
3407 -0.0296085 -0.0296085
3408 -0.024875 -0.024875
3409 -0.0201625 -0.0201625
3410 -0.0154716 -0.0154716
3411 -0.0108031 -0.0108031
3412 -0.0061574 -0.0061574
3413 -0.00153534 -0.00153534
3414 0.0030625 0.0030625
3415 0.00763544 0.00763544
3416 0.0121828 0.0121828
3417 0.0167041 0.0167041
3418 0.0211985 0.0211985
3419 0.0256654 0.0256654
3420 0.0301042 0.0301042
3421 0.0345143 0.0345143
3422 0.0388949 0.0388949
3423 0.0432455 0.0432455
3424 0.0475655 0.0475655
3425 0.0518541 0.0518541
3426 0.0561108 0.0561108
3427 0.060335 0.060335
3428 0.0645259 0.0645259
3429 0.068683 0.068683
3430 0.0728057 0.0728057
3431 0.0768932 0.0768932
3432 0.0809451 0.0809451
3433 0.0849607 0.0849607
3434 0.0889393 0.0889393
3435 0.0928804 0.0928804
3436 0.0967833 0.0967833
3437 0.100648 0.100648
3438 0.104472 0.104472
3439 0.108257 0.108257
3440 0.112001 0.112001
3441 0.115704 0.115704
3442 0.119366 0.119366
3443 0.122985 0.122985
3444 0.126561 0.126561
3445 0.130093 0.130093
3446 0.133581 0.133581
3447 0.137025 0.137025
3448 0.140423 0.140423
3449 0.143776 0.143776
3450 0.147082 0.147082
3451 0.15034 0.15034
3452 0.153552 0.153552
3453 0.156715 0.156715
3454 0.15983 0.15983
3455 0.162895 0.162895
3456 0.165911 0.165911
3457 0.168876 0.168876
3458 0.17179 0.17179
3459 0.174653 0.174653
3460 0.177464 0.177464
3461 0.180222 0.180222
3462 0.182928 0.182928
3463 0.18558 0.18558
3464 0.188177 0.188177
3465 0.190721 0.190721
3466 0.193209 0.193209
3467 0.195641 0.195641
3468 0.198018 0.198018
3469 0.200337 0.200337
3470 0.2026 0.2026
3471 0.204805 0.204805
3472 0.206952 0.206952
3473 0.20904 0.20904
3474 0.21107 0.21107
3475 0.213039 0.213039
3476 0.214949 0.214949
3477 0.216799 0.216799
3478 0.218587 0.218587
3479 0.220314 0.220314
3480 0.221979 0.221979
3481 0.223582 0.223582
3482 0.225123 0.225123
3483 0.2266 0.2266
3484 0.228013 0.228013
3485 0.229363 0.229363
3486 0.230648 0.230648
3487 0.231868 0.231868
3488 0.233023 0.233023
3489 0.234113 0.234113
3490 0.235136 0.235136
3491 0.236093 0.236093
3492 0.236983 0.236983
3493 0.237806 0.237806
3494 0.238561 0.238561
3495 0.239248 0.239248
3496 0.239867 0.239867
3497 0.240417 0.240417
3498 0.240899 0.240899
3499 0.24131 0.24131
3500 0.241653 0.241653
3501 0.241925 0.241925
3502 0.242126 0.242126
3503 0.242257 0.242257
3504 0.242317 0.242317
3505 0.242305 0.242305
3506 0.242222 0.242222
3507 0.242066 0.242066
3508 0.241839 0.241839
3509 0.241538 0.241538
3510 0.241165 0.241165
3511 0.240719 0.240719
3512 0.240199 0.240199
3513 0.239606 0.239606
3514 0.238939 0.238939
3515 0.238197 0.238197
3516 0.237381 0.237381
3517 0.23649 0.23649
3518 0.235525 0.235525
3519 0.234484 0.234484
3520 0.233368 0.233368
3521 0.232176 0.232176
3522 0.230908 0.230908
3523 0.229565 0.229565
3524 0.228145 0.228145
3525 0.226648 0.226648
3526 0.225076 0.225076
3527 0.223426 0.223426
3528 0.221699 0.221699
3529 0.219895 0.219895
3530 0.218014 0.218014
3531 0.216056 0.216056
3532 0.21402 0.21402
3533 0.211906 0.211906
3534 0.209715 0.209715
3535 0.207445 0.207445
3536 0.205097 0.205097
3537 0.202672 0.202672
3538 0.200168 0.200168
3539 0.197585 0.197585
3540 0.194924 0.194924
3541 0.192184 0.192184
3542 0.189366 0.189366
3543 0.186469 0.186469
3544 0.183493 0.183493
3545 0.180439 0.180439
3546 0.177305 0.177305
3547 0.174093 0.174093
3548 0.170802 0.170802
3549 0.167431 0.167431
3550 0.163982 0.163982
3551 0.160453 0.160453
3552 0.156846 0.156846
3553 0.153159 0.153159
3554 0.149394 0.149394
3555 0.145549 0.145549
3556 0.141626 0.141626
3557 0.137623 0.137623
3558 0.133542 0.133542
3559 0.129381 0.129381
3560 0.125142 0.125142
3561 0.120824 0.120824
3562 0.116427 0.116427
3563 0.111952 0.111952
3564 0.107398 0.107398
3565 0.102766 0.102766
3566 0.0980547 0.0980547
3567 0.0932656 0.0932656
3568 0.0883982 0.0883982
3569 0.0834527 0.0834527
3570 0.0784293 0.0784293
3571 0.0733281 0.0733281
3572 0.0681491 0.0681491
3573 0.0628926 0.0628926
3574 0.0575587 0.0575587
3575 0.0521476 0.0521476
3576 0.0466593 0.0466593
3577 0.0410941 0.0410941
3578 0.0354522 0.0354522
3579 0.0297337 0.0297337
3580 0.0239389 0.0239389
3581 0.0180679 0.0180679
3582 0.0121209 0.0121209
3583 0.00609824 0.00609824
3584 1.12158e-15 8.88178e-16
3585 -0.00617353 -0.00617353
3586 -0.0124221 -0.0124221
3587 -0.0187456 -0.0187456
3588 -0.0251435 -0.0251435
3589 -0.0316159 -0.0316159
3590 -0.0381622 -0.0381622
3591 -0.0447824 -0.0447824
3592 -0.051476 -0.051476
3593 -0.0582429 -0.0582429
3594 -0.0650827 -0.0650827
3595 -0.0719952 -0.0719952
3596 -0.07898 -0.07898
3597 -0.0860368 -0.0860368
3598 -0.0931653 -0.0931653
3599 -0.100365 -0.100365
3600 -0.107636 -0.107636
3601 -0.114978 -0.114978
3602 -0.12239 -0.12239
3603 -0.129872 -0.129872
3604 -0.137423 -0.137423
3605 -0.145044 -0.145044
3606 -0.152734 -0.152734
3607 -0.160492 -0.160492
3608 -0.168319 -0.168319
3609 -0.176213 -0.176213
3610 -0.184175 -0.184175
3611 -0.192203 -0.192203
3612 -0.200298 -0.200298
3613 -0.208459 -0.208459
3614 -0.216686 -0.216686
3615 -0.224978 -0.224978
3616 -0.233335 -0.233335
3617 -0.241756 -0.241756
3618 -0.250241 -0.250241
3619 -0.258789 -0.258789
3620 -0.267401 -0.267401
3621 -0.276075 -0.276075
3622 -0.284811 -0.284811
3623 -0.293608 -0.293608
3624 -0.302467 -0.302467
3625 -0.311386 -0.311386
3626 -0.320365 -0.320365
3627 -0.329404 -0.329404
3628 -0.338502 -0.338502
3629 -0.347658 -0.347658
3630 -0.356872 -0.356872
3631 -0.366143 -0.366143
3632 -0.375472 -0.375472
3633 -0.384857 -0.384857
3634 -0.394297 -0.394297
3635 -0.403793 -0.403793
3636 -0.413344 -0.413344
3637 -0.422948 -0.422948
3638 -0.432606 -0.432606
3639 -0.442317 -0.442317
3640 -0.452081 -0.452081
3641 -0.461896 -0.461896
3642 -0.471762 -0.471762
3643 -0.481679 -0.481679
3644 -0.491645 -0.491645
3645 -0.501661 -0.501661
3646 -0.511726 -0.511726
3647 -0.521839 -0.521839
3648 -0.531999 -0.531999
3649 -0.542206 -0.542206
3650 -0.552459 -0.552459
3651 -0.562758 -0.562758
3652 -0.573101 -0.573101
3653 -0.583489 -0.583489
3654 -0.59392 -0.59392
3655 -0.604395 -0.604395
3656 -0.614911 -0.614911
3657 -0.625469 -0.625469
3658 -0.636067 -0.636067
3659 -0.646706 -0.646706
3660 -0.657384 -0.657384
3661 -0.668101 -0.668101
3662 -0.678856 -0.678856
3663 -0.689648 -0.689648
3664 -0.700477 -0.700477
3665 -0.711342 -0.711342
3666 -0.722241 -0.722241
3667 -0.733176 -0.733176
3668 -0.744144 -0.744144
3669 -0.755145 -0.755145
3670 -0.766178 -0.766178
3671 -0.777243 -0.777243
3672 -0.788338 -0.788338
3673 -0.799464 -0.799464
3674 -0.810618 -0.810618
3675 -0.821802 -0.821802
3676 -0.833012 -0.833012
3677 -0.84425 -0.84425
3678 -0.855514 -0.855514
3679 -0.866803 -0.866803
3680 -0.878117 -0.878117
3681 -0.889455 -0.889455
3682 -0.900816 -0.900816
3683 -0.912199 -0.912199
3684 -0.923603 -0.923603
3685 -0.935028 -0.935028
3686 -0.946473 -0.946473
3687 -0.957937 -0.957937
3688 -0.969419 -0.969419
3689 -0.980919 -0.980919
3690 -0.992435 -0.992435
3691 -1.00397 -1.00397
3692 -1.01551 -1.01551
3693 -1.02707 -1.02707
3694 -1.03865 -1.03865
3695 -1.05024 -1.05024
3696 -1.06183 -1.06183
3697 -1.07344 -1.07344
3698 -1.08506 -1.08506
3699 -1.09669 -1.09669
3700 -1.10833 -1.10833
3701 -1.11997 -1.11997
3702 -1.13162 -1.13162
3703 -1.14328 -1.14328
3704 -1.15494 -1.15494
3705 -1.16661 -1.16661
3706 -1.17827 -1.17827
3707 -1.18994 -1.18994
3708 -1.20162 -1.20162
3709 -1.21329 -1.21329
3710 -1.22496 -1.22496
3711 -1.23663 -1.23663
3712 -1.2483 -1.2483
3713 -1.25997 -1.25997
3714 -1.27163 -1.27163
3715 -1.28329 -1.28329
3716 -1.29494 -1.29494
3717 -1.30659 -1.30659
3718 -1.31823 -1.31823
3719 -1.32986 -1.32986
3720 -1.34148 -1.34148
3721 -1.35309 -1.35309
3722 -1.36469 -1.36469
3723 -1.37628 -1.37628
3724 -1.38786 -1.38786
3725 -1.39942 -1.39942
3726 -1.41097 -1.41097
3727 -1.4225 -1.4225
3728 -1.43402 -1.43402
3729 -1.44552 -1.44552
3730 -1.457 -1.457
3731 -1.46847 -1.46847
3732 -1.47991 -1.47991
3733 -1.49133 -1.49133
3734 -1.50273 -1.50273
3735 -1.51411 -1.51411
3736 -1.52547 -1.52547
3737 -1.5368 -1.5368
3738 -1.54811 -1.54811
3739 -1.55939 -1.55939
3740 -1.57064 -1.57064
3741 -1.58187 -1.58187
3742 -1.59307 -1.59307
3743 -1.60424 -1.60424
3744 -1.61537 -1.61537
3745 -1.62648 -1.62648
3746 -1.63755 -1.63755
3747 -1.6486 -1.6486
3748 -1.6596 -1.6596
3749 -1.67058 -1.67058
3750 -1.68151 -1.68151
3751 -1.69241 -1.69241
3752 -1.70327 -1.70327
3753 -1.7141 -1.7141
3754 -1.72488 -1.72488
3755 -1.73563 -1.73563
3756 -1.74633 -1.74633
3757 -1.75699 -1.75699
3758 -1.76761 -1.76761
3759 -1.77819 -1.77819
3760 -1.78872 -1.78872
3761 -1.7992 -1.7992
3762 -1.80964 -1.80964
3763 -1.82003 -1.82003
3764 -1.83038 -1.83038
3765 -1.84067 -1.84067
3766 -1.85092 -1.85092
3767 -1.86111 -1.86111
3768 -1.87125 -1.87125
3769 -1.88134 -1.88134
3770 -1.89138 -1.89138
3771 -1.90136 -1.90136
3772 -1.91129 -1.91129
3773 -1.92117 -1.92117
3774 -1.93098 -1.93098
3775 -1.94074 -1.94074
3776 -1.95044 -1.95044
3777 -1.96008 -1.96008
3778 -1.96966 -1.96966
3779 -1.97918 -1.97918
3780 -1.98864 -1.98864
3781 -1.99804 -1.99804
3782 -2.00737 -2.00737
3783 -2.01664 -2.01664
3784 -2.02584 -2.02584
3785 -2.03498 -2.03498
3786 -2.04405 -2.04405
3787 -2.05306 -2.05306
3788 -2.06199 -2.06199
3789 -2.07086 -2.07086
3790 -2.07966 -2.07966
3791 -2.08838 -2.08838
3792 -2.09704 -2.09704
3793 -2.10562 -2.10562
3794 -2.11413 -2.11413
3795 -2.12257 -2.12257
3796 -2.13093 -2.13093
3797 -2.13922 -2.13922
3798 -2.14743 -2.14743
3799 -2.15556 -2.15556
3800 -2.16362 -2.16362
3801 -2.1716 -2.1716
3802 -2.1795 -2.1795
3803 -2.18732 -2.18732
3804 -2.19506 -2.19506
3805 -2.20271 -2.20271
3806 -2.21029 -2.21029
3807 -2.21778 -2.21778
3808 -2.22519 -2.22519
3809 -2.23252 -2.23252
3810 -2.23976 -2.23976
3811 -2.24691 -2.24691
3812 -2.25398 -2.25398
3813 -2.26097 -2.26097
3814 -2.26786 -2.26786
3815 -2.27467 -2.27467
3816 -2.28138 -2.28138
3817 -2.28801 -2.28801
3818 -2.29455 -2.29455
3819 -2.30099 -2.30099
3820 -2.30735 -2.30735
3821 -2.31361 -2.31361
3822 -2.31978 -2.31978
3823 -2.32585 -2.32585
3824 -2.33184 -2.33184
3825 -2.33772 -2.33772
3826 -2.34351 -2.34351
3827 -2.34921 -2.34921
3828 -2.3548 -2.3548
3829 -2.3603 -2.3603
3830 -2.36571 -2.36571
3831 -2.37101 -2.37101
3832 -2.37622 -2.37622
3833 -2.38132 -2.38132
3834 -2.38632 -2.38632
3835 -2.39123 -2.39123
3836 -2.39603 -2.39603
3837 -2.40073 -2.40073
3838 -2.40533 -2.40533
3839 -2.40982 -2.40982
3840 -2.41421 -2.41421
3841 -2.4185 -2.4185
3842 -2.42268 -2.42268
3843 -2.42676 -2.42676
3844 -2.43073 -2.43073
3845 -2.43459 -2.43459
3846 -2.43835 -2.43835
3847 -2.442 -2.442
3848 -2.44554 -2.44554
3849 -2.44898 -2.44898
3850 -2.45231 -2.45231
3851 -2.45552 -2.45552
3852 -2.45863 -2.45863
3853 -2.46163 -2.46163
3854 -2.46451 -2.46451
3855 -2.46729 -2.46729
3856 -2.46995 -2.46995
3857 -2.4725 -2.4725
3858 -2.47494 -2.47494
3859 -2.47727 -2.47727
3860 -2.47948 -2.47948
3861 -2.48159 -2.48159
3862 -2.48357 -2.48357
3863 -2.48544 -2.48544
3864 -2.4872 -2.4872
3865 -2.48885 -2.48885
3866 -2.49037 -2.49037
3867 -2.49179 -2.49179
3868 -2.49308 -2.49308
3869 -2.49426 -2.49426
3870 -2.49532 -2.49532
3871 -2.49627 -2.49627
3872 -2.4971 -2.4971
3873 -2.49781 -2.49781
3874 -2.4984 -2.4984
3875 -2.49888 -2.49888
3876 -2.49924 -2.49924
3877 -2.49947 -2.49947
3878 -2.49959 -2.49959
3879 -2.49959 -2.49959
3880 -2.49947 -2.49947
3881 -2.49923 -2.49923
3882 -2.49887 -2.49887
3883 -2.49839 -2.49839
3884 -2.49779 -2.49779
3885 -2.49707 -2.49707
3886 -2.49623 -2.49623
3887 -2.49527 -2.49527
3888 -2.49418 -2.49418
3889 -2.49298 -2.49298
3890 -2.49165 -2.49165
3891 -2.4902 -2.4902
3892 -2.48863 -2.48863
3893 -2.48694 -2.48694
3894 -2.48512 -2.48512
3895 -2.48319 -2.48319
3896 -2.48113 -2.48113
3897 -2.47895 -2.47895
3898 -2.47664 -2.47664
3899 -2.47421 -2.47421
3900 -2.47166 -2.47166
3901 -2.46899 -2.46899
3902 -2.4662 -2.4662
3903 -2.46328 -2.46328
3904 -2.46024 -2.46024
3905 -2.45707 -2.45707
3906 -2.45378 -2.45378
3907 -2.45037 -2.45037
3908 -2.44684 -2.44684
3909 -2.44318 -2.44318
3910 -2.4394 -2.4394
3911 -2.43549 -2.43549
3912 -2.43147 -2.43147
3913 -2.42732 -2.42732
3914 -2.42304 -2.42304
3915 -2.41865 -2.41865
3916 -2.41413 -2.41413
3917 -2.40948 -2.40948
3918 -2.40472 -2.40472
3919 -2.39983 -2.39983
3920 -2.39482 -2.39482
3921 -2.38969 -2.38969
3922 -2.38443 -2.38443
3923 -2.37905 -2.37905
3924 -2.37355 -2.37355
3925 -2.36793 -2.36793
3926 -2.36218 -2.36218
3927 -2.35631 -2.35631
3928 -2.35033 -2.35033
3929 -2.34422 -2.34422
3930 -2.33798 -2.33798
3931 -2.33163 -2.33163
3932 -2.32516 -2.32516
3933 -2.31856 -2.31856
3934 -2.31184 -2.31184
3935 -2.30501 -2.30501
3936 -2.29805 -2.29805
3937 -2.29097 -2.29097
3938 -2.28378 -2.28378
3939 -2.27646 -2.27646
3940 -2.26903 -2.26903
3941 -2.26147 -2.26147
3942 -2.2538 -2.2538
3943 -2.24601 -2.24601
3944 -2.2381 -2.2381
3945 -2.23007 -2.23007
3946 -2.22192 -2.22192
3947 -2.21366 -2.21366
3948 -2.20528 -2.20528
3949 -2.19678 -2.19678
3950 -2.18817 -2.18817
3951 -2.17944 -2.17944
3952 -2.1706 -2.1706
3953 -2.16164 -2.16164
3954 -2.15256 -2.15256
3955 -2.14337 -2.14337
3956 -2.13407 -2.13407
3957 -2.12465 -2.12465
3958 -2.11512 -2.11512
3959 -2.10548 -2.10548
3960 -2.09572 -2.09572
3961 -2.08585 -2.08585
3962 -2.07587 -2.07587
3963 -2.06578 -2.06578
3964 -2.05558 -2.05558
3965 -2.04527 -2.04527
3966 -2.03484 -2.03484
3967 -2.02431 -2.02431
3968 -2.01367 -2.01367
3969 -2.00292 -2.00292
3970 -1.99206 -1.99206
3971 -1.9811 -1.9811
3972 -1.97003 -1.97003
3973 -1.95885 -1.95885
3974 -1.94756 -1.94756
3975 -1.93617 -1.93617
3976 -1.92468 -1.92468
3977 -1.91308 -1.91308
3978 -1.90138 -1.90138
3979 -1.88957 -1.88957
3980 -1.87766 -1.87766
3981 -1.86565 -1.86565
3982 -1.85354 -1.85354
3983 -1.84133 -1.84133
3984 -1.82901 -1.82901
3985 -1.8166 -1.8166
3986 -1.80409 -1.80409
3987 -1.79148 -1.79148
3988 -1.77877 -1.77877
3989 -1.76596 -1.76596
3990 -1.75306 -1.75306
3991 -1.74006 -1.74006
3992 -1.72697 -1.72697
3993 -1.71378 -1.71378
3994 -1.7005 -1.7005
3995 -1.68712 -1.68712
3996 -1.67365 -1.67365
3997 -1.66009 -1.66009
3998 -1.64644 -1.64644
3999 -1.6327 -1.6327
4000 -1.61887 -1.61887
4001 -1.60494 -1.60494
4002 -1.59093 -1.59093
4003 -1.57684 -1.57684
4004 -1.56265 -1.56265
4005 -1.54838 -1.54838
4006 -1.53403 -1.53403
4007 -1.51959 -1.51959
4008 -1.50506 -1.50506
4009 -1.49045 -1.49045
4010 -1.47576 -1.47576
4011 -1.46099 -1.46099
4012 -1.44614 -1.44614
4013 -1.43121 -1.43121
4014 -1.4162 -1.4162
4015 -1.4011 -1.4011
4016 -1.38594 -1.38594
4017 -1.37069 -1.37069
4018 -1.35537 -1.35537
4019 -1.33997 -1.33997
4020 -1.3245 -1.3245
4021 -1.30896 -1.30896
4022 -1.29334 -1.29334
4023 -1.27765 -1.27765
4024 -1.26189 -1.26189
4025 -1.24606 -1.24606
4026 -1.23016 -1.23016
4027 -1.21419 -1.21419
4028 -1.19815 -1.19815
4029 -1.18205 -1.18205
4030 -1.16588 -1.16588
4031 -1.14964 -1.14964
4032 -1.13334 -1.13334
4033 -1.11698 -1.11698
4034 -1.10056 -1.10056
4035 -1.08407 -1.08407
4036 -1.06752 -1.06752
4037 -1.05092 -1.05092
4038 -1.03425 -1.03425
4039 -1.01753 -1.01753
4040 -1.00075 -1.00075
4041 -0.983914 -0.983914
4042 -0.967023 -0.967023
4043 -0.950077 -0.950077
4044 -0.933079 -0.933079
4045 -0.916028 -0.916028
4046 -0.898925 -0.898925
4047 -0.881773 -0.881773
4048 -0.86457 -0.86457
4049 -0.847319 -0.847319
4050 -0.830021 -0.830021
4051 -0.812676 -0.812676
4052 -0.795286 -0.795286
4053 -0.77785 -0.77785
4054 -0.760371 -0.760371
4055 -0.742849 -0.742849
4056 -0.725286 -0.725286
4057 -0.707682 -0.707682
4058 -0.690037 -0.690037
4059 -0.672355 -0.672355
4060 -0.654634 -0.654634
4061 -0.636876 -0.636876
4062 -0.619083 -0.619083
4063 -0.601254 -0.601254
4064 -0.583392 -0.583392
4065 -0.565497 -0.565497
4066 -0.54757 -0.54757
4067 -0.529612 -0.529612
4068 -0.511625 -0.511625
4069 -0.493608 -0.493608
4070 -0.475564 -0.475564
4071 -0.457493 -0.457493
4072 -0.439396 -0.439396
4073 -0.421275 -0.421275
4074 -0.403129 -0.403129
4075 -0.384961 -0.384961
4076 -0.366771 -0.366771
4077 -0.348561 -0.348561
4078 -0.330331 -0.330331
4079 -0.312082 -0.312082
4080 -0.293815 -0.293815
4081 -0.275532 -0.275532
4082 -0.257234 -0.257234
4083 -0.238921 -0.238921
4084 -0.220594 -0.220594
4085 -0.202255 -0.202255
4086 -0.183904 -0.183904
4087 -0.165544 -0.165544
4088 -0.147173 -0.147173
4089 -0.128795 -0.128795
4090 -0.110409 -0.110409
4091 -0.0920172 -0.0920172
4092 -0.07362 -0.07362
4093 -0.0552186 -0.0552186
4094 -0.0368142 -0.0368142
4095 -0.0184076 -0.0184076
