0 -0.00432943 0.233622
1 0.0140122 0.91919
2 0.0323544 -0.775388
3 0.050696 0.00418452
4 0.0690361 0.606451
5 0.0873736 0.64064
6 0.105707 0.841139
7 0.124037 -0.132093
8 0.14236 0.178583
9 0.160677 0.455575
10 0.178986 0.336055
11 0.197286 0.844016
12 0.215577 -0.123159
13 0.233856 -0.723114
14 0.252124 -0.571524
15 0.270379 1.25941
16 0.28862 0.252565
17 0.306845 -0.486679
18 0.325055 1.15982
19 0.343248 1.14831
20 0.361423 1.18105
21 0.379579 -0.479144
22 0.397714 -0.467931
23 0.415829 -0.0123998
24 0.433921 -0.479804
25 0.45199 1.039
26 0.470035 0.967862
27 0.488055 0.552214
28 0.506049 1.38144
29 0.524015 0.973379
30 0.541953 0.0763571
31 0.559862 0.668934
32 0.577741 0.927941
33 0.595588 0.317839
34 0.613404 -0.328514
35 0.631186 0.514256
36 0.648934 -0.0801584
37 0.666646 1.45549
38 0.684323 1.30653
39 0.701962 1.0043
40 0.719563 0.79845
41 0.737125 0.511492
42 0.754647 0.698749
43 0.772127 1.50726
44 0.789566 0.601894
45 0.806961 0.922296
46 0.824313 1.54331
47 0.841619 1.61268
48 0.85888 1.17543
49 0.876093 1.42454
50 0.893259 1.46403
51 0.910376 1.04117
52 0.927443 1.61174
53 0.94446 1.64412
54 0.961424 1.65849
55 0.978337 1.74338
56 0.995195 1.27631
57 1.012 1.2013
58 1.02875 0.852323
59 1.04544 1.19629
60 1.06208 0.695057
61 1.07865 1.43093
62 1.09517 0.349365
63 1.11163 2.08906
64 1.12803 0.196786
65 1.14436 0.450854
66 1.16064 1.01534
67 1.17684 0.510697
68 1.19299 0.282494
69 1.20907 0.680141
70 1.22508 1.85542
71 1.24103 1.40356
72 1.25691 1.49648
73 1.27272 0.841294
74 1.28846 1.18026
75 1.30413 0.350161
76 1.31973 1.99777
77 1.33525 0.940176
78 1.35071 2.16193
79 1.36609 1.35482
80 1.38139 0.528909
81 1.39662 1.77277
82 1.41177 0.525463
83 1.42685 2.25285
84 1.44185 1.51185
85 1.45677 2.26173
86 1.47161 2.05687
87 1.48637 0.831724
88 1.50105 1.48956
89 1.51564 0.918759
90 1.53016 2.02067
91 1.54459 2.16042
92 1.55894 2.30868
93 1.5732 2.31229
94 1.58738 2.17505
95 1.60147 2.41442
96 1.61547 0.655524
97 1.62939 1.06627
98 1.64321 0.78456
99 1.65695 0.781093
100 1.6706 1.57318
101 1.68416 2.45051
102 1.69762 1.97901
103 1.711 0.847904
104 1.72428 1.054
105 1.73747 0.905489
106 1.75056 0.928389
107 1.76356 0.766258
108 1.77646 1.5444
109 1.78927 2.77337
110 1.80198 1.78851
111 1.8146 1.72521
112 1.82711 2.18258
113 1.83953 1.93501
114 1.85185 1.58378
115 1.86407 1.28493
116 1.87619 1.77209
117 1.88821 1.20092
118 1.90012 1.66192
119 1.91194 2.79201
120 1.92365 1.6352
121 1.93526 1.18336
122 1.94676 2.43852
123 1.95816 1.4154
124 1.96946 2.95266
125 1.98065 2.05617
126 1.99173 1.25808
127 2.00271 1.02221
128 2.01358 2.52232
129 2.02434 1.42845
130 2.035 1.17514
131 2.04554 1.45345
132 2.05598 1.2231
133 2.06631 2.48459
134 2.07653 1.61818
135 2.08664 1.58041
136 2.09663 2.67996
137 2.10652 1.82312
138 2.1163 1.60998
139 2.12596 1.47452
140 2.13551 1.8336
141 2.14495 2.62265
142 2.15427 2.41104
143 2.16348 1.21474
144 2.17258 1.74356
145 2.18156 3.16816
146 2.19042 1.66055
147 2.19918 2.66417
148 2.20781 1.50535
149 2.21633 2.44659
150 2.22474 2.56824
151 2.23302 2.24066
152 2.24119 2.71821
153 2.24925 2.08329
154 2.25718 2.72093
155 2.265 2.72422
156 2.2727 3.18138
157 2.28028 3.00962
158 2.28775 2.76582
159 2.29509 2.71198
160 2.30231 1.43534
161 2.30942 2.92735
162 2.3164 3.14104
163 2.32327 1.62338
164 2.33002 2.3663
165 2.33664 1.70313
166 2.34315 2.13736
167 2.34953 1.9696
168 2.35579 2.43947
169 2.36194 2.65055
170 2.36796 2.33744
171 2.37386 3.15661
172 2.37963 2.14706
173 2.38529 1.61278
174 2.39082 3.22621
175 2.39623 2.73616
176 2.40152 1.61727
177 2.40669 1.71399
178 2.41174 2.21858
179 2.41666 1.932
180 2.42146 2.96121
181 2.42614 1.57883
182 2.43069 2.95615
183 2.43513 2.45451
184 2.43943 2.42893
185 2.44362 2.43574
186 2.44768 1.92934
187 2.45162 2.353
188 2.45544 2.18023
189 2.45914 3.42236
190 2.46271 1.78461
191 2.46616 2.32776
192 2.46948 3.05456
193 2.47269 1.6233
194 2.47577 2.64171
195 2.47872 2.10447
196 2.48156 2.00319
197 2.48427 3.4491
198 2.48686 2.7375
199 2.48932 3.09962
200 2.49167 2.75025
201 2.49389 1.7193
202 2.49599 2.89448
203 2.49796 1.52957
204 2.49982 1.95847
205 2.50155 2.74133
206 2.50316 2.88076
207 2.50465 2.18527
208 2.50601 3.05947
209 2.50726 1.69824
210 2.50838 2.71104
211 2.50938 2.60944
212 2.51027 1.86095
213 2.51103 2.24631
214 2.51167 1.63844
215 2.51219 2.85985
216 2.51259 3.24764
217 2.51287 2.1291
218 2.51303 1.77003
219 2.51307 1.98104
220 2.51299 2.10073
221 2.51279 2.10015
222 2.51248 2.85066
223 2.51204 1.69363
224 2.51149 2.2584
225 2.51082 2.02403
226 2.51003 2.32662
227 2.50912 2.78709
228 2.5081 1.99573
229 2.50696 1.58394
230 2.5057 2.40387
231 2.50433 3.26062
232 2.50284 1.81547
233 2.50124 1.80829
234 2.49952 3.29798
235 2.49769 2.27969
236 2.49574 3.05347
237 2.49368 2.68078
238 2.4915 2.96534
239 2.48921 2.61177
240 2.48681 2.87644
241 2.4843 2.1725
242 2.48167 1.71615
243 2.47894 3.23127
244 2.47609 2.91176
245 2.47313 1.84673
246 2.47006 2.58257
247 2.46688 2.65027
248 2.46359 2.46626
249 2.4602 2.84271
250 2.45669 3.12121
251 2.45308 3.05681
252 2.44936 1.43271
253 2.44553 2.46187
254 2.44159 3.24072
255 2.43755 2.18178
256 2.43341 2.97708
257 2.42915 2.05915
258 2.4248 1.46143
259 2.42034 1.46625
260 2.41578 2.13751
261 2.41111 2.36083
262 2.40634 3.22362
263 2.40147 2.45107
264 2.3965 2.66866
265 2.39143 3.02271
266 2.38626 3.23356
267 2.38099 2.22673
268 2.37562 2.21002
269 2.37015 2.70745
270 2.36458 1.34921
271 2.35892 1.59942
272 2.35316 1.39529
273 2.3473 1.58319
274 2.34135 1.35112
275 2.33531 2.8302
276 2.32917 1.95589
277 2.32293 2.4626
278 2.31661 2.01243
279 2.31019 2.95727
280 2.30368 1.8437
281 2.29708 1.6754
282 2.29039 2.55933
283 2.28361 1.82526
284 2.27674 2.68983
285 2.26978 2.35642
286 2.26274 2.56733
287 2.25561 2.23123
288 2.24839 2.98403
289 2.24109 2.60145
290 2.2337 2.27453
291 2.22623 1.70303
292 2.21868 1.54832
293 2.21104 2.08885
294 2.20333 2.74956
295 2.19553 2.81731
296 2.18765 1.71685
297 2.17969 2.59347
298 2.17165 1.65957
299 2.16354 2.54766
300 2.15535 1.92709
301 2.14708 1.64041
302 2.13873 2.78428
303 2.13031 1.96523
304 2.12182 1.87222
305 2.11325 2.78987
306 2.10461 1.45585
307 2.0959 2.49459
308 2.08711 1.92509
309 2.07826 2.14713
310 2.06934 2.13704
311 2.06034 2.46039
312 2.05129 2.52066
313 2.04216 1.4011
314 2.03296 2.99707
315 2.02371 1.92869
316 2.01438 2.48261
317 2.005 2.29646
318 1.99554 2.89903
319 1.98603 2.21289
320 1.97646 1.65138
321 1.96682 1.93435
322 1.95713 2.68411
323 1.94738 1.97537
324 1.93756 2.80643
325 1.92769 2.22455
326 1.91777 1.5913
327 1.90779 1.32972
328 1.89775 1.63235
329 1.88766 2.07317
330 1.87752 2.70774
331 1.86733 2.39793
332 1.85708 2.56028
333 1.84679 2.347
334 1.83644 1.22651
335 1.82604 1.30429
336 1.8156 2.01718
337 1.80511 1.57126
338 1.79458 2.69643
339 1.784 0.848551
340 1.77337 2.63348
341 1.7627 1.75743
342 1.75199 2.24185
343 1.74124 2.09606
344 1.73044 2.10954
345 1.71961 2.19909
346 1.70874 0.994131
347 1.69783 1.57082
348 1.68688 1.48355
349 1.67589 0.890587
350 1.66487 0.790603
351 1.65382 2.15137
352 1.64273 1.85097
353 1.63161 2.51041
354 1.62045 1.17217
355 1.60927 1.71261
356 1.59805 1.80001
357 1.58681 1.83841
358 1.57553 2.12723
359 1.56423 2.52727
360 1.5529 1.01655
361 1.54155 1.95005
362 1.53017 2.05046
363 1.51877 0.712319
364 1.50734 1.44282
365 1.49589 2.43306
366 1.48443 1.18307
367 1.47294 0.636886
368 1.46143 1.19168
369 1.4499 1.07739
370 1.43835 0.693893
371 1.42679 1.04423
372 1.41521 2.06455
373 1.40362 2.17617
374 1.39201 0.391466
375 1.38039 1.43605
376 1.36875 1.64805
377 1.35711 0.66925
378 1.34545 2.30143
379 1.33379 0.437108
380 1.32211 0.876326
381 1.31043 0.41954
382 1.29874 1.92704
383 1.28704 2.07695
384 1.27534 0.290728
385 1.26363 0.471144
386 1.25192 1.17269
387 1.24021 1.48508
388 1.2285 1.71515
389 1.21678 0.716786
390 1.20507 1.44053
391 1.19335 0.171217
392 1.18164 2.11772
393 1.16992 0.95326
394 1.15822 0.35722
395 1.14651 1.04566
396 1.13481 0.882904
397 1.12312 1.04836
398 1.11143 1.20212
399 1.09975 1.60568
400 1.08808 1.66839
401 1.07642 1.45021
402 1.06477 0.215703
403 1.05313 1.31032
404 1.0415 1.21539
405 1.02988 0.207794
406 1.01828 0.358642
407 1.00669 0.487361
408 0.995116 0.512639
409 0.983558 0.307345
410 0.972016 0.583436
411 0.960492 1.05963
412 0.948986 0.409261
413 0.9375 0.204573
414 0.926033 0.842403
415 0.914587 0.417538
416 0.903162 0.405001
417 0.89176 1.75612
418 0.88038 1.65539
419 0.869025 -0.115336
420 0.857694 0.249166
421 0.846388 0.883931
422 0.835109 -0.144357
423 0.823857 0.178398
424 0.812632 1.66045
425 0.801436 0.0478645
426 0.790269 1.0708
427 0.779133 0.40183
428 0.768026 0.966435
429 0.756952 0.154851
430 0.74591 -0.0988324
431 0.7349 0.540188
432 0.723925 1.52213
433 0.712984 0.0456274
434 0.702078 -0.209051
435 0.691208 0.689625
436 0.680374 0.217191
437 0.669578 0.125006
438 0.65882 1.16403
439 0.6481 0.728495
440 0.637421 0.442619
441 0.626781 -0.230677
442 0.616182 -0.178449
443 0.605624 0.896855
444 0.595109 0.030404
445 0.584636 0.731976
446 0.574208 1.39391
447 0.563823 0.526393
448 0.553483 0.59053
449 0.543188 1.16316
450 0.53294 0.536326
451 0.522739 0.976346
452 0.512584 0.195096
453 0.502478 0.551303
454 0.492421 1.32538
455 0.482413 0.037456
456 0.472455 0.792327
457 0.462547 0.600557
458 0.452691 0.654852
459 0.442886 -0.0145145
460 0.433133 0.993258
461 0.423434 0.804965
462 0.413788 0.785681
463 0.404196 0.786423
464 0.394658 1.13262
465 0.385176 0.869621
466 0.37575 -0.220038
467 0.366379 -0.335384
468 0.357066 1.32028
469 0.34781 1.28046
470 0.338612 0.74035
471 0.329473 0.120872
472 0.320392 -0.581548
473 0.311371 0.941224
474 0.30241 -0.592338
475 0.293509 -0.150637
476 0.28467 0.0842343
477 0.275892 1.22309
478 0.267176 0.807716
479 0.258522 1.11712
480 0.249931 0.838956
481 0.241404 -0.192947
482 0.23294 0.566735
483 0.224541 -0.482468
484 0.216207 0.851998
485 0.207938 0.39587
486 0.199734 0.0688076
487 0.191596 0.168159
488 0.183525 -0.469774
489 0.175521 -0.732629
490 0.167584 0.707217
491 0.159715 1.08687
492 0.151914 0.645474
493 0.144181 0.075739
494 0.136517 0.465777
495 0.128922 0.380179
496 0.121397 -0.443019
497 0.113942 0.866844
498 0.106557 0.675325
499 0.099243 -0.482841
500 0.0919997 0.796515
501 0.0848278 0.0741392
502 0.0777276 0.305691
503 0.0706992 0.891764
504 0.0637432 -0.298765
505 0.0568597 0.408242
506 0.0500491 -0.555029
507 0.0433116 0.498208
508 0.0366476 0.352903
509 0.0300574 0.983029
510 0.0235411 0.354379
511 0.017099 -0.060445
512 0.0107315 -0.453642
513 0.00443868 -0.314093
514 -0.00177911 0.230333
515 -0.00792167 -0.82001
516 -0.0139888 0.871734
517 -0.0199802 -0.902647
518 -0.0258957 0.154552
519 -0.0317352 -0.783514
520 -0.0374983 -0.812693
521 -0.0431849 -0.30766
522 -0.0487949 -0.858158
523 -0.054328 0.679124
524 -0.0597842 0.622205
525 -0.0651631 0.46946
526 -0.0704647 -0.0712112
527 -0.0756888 -0.943754
528 -0.0808352 0.220869
529 -0.0859039 -0.503888
530 -0.0908947 -0.527233
531 -0.0958075 -0.0759634
532 -0.100642 0.484124
533 -0.105399 0.699478
534 -0.110077 -0.256104
535 -0.114676 -0.879543
536 -0.119198 0.0497475
537 -0.12364 0.137751
538 -0.128004 0.574332
539 -0.132289 -0.634974
540 -0.136496 0.0897899
541 -0.140623 -0.0957192
542 -0.144672 0.286637
543 -0.148642 0.624615
544 -0.152533 0.58499
545 -0.156345 -0.481968
546 -0.160077 0.81185
547 -0.163731 0.470077
548 -0.167306 -0.36523
549 -0.170802 -0.00825706
550 -0.17422 0.717783
551 -0.177558 -0.140901
552 -0.180817 0.72683
553 -0.183997 -1.09198
554 -0.187099 -0.407812
555 -0.190122 0.408493
556 -0.193066 0.442353
557 -0.195931 0.591187
558 -0.198718 0.540209
559 -0.201426 -0.256127
560 -0.204056 -0.826947
561 -0.206607 -0.896247
562 -0.209081 0.763632
563 -0.211476 0.757765
564 -0.213793 -1.09139
565 -0.216032 -0.382386
566 -0.218194 -1.00706
567 -0.220277 0.0776227
568 -0.222284 -1.1209
569 -0.224212 0.6954
570 -0.226064 0.575092
571 -0.227839 0.105569
572 -0.229536 -0.259489
573 -0.231157 0.00663377
574 -0.232702 -0.120917
575 -0.23417 -0.521684
576 -0.235562 0.681316
577 -0.236877 -0.148661
578 -0.238117 -0.887525
579 -0.239282 -0.516235
580 -0.240371 -0.985722
581 -0.241385 -0.995109
582 -0.242324 0.520855
583 -0.243189 -1.07762
584 -0.243979 -0.902623
585 -0.244695 -0.699371
586 -0.245337 0.521494
587 -0.245905 0.733316
588 -0.2464 -0.911719
589 -0.246822 0.26097
590 -0.247171 -0.320823
591 -0.247447 -0.534035
592 -0.247651 0.571918
593 -0.247784 -0.347512
594 -0.247844 -0.564184
595 -0.247833 0.694939
596 -0.247751 0.486762
597 -0.247599 -0.352416
598 -0.247376 -0.00651718
599 -0.247083 0.588798
600 -0.24672 -0.432147
601 -0.246288 -0.204699
602 -0.245787 -0.0771279
603 -0.245217 0.53857
604 -0.244579 -0.966235
605 -0.243873 -0.964669
606 -0.243099 -0.748268
607 -0.242258 -1.04868
608 -0.24135 0.124224
609 -0.240376 -0.397001
610 -0.239336 -0.324962
611 -0.23823 0.379544
612 -0.237059 -0.150058
613 -0.235823 -0.56112
614 -0.234523 0.545766
615 -0.233158 0.19195
616 -0.23173 -0.0151521
617 -0.230239 0.313235
618 -0.228686 0.171799
619 -0.22707 0.320149
620 -0.225392 -0.178364
621 -0.223653 -0.901255
622 -0.221852 -0.965852
623 -0.219992 -0.35822
624 -0.218071 -0.000422699
625 -0.216091 -0.281646
626 -0.214052 -0.414917
627 -0.211954 -0.265394
628 -0.209798 0.614035
629 -0.207584 -1.17358
630 -0.205314 -0.429049
631 -0.202986 -0.570948
632 -0.200603 -0.131564
633 -0.198164 0.740013
634 -0.19567 -0.786779
635 -0.193121 0.147139
636 -0.190518 -0.980447
637 -0.187862 -0.291637
638 -0.185152 0.341002
639 -0.18239 0.385389
640 -0.179576 0.551973
641 -0.17671 -0.744417
642 -0.173794 0.00334141
643 -0.170827 -0.360877
644 -0.16781 -0.069594
645 -0.164744 -0.21628
646 -0.161629 -0.935711
647 -0.158466 -0.85299
648 -0.155256 -0.672814
649 -0.151998 0.464732
650 -0.148694 0.694151
651 -0.145344 0.374101
652 -0.141949 0.78698
653 -0.138509 -1.05004
654 -0.135025 -0.764352
655 -0.131497 0.00436581
656 -0.127926 -0.115893
657 -0.124312 0.0344397
658 -0.120657 -1.04946
659 -0.116961 -0.292487
660 -0.113224 0.0679781
661 -0.109447 -0.273707
662 -0.10563 0.338994
663 -0.101775 -0.863585
664 -0.0978811 -0.336179
665 -0.0939498 0.747189
666 -0.0899816 0.475931
667 -0.0859769 -0.1269
668 -0.0819364 -0.357428
669 -0.0778608 0.00119346
670 -0.0737507 -0.560063
671 -0.0696066 -0.626872
672 -0.0654293 0.432441
673 -0.0612193 0.615973
674 -0.0569772 0.181925
675 -0.0527038 -0.47055
676 -0.0483996 -0.436825
677 -0.0440653 0.406526
678 -0.0397014 -0.166449
679 -0.0353087 0.0441836
680 -0.0308878 0.0217647
681 -0.0264393 -0.325153
682 -0.0219639 -0.437981
683 -0.0174622 -0.0509762
684 -0.0129348 -0.238411
685 -0.00838246 -0.0691019
686 -0.00380576 -0.91697
687 0.000794652 0.771702
688 0.00541811 -0.912333
689 0.010064 -0.847819
690 0.0147316 -0.405937
691 0.0194203 0.266689
692 0.0241294 -0.0143257
693 0.0288584 1.03637
694 0.0336064 0.502496
695 0.038373 0.744925
696 0.0431573 0.874992
697 0.0479588 0.0658174
698 0.0527769 -0.298659
699 0.0576107 -0.403233
700 0.0624598 -0.857934
701 0.0673234 0.21215
702 0.0722009 0.0365501
703 0.0770916 0.636911
704 0.0819948 -0.113758
705 0.0869099 -0.727723
706 0.0918363 -0.784186
707 0.0967732 0.494488
708 0.10172 0.719463
709 0.106676 0.0855836
710 0.111641 -0.42958
711 0.116614 -0.231525
712 0.121594 0.78315
713 0.12658 0.150603
714 0.131573 0.731081
715 0.136571 -0.446288
716 0.141573 1.08584
717 0.14658 0.813791
718 0.15159 -0.679589
719 0.156602 1.1638
720 0.161617 0.951532
721 0.166633 -0.104718
722 0.17165 0.40652
723 0.176667 -0.0915533
724 0.181683 -0.10192
725 0.186698 -0.129393
726 0.191712 -0.389891
727 0.196723 -0.275063
728 0.20173 0.8834
729 0.206734 0.253519
730 0.211734 0.258851
731 0.216728 0.957674
732 0.221717 -0.607076
733 0.2267 1.21769
734 0.231675 0.511891
735 0.236643 0.191477
736 0.241603 -0.60273
737 0.246554 0.629992
738 0.251496 -0.416777
739 0.256427 1.00895
740 0.261348 -0.397256
741 0.266257 0.0357525
742 0.271154 -0.345531
743 0.276039 1.25786
744 0.280911 1.05324
745 0.285769 1.24735
746 0.290612 -0.331718
747 0.295441 0.990692
748 0.300253 0.907648
749 0.30505 -0.169907
750 0.30983 0.99078
751 0.314592 0.69036
752 0.319337 0.551441
753 0.324063 0.218251
754 0.328769 -0.585357
755 0.333456 1.26024
756 0.338123 0.894467
757 0.342769 -0.174752
758 0.347393 -0.219433
759 0.351995 0.568146
760 0.356574 0.863944
761 0.361131 0.819496
762 0.365663 0.300803
763 0.370171 1.02676
764 0.374655 0.801995
765 0.379112 -0.42757
766 0.383544 -0.0270953
767 0.38795 0.948871
768 0.392328 0.946975
769 0.396679 0.295638
770 0.401001 0.692299
771 0.405295 1.27917
772 0.40956 1.05584
773 0.413795 1.06621
774 0.417999 1.2515
775 0.422173 0.818564
776 0.426316 1.01809
777 0.430426 -0.380643
778 0.434505 0.503904
779 0.438551 0.61547
780 0.442563 0.134283
781 0.446542 0.174635
782 0.450486 -0.0190844
783 0.454395 1.35596
784 0.45827 1.0583
785 0.462108 0.0561593
786 0.465911 1.27202
787 0.469676 0.603805
788 0.473405 0.527701
789 0.477096 -0.305849
790 0.480749 -0.191188
791 0.484364 0.0238227
792 0.487939 1.14117
793 0.491475 0.732499
794 0.494972 -0.331143
795 0.498428 0.556847
796 0.501843 0.914055
797 0.505218 0.246353
798 0.508551 0.105802
799 0.511842 0.456633
800 0.515091 1.13314
801 0.518296 1.38483
802 0.521459 0.318136
803 0.524579 0.766939
804 0.527654 1.02467
805 0.530685 0.138951
806 0.533672 0.150546
807 0.536613 0.603553
808 0.539509 0.314894
809 0.542359 1.20686
810 0.545164 -0.232717
811 0.547921 0.993324
812 0.550632 -0.0784403
813 0.553296 0.284221
814 0.555912 0.8813
815 0.55848 1.50789
816 0.561001 0.86448
817 0.563472 0.673515
818 0.565895 0.628031
819 0.568269 -0.0953156
820 0.570593 0.876379
821 0.572868 0.941805
822 0.575093 0.429756
823 0.577267 0.51512
824 0.579391 0.168245
825 0.581464 0.58896
826 0.583486 1.55876
827 0.585457 1.56558
828 0.587376 1.31512
829 0.589243 0.140942
830 0.591058 0.495206
831 0.59282 0.917912
832 0.59453 -0.00788495
833 0.596187 1.27643
834 0.597791 0.144726
835 0.599342 1.47348
836 0.600839 -0.131039
837 0.602282 0.745772
838 0.603672 0.524502
839 0.605007 0.628331
840 0.606288 0.394162
841 0.607515 0.730422
842 0.608687 0.0574418
843 0.609804 0.748706
844 0.610866 1.44487
845 0.611873 1.36627
846 0.612824 0.681465
847 0.61372 0.731608
848 0.614561 0.459474
849 0.615345 -0.273321
850 0.616074 1.05101
851 0.616747 -0.251838
852 0.617363 1.07843
853 0.617924 -0.111596
854 0.618428 0.668656
855 0.618875 -0.35016
856 0.619266 0.87837
857 0.6196 0.626316
858 0.619878 1.61226
859 0.620098 0.588334
860 0.620262 1.16015
861 0.620369 0.498465
862 0.620419 -0.104604
863 0.620412 1.53962
864 0.620347 0.160515
865 0.620226 0.424057
866 0.620047 1.39541
867 0.619811 0.410205
868 0.619518 1.54903
869 0.619167 0.297653
870 0.61876 1.41486
871 0.618295 0.318164
872 0.617772 1.40174
873 0.617193 -0.155281
874 0.616556 1.43809
875 0.615861 1.2167
876 0.61511 1.57999
877 0.614301 0.487541
878 0.613435 0.31532
879 0.612512 0.405565
880 0.611532 0.579464
881 0.610495 -0.269222
882 0.609401 0.517429
883 0.60825 0.0209102
884 0.607043 -0.0184311
885 0.605778 1.5479
886 0.604457 0.0320493
887 0.603079 1.22078
888 0.601644 0.534656
889 0.600154 0.00441224
890 0.598607 0.168928
891 0.597003 0.0543913
892 0.595344 0.862292
893 0.593629 0.423626
894 0.591858 -0.0467385
895 0.590031 1.38206
896 0.588149 1.20699
897 0.586211 -0.291896
898 0.584218 0.15187
899 0.58217 1.11587
900 0.580067 0.365892
901 0.577909 -0.072784
902 0.575697 -0.20507
903 0.57343 0.128992
904 0.57111 0.133821
905 0.568735 -0.404507
906 0.566306 -0.291199
907 0.563823 0.0776209
908 0.561288 0.4476
909 0.558699 0.389503
910 0.556057 0.84944
911 0.553362 1.39425
912 0.550614 0.488454
913 0.547815 -0.263913
914 0.544963 -0.214518
915 0.54206 0.841507
916 0.539105 -0.34331
917 0.536098 0.191511
918 0.533041 0.437602
919 0.529932 0.568051
920 0.526774 0.574077
921 0.523565 0.986188
922 0.520306 1.00366
923 0.516997 -0.180791
924 0.513639 -0.205669
925 0.510232 1.34317
926 0.506776 -0.410696
927 0.503272 1.39121
928 0.499719 1.44306
929 0.496119 0.134917
930 0.492471 0.902837
931 0.488776 0.206779
932 0.485034 0.462083
933 0.481245 1.0999
934 0.47741 0.740137
935 0.47353 1.00256
936 0.469604 1.10439
937 0.465632 0.86034
938 0.461616 -0.505963
939 0.457556 -0.0316434
940 0.453451 -0.331231
941 0.449303 0.76502
942 0.445111 -0.213181
943 0.440877 0.58416
944 0.4366 0.930821
945 0.432281 0.00484431
946 0.42792 -0.138908
947 0.423517 1.02587
948 0.419074 0.637702
949 0.41459 0.743077
950 0.410066 0.0413956
951 0.405502 -0.337606
952 0.400899 0.183073
953 0.396257 -0.49789
954 0.391576 -0.0580525
955 0.386858 0.441092
956 0.382102 1.31237
957 0.377308 0.0017775
958 0.372478 0.306319
959 0.367612 1.23299
960 0.36271 0.617844
961 0.357772 -0.306055
962 0.352799 -0.0717565
963 0.347792 -0.427863
964 0.342751 1.28983
965 0.337677 1.1682
966 0.332569 1.07839
967 0.327429 0.901842
968 0.322257 0.540125
969 0.317053 1.08803
970 0.311817 -0.610146
971 0.306551 0.732653
972 0.301255 0.380953
973 0.29593 -0.291228
974 0.290575 -0.146853
975 0.285191 -0.147612
976 0.279779 0.258551
977 0.274339 0.263538
978 0.268873 -0.568036
979 0.263379 -0.545593
980 0.25786 -0.430741
981 0.252314 0.0405338
982 0.246744 -0.311454
983 0.241149 0.328689
984 0.235529 0.123651
985 0.229886 0.216191
986 0.224221 -0.639793
987 0.218532 0.0312105
988 0.212822 0.817967
989 0.20709 0.271368
990 0.201337 -0.12608
991 0.195564 0.0504479
992 0.189771 0.584901
993 0.183958 0.42674
994 0.178127 0.252185
995 0.172278 0.509392
996 0.166411 0.234691
997 0.160527 -0.0245475
998 0.154626 0.0612691
999 0.148709 -0.569957
1000 0.142777 -0.276069
1001 0.136829 0.116831
1002 0.130868 0.833692
1003 0.124892 0.781199
1004 0.118904 0.507267
1005 0.112903 -0.626119
1006 0.106889 -0.673963
1007 0.100864 -0.536294
1008 0.094828 0.340772
1009 0.0887816 -0.533153
1010 0.0827253 -0.36752
1011 0.0766597 0.629946
1012 0.0705854 0.23287
1013 0.0645029 0.052115
1014 0.0584128 -0.304652
1015 0.0523157 -0.901116
1016 0.0462121 1.01634
1017 0.0401027 -0.19071
1018 0.0339879 -0.110451
1019 0.0278685 0.599508
1020 0.0217449 0.851621
1021 0.0156177 0.540219
1022 0.00948745 -0.567486
1023 0.00335481 0.224909
1024 -0.0027797 -0.238806
1025 -0.00891548 0.484802
1026 -0.015052 -0.459709
1027 -0.0211886 0.807779
1028 -0.0273248 -0.72193
1029 -0.0334599 0.425315
1030 -0.0395935 -0.932467
1031 -0.0457249 -0.162315
1032 -0.0518536 -0.616182
1033 -0.0579789 0.748898
1034 -0.0641003 -0.527426
1035 -0.0702173 0.750806
1036 -0.0763292 -1.01146
1037 -0.0824356 -0.329568
1038 -0.0885357 -0.907599
1039 -0.0946291 0.213285
1040 -0.100715 0.0273401
1041 -0.106793 -0.378957
1042 -0.112863 -0.254496
1043 -0.118924 -0.831398
1044 -0.124975 0.58768
1045 -0.131015 0.36151
1046 -0.137046 -0.805712
1047 -0.143064 0.536976
1048 -0.149071 -0.890089
1049 -0.155066 0.0291117
1050 -0.161047 0.087927
1051 -0.167015 -1.08085
1052 -0.172969 -0.466877
1053 -0.178909 0.490414
1054 -0.184832 0.120213
1055 -0.190741 0.276659
1056 -0.196633 -0.0362557
1057 -0.202508 0.65522
1058 -0.208365 0.0853424
1059 -0.214205 0.248908
1060 -0.220026 0.0938167
1061 -0.225828 0.172343
1062 -0.23161 -0.887754
1063 -0.237372 0.50947
1064 -0.243114 -0.0407443
1065 -0.248834 -0.37099
1066 -0.254533 0.310637
1067 -0.260209 0.00432794
1068 -0.265863 0.362132
1069 -0.271493 0.471884
1070 -0.277099 -0.707392
1071 -0.282681 -0.529391
1072 -0.288238 -0.819802
1073 -0.293769 0.131509
1074 -0.299275 -0.261274
1075 -0.304754 -1.1265
1076 -0.310206 -0.39526
1077 -0.315631 0.0508223
1078 -0.321028 0.534361
1079 -0.326396 -0.1554
1080 -0.331735 -0.784064
1081 -0.337045 -0.23567
1082 -0.342325 -0.0881845
1083 -0.347574 -0.096861
1084 -0.352792 -0.585178
1085 -0.357979 -0.801911
1086 -0.363134 -0.648174
1087 -0.368257 0.556545
1088 -0.373347 -0.962777
1089 -0.378403 0.626998
1090 -0.383426 0.00118276
1091 -0.388414 0.332649
1092 -0.393368 0.00681299
1093 -0.398286 0.326742
1094 -0.403169 0.0612544
1095 -0.408016 -0.808994
1096 -0.412826 -0.81353
1097 -0.4176 -0.391632
1098 -0.422336 0.437546
1099 -0.427034 -1.20347
1100 -0.431693 -0.666132
1101 -0.436314 -1.01056
1102 -0.440896 -0.467939
1103 -0.445439 -0.215392
1104 -0.449941 0.397079
1105 -0.454403 0.552486
1106 -0.458824 -0.0546531
1107 -0.463204 -0.705431
1108 -0.467543 -0.0984564
1109 -0.471839 -0.2166
1110 -0.476093 0.44829
1111 -0.480305 0.431999
1112 -0.484473 -1.13238
1113 -0.488598 -0.314666
1114 -0.492678 -0.334325
1115 -0.496715 -0.381743
1116 -0.500707 0.224485
1117 -0.504654 0.363777
1118 -0.508555 -0.47374
1119 -0.512411 -1.38169
1120 -0.516221 0.352498
1121 -0.519984 -1.10575
1122 -0.523701 0.322815
1123 -0.52737 -0.263825
1124 -0.530993 -1.39717
1125 -0.534567 -0.229149
1126 -0.538094 0.318867
1127 -0.541572 -0.814146
1128 -0.545001 -1.2194
1129 -0.548382 0.162592
1130 -0.551713 -0.606685
1131 -0.554995 -0.469878
1132 -0.558227 -1.42764
1133 -0.561409 0.350343
1134 -0.56454 -1.2557
1135 -0.567621 0.403559
1136 -0.570651 0.341471
1137 -0.573629 0.132761
1138 -0.576556 -0.854318
1139 -0.579432 -0.305039
1140 -0.582255 -0.627541
1141 -0.585027 -0.945422
1142 -0.587746 -0.408169
1143 -0.590412 -0.290828
1144 -0.593025 0.213184
1145 -0.595585 -1.26509
1146 -0.598092 -1.19108
1147 -0.600545 -0.0767925
1148 -0.602945 -1.41177
1149 -0.605291 -0.171326
1150 -0.607582 0.0389204
1151 -0.609819 -1.55802
1152 -0.612002 0.227994
1153 -0.61413 -0.129425
1154 -0.616203 -0.309282
1155 -0.618221 0.347054
1156 -0.620184 -0.83872
1157 -0.622091 -0.466986
1158 -0.623944 -0.940137
1159 -0.62574 -0.527684
1160 -0.627481 -0.770535
1161 -0.629166 -0.0095838
1162 -0.630794 -1.457
1163 -0.632367 -0.654334
1164 -0.633883 -0.11217
1165 -0.635343 -1.16245
1166 -0.636747 -0.697402
1167 -0.638094 -0.214253
1168 -0.639384 -1.47022
1169 -0.640618 0.0107183
1170 -0.641795 -0.953936
1171 -0.642915 -0.529544
1172 -0.643977 -1.36367
1173 -0.644983 0.21169
1174 -0.645932 -1.24387
1175 -0.646824 -1.57133
1176 -0.647658 -1.47165
1177 -0.648436 -0.850651
1178 -0.649156 -0.0613345
1179 -0.649819 -1.29419
1180 -0.650424 -1.43037
1181 -0.650972 -0.428477
1182 -0.651463 -1.256
1183 -0.651897 -1.60394
1184 -0.652273 -0.95731
1185 -0.652592 0.0374205
1186 -0.652854 0.34786
1187 -0.653058 -0.189285
1188 -0.653205 -0.82088
1189 -0.653295 -0.981708
1190 -0.653328 -1.10457
1191 -0.653304 0.0227525
1192 -0.653223 -1.37541
1193 -0.653084 -0.944029
1194 -0.652889 -1.01244
1195 -0.652637 0.133106
1196 -0.652328 -0.484309
1197 -0.651962 -0.0862408
1198 -0.65154 -0.456172
1199 -0.651061 -0.328243
1200 -0.650526 -0.447974
1201 -0.649934 0.218642
1202 -0.649286 -1.2279
1203 -0.648582 -0.180665
1204 -0.647822 0.0623365
1205 -0.647006 -0.838792
1206 -0.646135 -0.118111
1207 -0.645207 0.225432
1208 -0.644225 -0.0539056
1209 -0.643187 -0.54317
1210 -0.642094 -1.4318
1211 -0.640946 0.153306
1212 -0.639743 -1.3335
1213 -0.638486 -1.04915
1214 -0.637174 0.188458
1215 -0.635808 -0.651328
1216 -0.634388 -1.37191
1217 -0.632914 0.176411
1218 -0.631386 -1.2003
1219 -0.629805 -0.552325
1220 -0.628171 -1.16473
1221 -0.626484 -0.664268
1222 -0.624744 -0.88898
1223 -0.622951 -0.89962
1224 -0.621106 0.0320914
1225 -0.61921 -0.261221
1226 -0.617261 -1.12656
1227 -0.615261 -0.81257
1228 -0.613209 -0.708176
1229 -0.611106 0.056133
1230 -0.608953 -1.50242
1231 -0.606749 -1.51829
1232 -0.604495 -0.0879596
1233 -0.602191 -1.0937
1234 -0.599838 -0.0630454
1235 -0.597435 -0.390472
1236 -0.594984 -0.298159
1237 -0.592483 -0.547697
1238 -0.589934 -0.532512
1239 -0.587337 -0.720524
1240 -0.584693 -1.46037
1241 -0.582001 -0.334917
1242 -0.579262 -0.938977
1243 -0.576476 -1.16684
1244 -0.573644 0.241698
1245 -0.570766 -1.12607
1246 -0.567843 -0.195103
1247 -0.564874 -1.50858
1248 -0.56186 -1.32951
1249 -0.558802 0.223203
1250 -0.555699 -0.443886
1251 -0.552553 -0.878877
1252 -0.549363 -0.827401
1253 -0.54613 0.279042
1254 -0.542855 -0.168399
1255 -0.539538 -1.18707
1256 -0.536178 -0.375859
1257 -0.532778 0.309391
1258 -0.529336 -0.397311
1259 -0.525854 -1.48377
1260 -0.522332 -0.0363403
1261 -0.51877 -0.303775
1262 -0.515169 -1.40834
1263 -0.51153 -0.532846
1264 -0.507851 0.191651
1265 -0.504135 0.115366
1266 -0.500382 -1.339
1267 -0.496592 -0.52467
1268 -0.492765 -0.853022
1269 -0.488902 -0.29478
1270 -0.485003 0.32891
1271 -0.48107 -0.741963
1272 -0.477101 -1.06099
1273 -0.473099 -1.04413
1274 -0.469063 -0.345689
1275 -0.464994 -1.25904
1276 -0.460892 -0.612868
1277 -0.456758 -0.986413
1278 -0.452593 -1.21624
1279 -0.448396 -0.394058
1280 -0.444169 -1.21798
1281 -0.439911 -0.118045
1282 -0.435624 0.265965
1283 -0.431308 -0.509713
1284 -0.426964 -0.306606
1285 -0.422591 -0.373354
1286 -0.418191 -0.171066
1287 -0.413765 -1.16015
1288 -0.409311 -0.545089
1289 -0.404832 -1.05299
1290 -0.400328 -1.13206
1291 -0.395799 -1.07314
1292 -0.391246 0.147918
1293 -0.386669 -1.03936
1294 -0.382069 -0.108637
1295 -0.377447 -0.166813
1296 -0.372802 0.565856
1297 -0.368137 0.0384111
1298 -0.363451 -1.20928
1299 -0.358744 -0.808839
1300 -0.354018 -0.781957
1301 -0.349273 0.590093
1302 -0.344509 -0.0843296
1303 -0.339728 -0.380499
1304 -0.334929 -0.995647
1305 -0.330114 -0.97572
1306 -0.325283 -0.189369
1307 -0.320436 -0.162502
1308 -0.315574 -0.520313
1309 -0.310698 0.0319814
1310 -0.305809 -1.12322
1311 -0.300906 -0.309244
1312 -0.295991 -0.661331
1313 -0.291065 0.563128
1314 -0.286127 0.597048
1315 -0.281178 0.443661
1316 -0.27622 -0.403065
1317 -0.271252 -0.171321
1318 -0.266276 0.68172
1319 -0.261291 0.445533
1320 -0.256299 0.164829
1321 -0.251301 -1.06577
1322 -0.246296 0.752368
1323 -0.241285 -0.311902
1324 -0.23627 -0.734428
1325 -0.23125 0.00976718
1326 -0.226227 -1.11737
1327 -0.221201 -0.811943
1328 -0.216172 -0.599929
1329 -0.211142 -0.979511
1330 -0.20611 -0.278425
1331 -0.201078 -0.0443285
1332 -0.196047 -1.05668
1333 -0.191016 -1.03485
1334 -0.185987 -1.10178
1335 -0.18096 -0.734154
1336 -0.175936 -0.697292
1337 -0.170915 0.0172225
1338 -0.165898 0.406795
1339 -0.160887 0.0809077
1340 -0.15588 -0.657237
1341 -0.15088 0.572165
1342 -0.145886 -0.944726
1343 -0.1409 -0.0399517
1344 -0.135922 0.408903
1345 -0.130952 -1.07909
1346 -0.125992 -0.332727
1347 -0.121042 -0.735637
1348 -0.116103 0.00306913
1349 -0.111175 -0.40259
1350 -0.106259 -1.04675
1351 -0.101355 -0.593825
1352 -0.0964649 -0.235166
1353 -0.0915887 0.933722
1354 -0.086727 0.317287
1355 -0.0818807 0.248319
1356 -0.0770502 0.156299
1357 -0.0722364 0.407619
1358 -0.0674397 0.638967
1359 -0.0626609 0.753848
1360 -0.0579007 0.620469
1361 -0.0531596 -0.452215
1362 -0.0484384 -0.108356
1363 -0.0437377 0.740797
1364 -0.0390581 -0.315178
1365 -0.0344003 -0.0433651
1366 -0.0297649 -0.831698
1367 -0.0251527 0.144076
1368 -0.0205641 -0.874705
1369 -0.0159999 0.721429
1370 -0.0114608 -0.633784
1371 -0.00694733 -0.395805
1372 -0.00246016 0.424642
1373 0.00200006 -0.452545
1374 0.0064327 0.685133
1375 0.0108371 -0.0506332
1376 0.0152127 -0.420868
1377 0.0195587 -0.541882
1378 0.0238746 0.314402
1379 0.0281598 0.677844
1380 0.0324136 0.146153
1381 0.0366353 0.353267
1382 0.0408245 -0.835358
1383 0.0449803 0.986629
1384 0.0491023 0.357664
1385 0.0531897 0.547652
1386 0.0572421 0.295733
1387 0.0612587 -0.430173
1388 0.0652389 0.00622959
1389 0.0691822 -0.0192294
1390 0.0730879 -0.635125
1391 0.0769555 -0.336953
1392 0.0807842 0.560072
1393 0.0845736 0.283223
1394 0.088323 -0.574244
1395 0.0920318 -0.737965
1396 0.0956995 -0.747751
1397 0.0993254 -0.398278
1398 0.102909 0.409072
1399 0.10645 -0.624174
1400 0.109947 -0.683223
1401 0.1134 0.764284
1402 0.116808 -0.035588
1403 0.120171 0.721232
1404 0.123489 -0.712999
1405 0.12676 -0.379717
1406 0.129984 -0.363157
1407 0.13316 -0.172089
1408 0.136289 0.035743
1409 0.139369 0.904181
1410 0.142399 -0.545685
1411 0.14538 1.12611
1412 0.148311 0.197353
1413 0.151191 -0.445416
1414 0.15402 1.04412
1415 0.156797 -0.517813
1416 0.159522 1.02523
1417 0.162194 0.258709
1418 0.164812 -0.0332368
1419 0.167376 -0.0578598
1420 0.169886 1.14613
1421 0.172341 0.234295
1422 0.174741 0.503889
1423 0.177085 0.600987
1424 0.179372 -0.591572
1425 0.181602 0.816719
1426 0.183775 0.746302
1427 0.18589 -0.459796
1428 0.187947 -0.705743
1429 0.189945 0.0275216
1430 0.191884 -0.215447
1431 0.193763 -0.524024
1432 0.195581 -0.346789
1433 0.197339 0.606879
1434 0.199036 1.05168
1435 0.200672 -0.20872
1436 0.202245 1.07488
1437 0.203756 -0.46707
1438 0.205204 0.460344
1439 0.206589 -0.0514349
1440 0.20791 -0.728105
1441 0.209167 0.746334
1442 0.21036 -0.096708
1443 0.211487 0.294853
1444 0.212549 1.12357
1445 0.213546 -0.232844
1446 0.214477 0.593929
1447 0.215341 0.962884
1448 0.216138 0.837206
1449 0.216868 -0.63066
1450 0.21753 -0.288967
1451 0.218124 0.78676
1452 0.21865 0.404532
1453 0.219108 1.01335
1454 0.219496 0.183758
1455 0.219815 0.606613
1456 0.220065 0.621419
1457 0.220244 -0.280831
1458 0.220353 0.933742
1459 0.220392 0.700477
1460 0.22036 0.529426
1461 0.220256 -0.500975
1462 0.220081 0.955238
1463 0.219834 0.959537
1464 0.219515 0.880982
1465 0.219123 0.780233
1466 0.218659 -0.477562
1467 0.218122 0.725845
1468 0.217511 1.08158
1469 0.216828 0.749686
1470 0.21607 -0.560131
1471 0.215239 1.11755
1472 0.214333 0.258785
1473 0.213353 0.104676
1474 0.212299 0.172734
1475 0.211169 0.141564
1476 0.209965 0.629996
1477 0.208685 -0.476157
1478 0.20733 -0.13929
1479 0.205899 0.222615
1480 0.204393 -0.352184
1481 0.20281 0.325665
1482 0.201151 -0.237347
1483 0.199416 0.805053
1484 0.197604 0.0912122
1485 0.195716 0.698177
1486 0.193751 0.163067
1487 0.191709 -0.53626
1488 0.18959 1.16823
1489 0.187394 -0.152456
1490 0.18512 0.914872
1491 0.182769 0.448306
1492 0.18034 0.0972832
1493 0.177834 0.620962
1494 0.17525 0.158906
1495 0.172589 -0.270389
1496 0.169849 0.152897
1497 0.167032 0.433477
1498 0.164136 -0.791905
1499 0.161163 -0.0123091
1500 0.158111 -0.0629643
1501 0.154981 -0.597435
1502 0.151773 -0.139354
1503 0.148487 0.952104
1504 0.145122 0.26448
1505 0.141679 0.791649
1506 0.138158 -0.146956
1507 0.134559 -0.344965
1508 0.130881 1.07731
1509 0.127126 0.476908
1510 0.123291 0.642216
1511 0.119379 -0.508818
1512 0.115389 -0.429804
1513 0.11132 -0.825862
1514 0.107173 1.06722
1515 0.102949 0.434199
1516 0.098646 0.646982
1517 0.0942654 0.00691533
1518 0.089807 0.676596
1519 0.0852709 0.595984
1520 0.0806571 0.637421
1521 0.0759657 0.376699
1522 0.0711969 -0.168131
1523 0.0663508 -0.47529
1524 0.0614275 -0.209828
1525 0.0564271 0.785872
1526 0.0513497 0.0520826
1527 0.0461955 0.743575
1528 0.0409646 0.0226767
1529 0.0356572 0.0664075
1530 0.0302735 -0.459522
1531 0.0248136 0.771985
1532 0.0192777 0.284386
1533 0.0136659 0.219757
1534 0.00797854 0.546023
1535 0.00221572 -0.62582
1536 -0.00362234 -0.159821
1537 -0.00953541 -0.768621
1538 -0.0155233 -0.134855
1539 -0.0215858 -0.242883
1540 -0.0277226 0.551694
1541 -0.0339335 -0.645374
1542 -0.0402183 0.0995017
1543 -0.0465766 -1.02289
1544 -0.0530084 -0.611921
1545 -0.0595132 0.0302184
1546 -0.0660908 0.279056
1547 -0.072741 0.907144
1548 -0.0794633 0.913631
1549 -0.0862577 -0.163357
1550 -0.0931236 0.388692
1551 -0.100061 0.441269
1552 -0.107069 -0.89171
1553 -0.114148 -0.879681
1554 -0.121298 0.870626
1555 -0.128517 -0.191923
1556 -0.135806 0.820853
1557 -0.143164 -0.157505
1558 -0.150592 -0.523358
1559 -0.158088 -0.226199
1560 -0.165652 -1.15547
1561 -0.173284 -0.0418113
1562 -0.180984 -0.50763
1563 -0.18875 0.0810969
1564 -0.196584 -0.864207
1565 -0.204483 -0.998012
1566 -0.212449 0.424696
1567 -0.22048 -0.0487084
1568 -0.228576 -0.785335
1569 -0.236736 -0.722807
1570 -0.244961 0.701892
1571 -0.25325 -1.23395
1572 -0.261601 -0.36221
1573 -0.270016 -0.186278
1574 -0.278493 -1.23808
1575 -0.287032 0.0511376
1576 -0.295632 -1.12421
1577 -0.304293 0.0794827
1578 -0.313015 0.00352018
1579 -0.321797 -1.15854
1580 -0.330638 -1.02495
1581 -0.339538 -0.541915
1582 -0.348496 0.355631
1583 -0.357512 -0.836669
1584 -0.366586 -0.334432
1585 -0.375717 0.320661
1586 -0.384904 0.0731259
1587 -0.394146 -0.404477
1588 -0.403444 -0.720286
1589 -0.412797 -1.32615
1590 -0.422203 0.501003
1591 -0.431664 -0.736407
1592 -0.441177 -0.220879
1593 -0.450742 -0.851741
1594 -0.46036 0.507448
1595 -0.470028 0.0856134
1596 -0.479748 -0.671044
1597 -0.489517 0.11893
1598 -0.499335 -0.768165
1599 -0.509203 -0.253237
1600 -0.519119 -1.39246
1601 -0.529082 -0.846512
1602 -0.539092 -0.25902
1603 -0.549149 -0.518027
1604 -0.559251 0.212389
1605 -0.569398 -0.24332
1606 -0.579589 -1.20444
1607 -0.589825 0.359354
1608 -0.600103 -0.883873
1609 -0.610424 0.0878938
1610 -0.620786 -1.50145
1611 -0.63119 -0.602119
1612 -0.641633 -1.13828
1613 -0.652117 0.179019
1614 -0.662639 -0.104795
1615 -0.6732 -0.129502
1616 -0.683799 -0.147839
1617 -0.694434 -0.669858
1618 -0.705106 -1.16278
1619 -0.715813 -1.48748
1620 -0.726554 -0.60586
1621 -0.73733 -1.26207
1622 -0.748139 -0.814573
1623 -0.758981 -1.40776
1624 -0.769854 -0.685113
1625 -0.780759 -0.868648
1626 -0.791694 0.126159
1627 -0.802659 0.102026
1628 -0.813652 -1.28161
1629 -0.824674 -1.16391
1630 -0.835723 -0.663085
1631 -0.846798 -1.17586
1632 -0.8579 -0.502085
1633 -0.869026 -1.40359
1634 -0.880177 -0.165137
1635 -0.891351 -0.750676
1636 -0.902548 -0.097565
1637 -0.913767 -1.80987
1638 -0.925007 -0.821202
1639 -0.936267 -1.40086
1640 -0.947547 -0.130901
1641 -0.958845 -0.721031
1642 -0.970162 -0.390772
1643 -0.981495 -1.64634
1644 -0.992845 -0.908506
1645 -1.00421 -0.851351
1646 -1.01559 -0.12088
1647 -1.02699 -1.39059
1648 -1.03839 -1.84463
1649 -1.04981 -1.59621
1650 -1.06124 -1.17972
1651 -1.07268 -0.7412
1652 -1.08413 -1.13803
1653 -1.09559 -0.263026
1654 -1.10706 -0.406646
1655 -1.11854 -2.06975
1656 -1.13002 -1.36718
1657 -1.14151 -0.504852
1658 -1.153 -0.180919
1659 -1.16449 -0.850776
1660 -1.17599 -1.85952
1661 -1.18749 -1.02351
1662 -1.199 -2.19485
1663 -1.2105 -0.518509
1664 -1.222 -0.57265
1665 -1.2335 -0.494174
1666 -1.245 -1.39198
1667 -1.2565 -0.781599
1668 -1.26799 -0.403992
1669 -1.27947 -2.30167
1670 -1.29096 -2.25946
1671 -1.30243 -0.600389
1672 -1.3139 -1.07667
1673 -1.32536 -0.69266
1674 -1.33681 -2.2776
1675 -1.34825 -2.00447
1676 -1.35968 -1.5517
1677 -1.37109 -2.39456
1678 -1.3825 -1.37951
1679 -1.39389 -1.36914
1680 -1.40527 -1.95193
1681 -1.41663 -0.508718
1682 -1.42797 -2.04815
1683 -1.4393 -1.01607
1684 -1.45061 -0.686162
1685 -1.4619 -2.3575
1686 -1.47317 -0.976812
1687 -1.48442 -1.93261
1688 -1.49565 -0.729885
1689 -1.50686 -1.01352
1690 -1.51805 -0.627432
1691 -1.52921 -2.42171
1692 -1.54034 -1.85758
1693 -1.55145 -0.631077
1694 -1.56253 -0.737266
1695 -1.57359 -2.21552
1696 -1.58461 -0.898786
1697 -1.59561 -1.89103
1698 -1.60657 -0.747149
1699 -1.61751 -1.04106
1700 -1.62841 -1.91923
1701 -1.63928 -0.721403
1702 -1.65012 -1.3445
1703 -1.66092 -2.68724
1704 -1.67168 -1.09367
1705 -1.68241 -1.29
1706 -1.6931 -2.34789
1707 -1.70376 -2.28987
1708 -1.71437 -1.31737
1709 -1.72494 -1.34854
1710 -1.73548 -1.26849
1711 -1.74597 -0.867133
1712 -1.75642 -1.44346
1713 -1.76682 -0.891228
1714 -1.77718 -1.44619
1715 -1.7875 -1.68103
1716 -1.79777 -2.78857
1717 -1.80799 -1.9513
1718 -1.81816 -1.13041
1719 -1.82829 -1.02372
1720 -1.83837 -2.45861
1721 -1.84839 -1.24016
1722 -1.85837 -0.916314
1723 -1.86829 -1.77565
1724 -1.87816 -1.31931
1725 -1.88797 -1.0903
1726 -1.89774 -1.41656
1727 -1.90744 -1.63217
1728 -1.91709 -2.38412
1729 -1.92668 -1.55525
1730 -1.93622 -2.05355
1731 -1.94569 -1.67249
1732 -1.95511 -1.63464
1733 -1.96446 -2.74492
1734 -1.97375 -1.6955
1735 -1.98298 -2.05303
1736 -1.99215 -1.34863
1737 -2.00126 -1.34612
1738 -2.0103 -1.63469
1739 -2.01927 -1.94688
1740 -2.02818 -1.96468
1741 -2.03702 -2.16237
1742 -2.04579 -2.06242
1743 -2.0545 -2.64582
1744 -2.06313 -2.28058
1745 -2.0717 -2.72494
1746 -2.08019 -1.53257
1747 -2.08862 -2.2643
1748 -2.09697 -1.86088
1749 -2.10524 -1.83714
1750 -2.11345 -2.45177
1751 -2.12157 -1.47286
1752 -2.12963 -2.22036
1753 -2.1376 -2.50087
1754 -2.1455 -2.37109
1755 -2.15332 -2.65207
1756 -2.16106 -2.69346
1757 -2.16873 -2.87988
1758 -2.17631 -1.36648
1759 -2.18381 -2.14987
1760 -2.19123 -1.49753
1761 -2.19857 -2.4726
1762 -2.20582 -2.86516
1763 -2.213 -2.16525
1764 -2.22008 -2.24095
1765 -2.22709 -1.5745
1766 -2.234 -3.22259
1767 -2.24083 -2.58441
1768 -2.24757 -1.90606
1769 -2.25423 -1.83338
1770 -2.2608 -1.49812
1771 -2.26727 -2.82836
1772 -2.27366 -2.94423
1773 -2.27996 -2.49995
1774 -2.28616 -2.40459
1775 -2.29228 -2.14628
1776 -2.2983 -2.13749
1777 -2.30423 -2.84096
1778 -2.31006 -3.30567
1779 -2.3158 -2.88481
1780 -2.32145 -1.55597
1781 -2.327 -2.62681
1782 -2.33245 -3.21861
1783 -2.33781 -2.62891
1784 -2.34307 -1.972
1785 -2.34823 -2.42581
1786 -2.35329 -2.10898
1787 -2.35825 -1.48542
1788 -2.36312 -2.11769
1789 -2.36788 -2.27958
1790 -2.37254 -2.43161
1791 -2.37711 -2.40381
1792 -2.38157 -1.53314
1793 -2.38592 -2.07018
1794 -2.39018 -3.33501
1795 -2.39433 -2.53264
1796 -2.39837 -2.39594
1797 -2.40231 -3.30165
1798 -2.40615 -1.85398
1799 -2.40988 -3.0319
1800 -2.41351 -1.85797
1801 -2.41702 -2.06818
1802 -2.42043 -2.56957
1803 -2.42374 -1.50482
1804 -2.42693 -3.26417
1805 -2.43002 -1.6637
1806 -2.433 -2.33424
1807 -2.43587 -2.07848
1808 -2.43862 -3.17527
1809 -2.44127 -2.30439
1810 -2.44381 -1.62174
1811 -2.44624 -3.38375
1812 -2.44855 -1.57787
1813 -2.45076 -3.48128
1814 -2.45285 -2.64796
1815 -2.45482 -2.17961
1816 -2.45669 -2.53139
1817 -2.45844 -3.37589
1818 -2.46008 -2.27873
1819 -2.4616 -3.25763
1820 -2.46301 -2.25897
1821 -2.4643 -3.3089
1822 -2.46548 -2.25516
1823 -2.46654 -2.38108
1824 -2.46749 -1.96342
1825 -2.46832 -2.16997
1826 -2.46904 -3.4891
1827 -2.46963 -2.93041
1828 -2.47011 -2.03845
1829 -2.47048 -1.9058
1830 -2.47072 -2.52102
1831 -2.47085 -2.45123
1832 -2.47086 -2.525
1833 -2.47075 -1.63793
1834 -2.47052 -2.49981
1835 -2.47017 -2.32946
1836 -2.46971 -1.83856
1837 -2.46912 -3.36774
1838 -2.46842 -2.93849
1839 -2.46759 -1.54135
1840 -2.46665 -2.19673
1841 -2.46558 -3.08204
1842 -2.46439 -3.44421
1843 -2.46309 -2.29114
1844 -2.46166 -3.07739
1845 -2.46011 -2.60389
1846 -2.45844 -2.98023
1847 -2.45665 -2.11613
1848 -2.45474 -2.48512
1849 -2.45271 -1.76241
1850 -2.45055 -1.87543
1851 -2.44828 -3.24409
1852 -2.44588 -1.56977
1853 -2.44336 -2.62761
1854 -2.44072 -2.12088
1855 -2.43795 -2.02769
1856 -2.43507 -3.29102
1857 -2.43206 -2.10245
1858 -2.42893 -3.44973
1859 -2.42567 -1.82037
1860 -2.4223 -2.49854
1861 -2.4188 -2.46055
1862 -2.41518 -2.76103
1863 -2.41144 -1.51273
1864 -2.40758 -2.58753
1865 -2.40359 -1.74989
1866 -2.39948 -2.33135
1867 -2.39525 -2.91548
1868 -2.3909 -1.60736
1869 -2.38642 -1.76006
1870 -2.38182 -2.94763
1871 -2.3771 -2.29562
1872 -2.37226 -3.33445
1873 -2.3673 -2.88516
1874 -2.36221 -3.08116
1875 -2.35701 -2.90744
1876 -2.35168 -1.98597
1877 -2.34623 -2.55976
1878 -2.34065 -1.52351
1879 -2.33496 -2.97273
1880 -2.32915 -2.82562
1881 -2.32321 -1.90433
1882 -2.31715 -2.72427
1883 -2.31098 -2.90503
1884 -2.30468 -3.04389
1885 -2.29826 -1.35953
1886 -2.29172 -1.44966
1887 -2.28507 -2.85452
1888 -2.27829 -1.9844
1889 -2.27139 -1.42474
1890 -2.26437 -3.20329
1891 -2.25724 -3.01452
1892 -2.24998 -2.42017
1893 -2.24261 -2.50262
1894 -2.23512 -3.06909
1895 -2.22751 -1.55322
1896 -2.21978 -2.80182
1897 -2.21193 -1.95367
1898 -2.20397 -3.02597
1899 -2.19589 -2.97062
1900 -2.18769 -2.27945
1901 -2.17938 -2.54374
1902 -2.17095 -1.84092
1903 -2.1624 -2.19325
1904 -2.15374 -2.01303
1905 -2.14497 -1.51111
1906 -2.13608 -1.69475
1907 -2.12707 -2.59823
1908 -2.11795 -2.67537
1909 -2.10872 -1.82817
1910 -2.09938 -2.18639
1911 -2.08992 -2.12208
1912 -2.08035 -2.35935
1913 -2.07066 -1.54341
1914 -2.06087 -1.66588
1915 -2.05096 -2.04814
1916 -2.04095 -1.5541
1917 -2.03082 -1.77309
1918 -2.02058 -1.56672
1919 -2.01023 -2.20918
1920 -1.99978 -1.87526
1921 -1.98921 -1.45431
1922 -1.97854 -1.91499
1923 -1.96776 -0.993827
1924 -1.95688 -2.66257
1925 -1.94588 -1.69707
1926 -1.93478 -1.2675
1927 -1.92358 -2.19244
1928 -1.91227 -2.3865
1929 -1.90085 -1.03706
1930 -1.88933 -1.9146
1931 -1.87771 -1.42557
1932 -1.86599 -2.3486
1933 -1.85416 -2.53162
1934 -1.84223 -2.40334
1935 -1.8302 -1.1547
1936 -1.81807 -0.844455
1937 -1.80584 -0.908587
1938 -1.79351 -2.57232
1939 -1.78108 -2.34822
1940 -1.76855 -1.57427
1941 -1.75593 -1.60547
1942 -1.7432 -1.32641
1943 -1.73039 -0.799195
1944 -1.71747 -2.02403
1945 -1.70446 -1.87714
1946 -1.69136 -1.74199
1947 -1.67816 -2.48271
1948 -1.66487 -2.56483
1949 -1.65149 -2.23347
1950 -1.63801 -1.6269
1951 -1.62445 -1.38547
1952 -1.61079 -0.643637
1953 -1.59705 -2.50833
1954 -1.58321 -1.35643
1955 -1.56929 -2.29415
1956 -1.55528 -1.20426
1957 -1.54118 -1.63382
1958 -1.527 -1.5076
1959 -1.51273 -0.623017
1960 -1.49837 -1.71448
1961 -1.48394 -2.47725
1962 -1.46942 -1.11519
1963 -1.45481 -1.14135
1964 -1.44013 -2.09891
1965 -1.42536 -0.620433
1966 -1.41052 -1.40992
1967 -1.39559 -2.06932
1968 -1.38059 -0.667151
1969 -1.36551 -1.13265
1970 -1.35035 -1.58033
1971 -1.33512 -1.41669
1972 -1.31981 -1.92597
1973 -1.30442 -2.10727
1974 -1.28897 -1.42919
1975 -1.27344 -1.17619
1976 -1.25783 -1.22356
1977 -1.24216 -0.423412
1978 -1.22642 -0.924284
1979 -1.2106 -1.06704
1980 -1.19472 -1.94888
1981 -1.17877 -1.85664
1982 -1.16276 -1.7715
1983 -1.14667 -1.92515
1984 -1.13053 -1.71132
1985 -1.11431 -0.488097
1986 -1.09804 -1.59338
1987 -1.0817 -0.30366
1988 -1.0653 -1.52407
1989 -1.04884 -0.517313
1990 -1.03232 -0.357271
1991 -1.01574 -0.683494
1992 -0.999104 -0.453943
1993 -0.98241 -0.946358
1994 -0.965659 -1.31334
1995 -0.948853 -0.0560379
1996 -0.931993 -1.08475
1997 -0.915079 -0.256071
1998 -0.898113 -1.6731
1999 -0.881096 -1.31466
2000 -0.864027 -0.966576
2001 -0.846909 -0.846451
2002 -0.829742 -0.339627
2003 -0.812528 -0.516153
2004 -0.795266 -0.59273
2005 -0.777959 -1.42331
2006 -0.760606 -1.36238
2007 -0.74321 -1.50196
2008 -0.725771 -1.5481
2009 -0.708289 -0.00382295
2010 -0.690767 -0.302002
2011 -0.673204 -1.24591
2012 -0.655602 -1.62537
2013 -0.637963 0.145541
2014 -0.620286 -0.968139
2015 -0.602573 -1.14997
2016 -0.584824 -0.17209
2017 -0.567042 -0.407373
2018 -0.549226 -1.31587
2019 -0.531378 0.42514
2020 -0.513499 -0.819895
2021 -0.49559 0.415073
2022 -0.477651 -0.186775
2023 -0.459684 -1.21896
2024 -0.441691 -0.493159
2025 -0.42367 0.521198
2026 -0.405625 -1.27055
2027 -0.387556 0.409605
2028 -0.369463 0.235658
2029 -0.351349 -0.990156
2030 -0.333213 -0.968649
2031 -0.315057 -0.811658
2032 -0.296882 0.0654579
2033 -0.278689 0.576543
2034 -0.260479 0.539713
2035 -0.242253 -0.677092
2036 -0.224013 -1.01398
2037 -0.205758 -1.00732
2038 -0.18749 -0.38119
2039 -0.16921 -0.781747
2040 -0.15092 0.751618
2041 -0.13262 -0.938046
2042 -0.114311 -0.300163
2043 -0.0959937 0.836043
2044 -0.0776702 0.899546
2045 -0.0593409 0.405971
2046 -0.041007 -0.657466
2047 -0.0226695 0.36606
2048 -0.00432943 -0.380686
2049 0.0140122 -0.370545
2050 0.0323544 0.376034
2051 0.050696 0.366262
2052 0.0690361 -0.406651
2053 0.0873736 -0.279974
2054 0.105707 0.659989
2055 0.124037 0.594761
2056 0.14236 -0.282345
2057 0.160677 0.847699
2058 0.178986 0.444437
2059 0.197286 -0.624834
2060 0.215577 -0.738846
2061 0.233856 0.861134
2062 0.252124 -0.0694317
2063 0.270379 0.675366
2064 0.28862 0.768105
2065 0.306845 -0.217637
2066 0.325055 1.29199
2067 0.343248 1.02946
2068 0.361423 0.031986
2069 0.379579 0.149338
2070 0.397714 -0.53217
2071 0.415829 -0.0147188
2072 0.433921 0.394522
2073 0.45199 0.33244
2074 0.470035 -0.0323695
2075 0.488055 0.4219
2076 0.506049 -0.152239
2077 0.524015 0.401027
2078 0.541953 -0.139671
2079 0.559862 0.520947
2080 0.577741 1.06585
2081 0.595588 1.25323
2082 0.613404 -0.114425
2083 0.631186 -0.360933
2084 0.648934 -0.0653781
2085 0.666646 1.48843
2086 0.684323 1.15819
2087 0.701962 0.558151
2088 0.719563 1.22351
2089 0.737125 0.471538
2090 0.754647 0.783752
2091 0.772127 1.31664
2092 0.789566 0.146188
2093 0.806961 1.50939
2094 0.824313 0.768643
2095 0.841619 1.67251
2096 0.85888 0.0315671
2097 0.876093 0.782056
2098 0.893259 1.40502
2099 0.910376 0.748239
2100 0.927443 1.59774
2101 0.94446 1.52087
2102 0.961424 1.36324
2103 0.978337 0.603699
2104 0.995195 0.446493
2105 1.012 1.90581
2106 1.02875 1.58233
2107 1.04544 0.832798
2108 1.06208 0.827223
2109 1.07865 1.94491
2110 1.09517 1.83789
2111 1.11163 0.359142
2112 1.12803 1.64616
2113 1.14436 0.153465
2114 1.16064 0.410228
2115 1.17684 1.97485
2116 1.19299 2.01804
2117 1.20907 1.92669
2118 1.22508 0.87343
2119 1.24103 1.56418
2120 1.25691 0.703084
2121 1.27272 1.9443
2122 1.28846 1.15025
2123 1.30413 1.10106
2124 1.31973 1.68787
2125 1.33525 2.1355
2126 1.35071 0.972661
2127 1.36609 1.90106
2128 1.38139 1.08175
2129 1.39662 0.524492
2130 1.41177 0.778774
2131 1.42685 0.791683
2132 1.44185 2.14032
2133 1.45677 2.21979
2134 1.47161 1.45603
2135 1.48637 0.630382
2136 1.50105 2.15214
2137 1.51564 1.04793
2138 1.53016 1.45583
2139 1.54459 0.955163
2140 1.55894 0.951829
2141 1.5732 1.23597
2142 1.58738 1.23987
2143 1.60147 2.50694
2144 1.61547 1.28182
2145 1.62939 1.52599
2146 1.64321 2.34123
2147 1.65695 1.14294
2148 1.6706 1.27945
2149 1.68416 1.02519
2150 1.69762 2.50147
2151 1.711 1.76077
2152 1.72428 0.731689
2153 1.73747 1.39794
2154 1.75056 2.59215
2155 1.76356 2.13405
2156 1.77646 1.23218
2157 1.78927 1.24786
2158 1.80198 1.70255
2159 1.8146 1.96583
2160 1.82711 1.40878
2161 1.83953 2.10236
2162 1.85185 2.36325
2163 1.86407 1.13961
2164 1.87619 1.8975
2165 1.88821 1.37954
2166 1.90012 1.31526
2167 1.91194 1.58
2168 1.92365 1.94299
2169 1.93526 2.27186
2170 1.94676 2.02126
2171 1.95816 2.36633
2172 1.96946 2.96485
2173 1.98065 2.70373
2174 1.99173 2.30154
2175 2.00271 1.6607
2176 2.01358 1.62959
2177 2.02434 2.02858
2178 2.035 2.17548
2179 2.04554 2.26699
2180 2.05598 2.39791
2181 2.06631 2.00739
2182 2.07653 1.34459
2183 2.08664 2.43291
2184 2.09663 2.69521
2185 2.10652 1.21329
2186 2.1163 1.83027
2187 2.12596 1.17756
2188 2.13551 1.69826
2189 2.14495 2.75698
2190 2.15427 2.3547
2191 2.16348 2.3056
2192 2.17258 2.04525
2193 2.18156 1.89129
2194 2.19042 2.60609
2195 2.19918 3.09127
2196 2.20781 2.4071
2197 2.21633 3.04547
2198 2.22474 1.78332
2199 2.23302 1.45019
2200 2.24119 2.40559
2201 2.24925 2.8811
2202 2.25718 2.88141
2203 2.265 2.4238
2204 2.2727 2.62676
2205 2.28028 2.21354
2206 2.28775 3.10389
2207 2.29509 3.26463
2208 2.30231 3.2394
2209 2.30942 2.26575
2210 2.3164 2.50722
2211 2.32327 2.60225
2212 2.33002 3.22751
2213 2.33664 2.79573
2214 2.34315 1.96873
2215 2.34953 2.84606
2216 2.35579 2.92223
2217 2.36194 2.70221
2218 2.36796 2.91694
2219 2.37386 1.50403
2220 2.37963 2.33306
2221 2.38529 2.13595
2222 2.39082 2.6645
2223 2.39623 3.22385
2224 2.40152 2.86357
2225 2.40669 2.09782
2226 2.41174 3.13336
2227 2.41666 2.08005
2228 2.42146 1.94392
2229 2.42614 1.70869
2230 2.43069 2.31373
2231 2.43513 3.12461
2232 2.43943 3.35661
2233 2.44362 1.95379
2234 2.44768 2.29902
2235 2.45162 2.72605
2236 2.45544 2.90222
2237 2.45914 2.1301
2238 2.46271 2.71031
2239 2.46616 2.8538
2240 2.46948 3.1007
2241 2.47269 1.91519
2242 2.47577 2.14661
2243 2.47872 3.01181
2244 2.48156 3.38767
2245 2.48427 2.78538
2246 2.48686 2.52131
2247 2.48932 2.96686
2248 2.49167 2.13819
2249 2.49389 2.08261
2250 2.49599 3.10914
2251 2.49796 3.10351
2252 2.49982 2.84495
2253 2.50155 2.39428
2254 2.50316 2.94238
2255 2.50465 2.31804
2256 2.50601 3.09625
2257 2.50726 2.67464
2258 2.50838 2.99186
2259 2.50938 1.62894
2260 2.51027 2.96721
2261 2.51103 1.88472
2262 2.51167 3.32803
2263 2.51219 2.8938
2264 2.51259 2.4041
2265 2.51287 2.18837
2266 2.51303 2.17703
2267 2.51307 1.85948
2268 2.51299 2.86774
2269 2.51279 3.43285
2270 2.51248 3.25514
2271 2.51204 2.50678
2272 2.51149 1.88299
2273 2.51082 1.93342
2274 2.51003 2.04712
2275 2.50912 1.79616
2276 2.5081 3.24139
2277 2.50696 3.08824
2278 2.5057 3.28018
2279 2.50433 1.89422
2280 2.50284 1.68308
2281 2.50124 2.89926
2282 2.49952 1.50551
2283 2.49769 3.03379
2284 2.49574 1.79738
2285 2.49368 2.94994
2286 2.4915 1.85221
2287 2.48921 3.39247
2288 2.48681 2.12199
2289 2.4843 3.34019
2290 2.48167 1.51634
2291 2.47894 1.58309
2292 2.47609 1.71785
2293 2.47313 3.33651
2294 2.47006 2.96833
2295 2.46688 2.61282
2296 2.46359 2.01531
2297 2.4602 1.63547
2298 2.45669 2.9622
2299 2.45308 3.37286
2300 2.44936 1.55817
2301 2.44553 2.70734
2302 2.44159 2.36992
2303 2.43755 1.93183
2304 2.43341 3.13195
2305 2.42915 2.90885
2306 2.4248 2.22055
2307 2.42034 2.86678
2308 2.41578 2.49152
2309 2.41111 1.99626
2310 2.40634 3.25774
2311 2.40147 2.67269
2312 2.3965 1.39506
2313 2.39143 3.26437
2314 2.38626 2.20927
2315 2.38099 1.69705
2316 2.37562 2.72083
2317 2.37015 2.57004
2318 2.36458 1.60022
2319 2.35892 1.35578
2320 2.35316 2.42557
2321 2.3473 1.63439
2322 2.34135 1.4593
2323 2.33531 2.66656
2324 2.32917 1.49687
2325 2.32293 2.95654
2326 2.31661 1.81135
2327 2.31019 2.0473
2328 2.30368 3.13039
2329 2.29708 1.31531
2330 2.29039 1.96541
2331 2.28361 3.23742
2332 2.27674 2.57521
2333 2.26978 2.8917
2334 2.26274 1.72954
2335 2.25561 2.27148
2336 2.24839 2.369
2337 2.24109 2.52278
2338 2.2337 1.7153
2339 2.22623 1.44201
2340 2.21868 3.10508
2341 2.21104 1.56375
2342 2.20333 2.71016
2343 2.19553 3.10047
2344 2.18765 1.43341
2345 2.17969 1.52979
2346 2.17165 1.41305
2347 2.16354 2.77503
2348 2.15535 2.72599
2349 2.14708 1.6449
2350 2.13873 2.768
2351 2.13031 1.79442
2352 2.12182 1.92791
2353 2.11325 2.88177
2354 2.10461 1.12141
2355 2.0959 2.09125
2356 2.08711 2.51093
2357 2.07826 1.6116
2358 2.06934 2.82373
2359 2.06034 2.33293
2360 2.05129 1.62504
2361 2.04216 1.49387
2362 2.03296 2.28177
2363 2.02371 2.91847
2364 2.01438 1.11066
2365 2.005 2.74336
2366 1.99554 1.92906
2367 1.98603 2.22591
2368 1.97646 2.01961
2369 1.96682 2.40515
2370 1.95713 2.4361
2371 1.94738 1.90036
2372 1.93756 2.75213
2373 1.92769 1.93715
2374 1.91777 1.79945
2375 1.90779 0.991972
2376 1.89775 2.28126
2377 1.88766 2.0348
2378 1.87752 2.59735
2379 1.86733 1.84575
2380 1.85708 2.5264
2381 1.84679 2.22034
2382 1.83644 2.50351
2383 1.82604 1.3261
2384 1.8156 1.98242
2385 1.80511 2.51381
2386 1.79458 2.3149
2387 1.784 1.39963
2388 1.77337 1.0405
2389 1.7627 2.0626
2390 1.75199 2.66547
2391 1.74124 1.60746
2392 1.73044 2.50748
2393 1.71961 1.9074
2394 1.70874 1.49531
2395 1.69783 2.5968
2396 1.68688 1.63876
2397 1.67589 2.42179
2398 1.66487 1.82961
2399 1.65382 0.674813
2400 1.64273 1.85297
2401 1.63161 1.30141
2402 1.62045 1.6206
2403 1.60927 1.66031
2404 1.59805 2.3036
2405 1.58681 2.49499
2406 1.57553 1.73718
2407 1.56423 1.67977
2408 1.5529 1.63477
2409 1.54155 1.44962
2410 1.53017 0.650776
2411 1.51877 1.29665
2412 1.50734 0.815725
2413 1.49589 2.31038
2414 1.48443 1.78921
2415 1.47294 1.97504
2416 1.46143 2.01155
2417 1.4499 1.30201
2418 1.43835 0.583122
2419 1.42679 2.27112
2420 1.41521 0.594334
2421 1.40362 0.48902
2422 1.39201 1.12976
2423 1.38039 0.363774
2424 1.36875 1.6692
2425 1.35711 1.90872
2426 1.34545 2.25513
2427 1.33379 0.613471
2428 1.32211 1.64699
2429 1.31043 1.41225
2430 1.29874 0.626847
2431 1.28704 0.849617
2432 1.27534 2.07443
2433 1.26363 1.61938
2434 1.25192 1.89305
2435 1.24021 1.77238
2436 1.2285 1.51997
2437 1.21678 1.0471
2438 1.20507 0.880329
2439 1.19335 0.594249
2440 1.18164 1.9476
2441 1.16992 0.993375
2442 1.15822 1.36458
2443 1.14651 0.248451
2444 1.13481 0.800335
2445 1.12312 0.661866
2446 1.11143 1.74306
2447 1.09975 0.34298
2448 1.08808 1.50651
2449 1.07642 1.88039
2450 1.06477 0.179884
2451 1.05313 1.67823
2452 1.0415 1.9584
2453 1.02988 0.910266
2454 1.01828 1.65427
2455 1.00669 1.25153
2456 0.995116 0.454577
2457 0.983558 1.55668
2458 0.972016 1.52397
2459 0.960492 1.77223
2460 0.948986 0.651306
2461 0.9375 1.84491
2462 0.926033 0.32767
2463 0.914587 0.443289
2464 0.903162 1.19357
2465 0.89176 -0.0382543
2466 0.88038 -0.0315648
2467 0.869025 0.478053
2468 0.857694 0.785111
2469 0.846388 0.636777
2470 0.835109 0.872065
2471 0.823857 0.544226
2472 0.812632 1.45341
2473 0.801436 0.0716514
2474 0.790269 0.63942
2475 0.779133 0.112223
2476 0.768026 0.603727
2477 0.756952 0.264413
2478 0.74591 0.348856
2479 0.7349 0.0156022
2480 0.723925 0.0618625
2481 0.712984 0.457498
2482 0.702078 1.63427
2483 0.691208 -0.0276255
2484 0.680374 1.33153
2485 0.669578 1.26396
2486 0.65882 1.21095
2487 0.6481 -0.215226
2488 0.637421 0.830907
2489 0.626781 0.756773
2490 0.616182 1.59043
2491 0.605624 1.52719
2492 0.595109 0.658188
2493 0.584636 -0.0138759
2494 0.574208 0.0499928
2495 0.563823 -0.0572533
2496 0.553483 0.0503076
2497 0.543188 0.132294
2498 0.53294 0.546069
2499 0.522739 0.972069
2500 0.512584 0.917076
2501 0.502478 -0.422532
2502 0.492421 -0.313068
2503 0.482413 0.552398
2504 0.472455 -0.157721
2505 0.462547 0.530728
2506 0.452691 0.880187
2507 0.442886 0.67273
2508 0.433133 1.03299
2509 0.423434 -0.522011
2510 0.413788 0.948339
2511 0.404196 1.36589
2512 0.394658 0.217517
2513 0.385176 0.8756
2514 0.37575 -0.357821
2515 0.366379 -0.136149
2516 0.357066 0.46521
2517 0.34781 1.1896
2518 0.338612 -0.00413561
2519 0.329473 -0.345909
2520 0.320392 0.315037
2521 0.311371 -0.0343806
2522 0.30241 -0.428784
2523 0.293509 -0.626269
2524 0.28467 0.362778
2525 0.275892 0.0427279
2526 0.267176 -0.251562
2527 0.258522 0.855442
2528 0.249931 0.627728
2529 0.241404 0.757518
2530 0.23294 0.300779
2531 0.224541 0.0282828
2532 0.216207 0.828628
2533 0.207938 0.491466
2534 0.199734 1.0945
2535 0.191596 -0.805259
2536 0.183525 -0.444007
2537 0.175521 0.5184
2538 0.167584 0.421044
2539 0.159715 -0.847633
2540 0.151914 0.569526
2541 0.144181 -0.0477763
2542 0.136517 1.11075
2543 0.128922 -0.610874
2544 0.121397 -0.560555
2545 0.113942 -0.625971
2546 0.106557 -0.116493
2547 0.099243 0.544554
2548 0.0919997 -0.787165
2549 0.0848278 0.537837
2550 0.0777276 0.866306
2551 0.0706992 0.204668
2552 0.0637432 -0.810672
2553 0.0568597 -0.86759
2554 0.0500491 0.282244
2555 0.0433116 0.264846
2556 0.0366476 -0.10329
2557 0.0300574 0.761024
2558 0.0235411 -0.140662
2559 0.017099 -0.727867
2560 0.0107315 0.274819
2561 0.00443868 0.924911
2562 -0.00177911 0.073662
2563 -0.00792167 -0.114919
2564 -0.0139888 0.206333
2565 -0.0199802 -0.0336246
2566 -0.0258957 -0.113775
2567 -0.0317352 0.576852
2568 -0.0374983 -0.692643
2569 -0.0431849 -0.86216
2570 -0.0487949 0.56771
2571 -0.054328 0.723227
2572 -0.0597842 -0.0558098
2573 -0.0651631 0.540297
2574 -0.0704647 -1.01816
2575 -0.0756888 0.260695
2576 -0.0808352 0.79889
2577 -0.0859039 -0.242655
2578 -0.0908947 -0.295389
2579 -0.0958075 -1.08162
2580 -0.100642 -0.790947
2581 -0.105399 -0.508064
2582 -0.110077 0.051141
2583 -0.114676 -0.66652
2584 -0.119198 -0.433626
2585 -0.12364 -0.717731
2586 -0.128004 0.553992
2587 -0.132289 0.425459
2588 -0.136496 -0.987697
2589 -0.140623 -0.6111
2590 -0.144672 0.679647
2591 -0.148642 0.275588
2592 -0.152533 -0.691388
2593 -0.156345 -0.245629
2594 -0.160077 -0.832086
2595 -0.163731 0.528298
2596 -0.167306 0.740132
2597 -0.170802 0.0794805
2598 -0.17422 0.136371
2599 -0.177558 -0.915489
2600 -0.180817 0.260067
2601 -0.183997 -0.247525
2602 -0.187099 -1.1383
2603 -0.190122 -0.736284
2604 -0.193066 -0.642355
2605 -0.195931 -1.08625
2606 -0.198718 0.599881
2607 -0.201426 -0.762814
2608 -0.204056 -0.24315
2609 -0.206607 -0.604732
2610 -0.209081 -0.748714
2611 -0.211476 0.0664925
2612 -0.213793 -0.00741821
2613 -0.216032 0.412513
2614 -0.218194 0.514688
2615 -0.220277 0.678222
2616 -0.222284 -1.18148
2617 -0.224212 0.19681
2618 -0.226064 0.236124
2619 -0.227839 -1.0325
2620 -0.229536 0.72654
2621 -0.231157 0.0606762
2622 -0.232702 0.391987
2623 -0.23417 -0.812033
2624 -0.235562 -1.0283
2625 -0.236877 0.720307
2626 -0.238117 -1.11965
2627 -0.239282 -1.12049
2628 -0.240371 -0.0290165
2629 -0.241385 0.191351
2630 -0.242324 -0.857991
2631 -0.243189 -0.587681
2632 -0.243979 -0.871706
2633 -0.244695 -0.808702
2634 -0.245337 -0.13334
2635 -0.245905 -0.320476
2636 -0.2464 -0.698484
2637 -0.246822 -0.334193
2638 -0.247171 0.118698
2639 -0.247447 0.262997
2640 -0.247651 0.26827
2641 -0.247784 0.579664
2642 -0.247844 -0.458426
2643 -0.247833 -0.524736
2644 -0.247751 0.208838
2645 -0.247599 -0.724908
2646 -0.247376 -0.625592
2647 -0.247083 0.250292
2648 -0.24672 0.696772
2649 -0.246288 -1.16274
2650 -0.245787 0.446296
2651 -0.245217 0.653518
2652 -0.244579 0.129764
2653 -0.243873 0.0716595
2654 -0.243099 -0.923669
2655 -0.242258 0.337699
2656 -0.24135 0.0295204
2657 -0.240376 -0.804529
2658 -0.239336 0.457162
2659 -0.23823 -0.758454
2660 -0.237059 0.628874
2661 -0.235823 -1.15784
2662 -0.234523 -0.102289
2663 -0.233158 -0.998202
2664 -0.23173 -0.721204
2665 -0.230239 -0.989655
2666 -0.228686 -0.072144
2667 -0.22707 -0.172669
2668 -0.225392 -0.0764169
2669 -0.223653 -0.705676
2670 -0.221852 -0.661638
2671 -0.219992 -0.559921
2672 -0.218071 -0.877668
2673 -0.216091 0.128327
2674 -0.214052 0.163708
2675 -0.211954 0.579436
2676 -0.209798 0.651517
2677 -0.207584 0.785973
2678 -0.205314 0.0772744
2679 -0.202986 0.595453
2680 -0.200603 -1.13006
2681 -0.198164 -0.230239
2682 -0.19567 0.49457
2683 -0.193121 0.244644
2684 -0.190518 -0.914371
2685 -0.187862 0.814311
2686 -0.185152 -0.175111
2687 -0.18239 0.35676
2688 -0.179576 -0.749607
2689 -0.17671 -0.478406
2690 -0.173794 0.836715
2691 -0.170827 -0.883524
2692 -0.16781 -0.400305
2693 -0.164744 -0.0309624
2694 -0.161629 -0.648509
2695 -0.158466 0.110247
2696 -0.155256 0.209614
2697 -0.151998 0.50799
2698 -0.148694 -0.835429
2699 -0.145344 -0.641523
2700 -0.141949 -0.974182
2701 -0.138509 -0.275401
2702 -0.135025 0.0183231
2703 -0.131497 -0.634043
2704 -0.127926 -0.931286
2705 -0.124312 -0.60426
2706 -0.120657 -0.843037
2707 -0.116961 -1.0704
2708 -0.113224 -0.611172
2709 -0.109447 0.439038
2710 -0.10563 0.727485
2711 -0.101775 -0.54123
2712 -0.0978811 -0.593686
2713 -0.0939498 0.417028
2714 -0.0899816 0.895792
2715 -0.0859769 -0.318331
2716 -0.0819364 0.41836
2717 -0.0778608 -0.0950582
2718 -0.0737507 -0.780123
2719 -0.0696066 0.847336
2720 -0.0654293 0.6022
2721 -0.0612193 -0.770713
2722 -0.0569772 -0.866514
2723 -0.0527038 -0.631501
2724 -0.0483996 0.361807
2725 -0.0440653 -0.354712
2726 -0.0397014 0.635837
2727 -0.0353087 -0.274756
2728 -0.0308878 -0.696214
2729 -0.0264393 0.947553
2730 -0.0219639 0.227455
2731 -0.0174622 -0.530118
2732 -0.0129348 -0.19107
2733 -0.00838246 -0.620991
2734 -0.00380576 -0.0345198
2735 0.000794652 0.00365054
2736 0.00541811 -0.102922
2737 0.010064 0.241053
2738 0.0147316 0.0481006
2739 0.0194203 0.39695
2740 0.0241294 -0.212709
2741 0.0288584 -0.121099
2742 0.0336064 0.955113
2743 0.038373 0.289035
2744 0.0431573 -0.612641
2745 0.0479588 0.938296
2746 0.0527769 1.05402
2747 0.0576107 0.884922
2748 0.0624598 -0.0817071
2749 0.0673234 -0.655231
2750 0.0722009 0.798913
2751 0.0770916 -0.417103
2752 0.0819948 -0.367824
2753 0.0869099 0.986201
2754 0.0918363 0.000847877
2755 0.0967732 1.03905
2756 0.10172 -0.327851
2757 0.106676 -0.327096
2758 0.111641 -0.203955
2759 0.116614 0.00318187
2760 0.121594 -0.356824
2761 0.12658 1.04166
2762 0.131573 0.486646
2763 0.136571 0.461079
2764 0.141573 -0.574987
2765 0.14658 -0.548194
2766 0.15159 -0.540274
2767 0.156602 0.312381
2768 0.161617 0.678419
2769 0.166633 0.488635
2770 0.17165 -0.314635
2771 0.176667 -0.56305
2772 0.181683 -0.666039
2773 0.186698 -0.397932
2774 0.191712 0.682723
2775 0.196723 -0.326815
2776 0.20173 -0.512661
2777 0.206734 0.678811
2778 0.211734 -0.504746
2779 0.216728 0.33784
2780 0.221717 0.950836
2781 0.2267 1.21645
2782 0.231675 0.838043
2783 0.236643 -0.504677
2784 0.241603 1.10996
2785 0.246554 -0.258823
2786 0.251496 -0.568366
2787 0.256427 -0.325675
2788 0.261348 0.301249
2789 0.266257 0.109789
2790 0.271154 0.55455
2791 0.276039 0.816394
2792 0.280911 0.0183413
2793 0.285769 -0.0970037
2794 0.290612 0.134181
2795 0.295441 0.294963
2796 0.300253 0.201309
2797 0.30505 0.435307
2798 0.30983 -0.556365
2799 0.314592 -0.289093
2800 0.319337 -0.249992
2801 0.324063 -0.0500489
2802 0.328769 -0.036306
2803 0.333456 -0.105308
2804 0.338123 0.357628
2805 0.342769 -0.553087
2806 0.347393 0.363264
2807 0.351995 0.635247
2808 0.356574 0.910901
2809 0.361131 0.638595
2810 0.365663 -0.25193
2811 0.370171 0.631631
2812 0.374655 0.619859
2813 0.379112 1.34585
2814 0.383544 0.88162
2815 0.38795 0.479423
2816 0.392328 -0.168422
2817 0.396679 1.05276
2818 0.401001 0.888226
2819 0.405295 0.862283
2820 0.40956 -0.113002
2821 0.413795 0.162222
2822 0.417999 0.393136
2823 0.422173 0.614824
2824 0.426316 0.769743
2825 0.430426 1.2269
2826 0.434505 -0.395564
2827 0.438551 -0.339215
2828 0.442563 0.347037
2829 0.446542 -0.271978
2830 0.450486 0.046778
2831 0.454395 0.767285
2832 0.45827 0.343383
2833 0.462108 0.671073
2834 0.465911 1.31779
2835 0.469676 1.35205
2836 0.473405 0.764279
2837 0.477096 0.322618
2838 0.480749 0.62416
2839 0.484364 0.307358
2840 0.487939 -0.411268
2841 0.491475 0.995113
2842 0.494972 -0.442738
2843 0.498428 0.822278
2844 0.501843 0.950087
2845 0.505218 1.04347
2846 0.508551 -0.0982148
2847 0.511842 1.37727
2848 0.515091 0.687387
2849 0.518296 1.37674
2850 0.521459 0.82188
2851 0.524579 1.15235
2852 0.527654 0.112584
2853 0.530685 -0.215664
2854 0.533672 0.332214
2855 0.536613 1.44313
2856 0.539509 -0.432181
2857 0.542359 0.489057
2858 0.545164 -0.347829
2859 0.547921 0.459003
2860 0.550632 0.757146
2861 0.553296 0.234971
2862 0.555912 -0.2417
2863 0.55848 -0.371433
2864 0.561001 1.43014
2865 0.563472 -0.403715
2866 0.565895 1.49695
2867 0.568269 0.706926
2868 0.570593 0.427617
2869 0.572868 0.626073
2870 0.575093 1.51553
2871 0.577267 0.513924
2872 0.579391 0.115127
2873 0.581464 1.56314
2874 0.583486 -0.177005
2875 0.585457 1.54849
2876 0.587376 1.08642
2877 0.589243 0.20116
2878 0.591058 1.39876
2879 0.59282 0.24346
2880 0.59453 0.0442435
2881 0.596187 0.683725
2882 0.597791 -0.144319
2883 0.599342 0.613532
2884 0.600839 0.92164
2885 0.602282 0.638395
2886 0.603672 0.504122
2887 0.605007 0.933934
2888 0.606288 1.56898
2889 0.607515 0.594929
2890 0.608687 -0.171276
2891 0.609804 0.759115
2892 0.610866 1.26013
2893 0.611873 0.0145474
2894 0.612824 0.812547
2895 0.61372 1.11253
2896 0.614561 0.0305269
2897 0.615345 0.72668
2898 0.616074 0.234174
2899 0.616747 0.870452
2900 0.617363 -0.237301
2901 0.617924 0.157342
2902 0.618428 -0.21025
2903 0.618875 0.28099
2904 0.619266 0.12149
2905 0.6196 0.0116446
2906 0.619878 0.226329
2907 0.620098 1.60276
2908 0.620262 0.605696
2909 0.620369 0.0160791
2910 0.620419 0.235365
2911 0.620412 1.0373
2912 0.620347 1.08542
2913 0.620226 0.474982
2914 0.620047 0.0331341
2915 0.619811 0.387792
2916 0.619518 1.49258
2917 0.619167 0.914994
2918 0.61876 -0.301949
2919 0.618295 1.43653
2920 0.617772 -0.116413
2921 0.617193 -0.100809
2922 0.616556 0.566874
2923 0.615861 1.5138
2924 0.61511 0.282745
2925 0.614301 -0.252598
2926 0.613435 0.993345
2927 0.612512 0.679373
2928 0.611532 0.839327
2929 0.610495 1.59196
2930 0.609401 -0.0864734
2931 0.60825 0.965042
2932 0.607043 0.111693
2933 0.605778 0.0650912
2934 0.604457 1.60733
2935 0.603079 0.594025
2936 0.601644 0.437177
2937 0.600154 0.19376
2938 0.598607 0.556595
2939 0.597003 1.40246
2940 0.595344 0.569253
2941 0.593629 1.15126
2942 0.591858 0.799004
2943 0.590031 0.0139276
2944 0.588149 -0.0144439
2945 0.586211 1.19157
2946 0.584218 0.761327
2947 0.58217 -0.162019
2948 0.580067 0.466697
2949 0.577909 0.819864
2950 0.575697 -0.36459
2951 0.57343 0.711646
2952 0.57111 1.08094
2953 0.568735 0.564753
2954 0.566306 0.58856
2955 0.563823 -0.272504
2956 0.561288 0.676722
2957 0.558699 -0.0527137
2958 0.556057 0.773123
2959 0.553362 -0.116767
2960 0.550614 -0.0925766
2961 0.547815 1.05587
2962 0.544963 1.2186
2963 0.54206 0.390601
2964 0.539105 1.49366
2965 0.536098 1.19991
2966 0.533041 1.35994
2967 0.529932 0.307545
2968 0.526774 -0.228177
2969 0.523565 0.296194
2970 0.520306 0.0912246
2971 0.516997 0.723916
2972 0.513639 -0.168028
2973 0.510232 1.27648
2974 0.506776 1.12588
2975 0.503272 0.207412
2976 0.499719 0.85983
2977 0.496119 0.280951
2978 0.492471 0.441149
2979 0.488776 -0.275648
2980 0.485034 -0.499236
2981 0.481245 0.47869
2982 0.47741 0.840364
2983 0.47353 0.988362
2984 0.469604 1.45244
2985 0.465632 -0.159675
2986 0.461616 1.12971
2987 0.457556 0.545531
2988 0.453451 0.206539
2989 0.449303 0.32438
2990 0.445111 0.852978
2991 0.440877 0.540899
2992 0.4366 -0.190038
2993 0.432281 0.504119
2994 0.42792 1.36692
2995 0.423517 -0.258015
2996 0.419074 0.145374
2997 0.41459 1.17125
2998 0.410066 0.497004
2999 0.405502 0.367812
3000 0.400899 -0.0787492
3001 0.396257 1.04528
3002 0.391576 -0.447927
3003 0.386858 0.216912
3004 0.382102 0.788839
3005 0.377308 1.14848
3006 0.372478 0.898342
3007 0.367612 0.126229
3008 0.36271 -0.0894188
3009 0.357772 -0.175721
3010 0.352799 0.339056
3011 0.347792 -0.0964448
3012 0.342751 0.79896
3013 0.337677 -0.32076
3014 0.332569 -0.604388
3015 0.327429 0.759021
3016 0.322257 0.0311501
3017 0.317053 1.04092
3018 0.311817 -0.175792
3019 0.306551 0.761448
3020 0.301255 -0.106789
3021 0.29593 1.20929
3022 0.290575 -0.161318
3023 0.285191 0.243787
3024 0.279779 0.258339
3025 0.274339 -0.245094
3026 0.268873 0.539477
3027 0.263379 0.961867
3028 0.25786 -0.511201
3029 0.252314 -0.396345
3030 0.246744 -0.0985748
3031 0.241149 -0.0135937
3032 0.235529 1.22994
3033 0.229886 0.0391956
3034 0.224221 0.793744
3035 0.218532 0.613974
3036 0.212822 -0.212326
3037 0.20709 0.296926
3038 0.201337 -0.650077
3039 0.195564 0.312892
3040 0.189771 0.740795
3041 0.183958 0.313557
3042 0.178127 0.846047
3043 0.172278 0.174413
3044 0.166411 0.632547
3045 0.160527 0.886536
3046 0.154626 -0.416531
3047 0.148709 -0.681076
3048 0.142777 0.587912
3049 0.136829 0.073386
3050 0.130868 0.751368
3051 0.124892 -0.842563
3052 0.118904 -0.0356654
3053 0.112903 -0.722908
3054 0.106889 0.0936745
3055 0.100864 0.920561
3056 0.094828 -0.264649
3057 0.0887816 -0.658002
3058 0.0827253 0.596796
3059 0.0766597 -0.0559351
3060 0.0705854 -0.328858
3061 0.0645029 -0.770691
3062 0.0584128 0.667184
3063 0.0523157 -0.356554
3064 0.0462121 0.0165413
3065 0.0401027 0.214662
3066 0.0339879 1.01688
3067 0.0278685 0.569414
3068 0.0217449 -0.717448
3069 0.0156177 -0.856451
3070 0.00948745 -0.335136
3071 0.00335481 0.811734
3072 -0.0027797 0.251341
3073 -0.00891548 -0.688986
3074 -0.015052 -0.207865
3075 -0.0211886 -0.304219
3076 -0.0273248 -0.984634
3077 -0.0334599 0.19936
3078 -0.0395935 -0.155583
3079 -0.0457249 0.438962
3080 -0.0518536 -0.885582
3081 -0.0579789 -0.556541
3082 -0.0641003 0.45009
3083 -0.0702173 -0.0615267
3084 -0.0763292 -0.413684
3085 -0.0824356 -0.584415
3086 -0.0885357 -0.263076
3087 -0.0946291 0.205637
3088 -0.100715 -0.352356
3089 -0.106793 -0.770119
3090 -0.112863 -0.948026
3091 -0.118924 0.227178
3092 -0.124975 -0.626288
3093 -0.131015 0.639817
3094 -0.137046 0.797427
3095 -0.143064 0.323207
3096 -0.149071 -0.20641
3097 -0.155066 0.759577
3098 -0.161047 -0.155937
3099 -0.167015 0.0337581
3100 -0.172969 -1.13308
3101 -0.178909 0.4789
3102 -0.184832 -0.178352
3103 -0.190741 0.1006
3104 -0.196633 0.778443
3105 -0.202508 0.6085
3106 -0.208365 -1.20271
3107 -0.214205 -1.1991
3108 -0.220026 -0.178859
3109 -0.225828 -0.338829
3110 -0.23161 0.265517
3111 -0.237372 -0.0326059
3112 -0.243114 0.142644
3113 -0.248834 -0.240203
3114 -0.254533 -1.04377
3115 -0.260209 -1.21451
3116 -0.265863 0.238072
3117 -0.271493 -0.238001
3118 -0.277099 0.0661203
3119 -0.282681 -1.03315
3120 -0.288238 0.0791508
3121 -0.293769 0.211492
3122 -0.299275 0.293545
3123 -0.304754 0.558485
3124 -0.310206 -0.0369714
3125 -0.315631 0.20878
3126 -0.321028 0.00557647
3127 -0.326396 -1.11343
3128 -0.331735 0.104359
3129 -0.337045 -1.00832
3130 -0.342325 0.0683938
3131 -0.347574 0.125357
3132 -0.352792 0.63066
3133 -0.357979 -0.943898
3134 -0.363134 -0.602015
3135 -0.368257 0.587082
3136 -0.373347 -1.15148
3137 -0.378403 -0.614899
3138 -0.383426 0.583714
3139 -0.388414 -0.128734
3140 -0.393368 0.253743
3141 -0.398286 0.0625445
3142 -0.403169 -0.942204
3143 -0.408016 -0.378675
3144 -0.412826 -0.946941
3145 -0.4176 -0.749499
3146 -0.422336 -0.350974
3147 -0.427034 0.539057
3148 -0.431693 0.266116
3149 -0.436314 -1.02557
3150 -0.440896 -1.22917
3151 -0.445439 -0.384192
3152 -0.449941 0.462054
3153 -0.454403 0.34608
3154 -0.458824 -0.538468
3155 -0.463204 -0.282167
3156 -0.467543 -0.146905
3157 -0.471839 -1.2292
3158 -0.476093 -0.0864787
3159 -0.480305 -0.728027
3160 -0.484473 -0.917629
3161 -0.488598 -0.692856
3162 -0.492678 -1.27213
3163 -0.496715 -0.951154
3164 -0.500707 -0.295692
3165 -0.504654 -0.527871
3166 -0.508555 -1.01261
3167 -0.512411 -0.0905697
3168 -0.516221 0.218952
3169 -0.519984 -1.0621
3170 -0.523701 -0.847452
3171 -0.52737 -0.150441
3172 -0.530993 0.382288
3173 -0.534567 -0.402874
3174 -0.538094 -1.13743
3175 -0.541572 -1.1681
3176 -0.545001 0.249012
3177 -0.548382 -0.0822255
3178 -0.551713 -1.21811
3179 -0.554995 -0.0692214
3180 -0.558227 0.312532
3181 -0.561409 -1.02231
3182 -0.56454 -1.02385
3183 -0.567621 0.20871
3184 -0.570651 -1.23758
3185 -0.573629 -0.119197
3186 -0.576556 -0.625904
3187 -0.579432 0.0674577
3188 -0.582255 0.107901
3189 -0.585027 -1.25178
3190 -0.587746 -1.1957
3191 -0.590412 -1.34063
3192 -0.593025 -0.471361
3193 -0.595585 -0.990424
3194 -0.598092 -0.810294
3195 -0.600545 -1.28151
3196 -0.602945 -0.0287575
3197 -0.605291 -0.329418
3198 -0.607582 0.125314
3199 -0.609819 -0.308547
3200 -0.612002 0.113558
3201 -0.61413 -1.2133
3202 -0.616203 -0.946429
3203 -0.618221 0.0120764
3204 -0.620184 -0.0963187
3205 -0.622091 -0.56043
3206 -0.623944 0.370933
3207 -0.62574 -0.316874
3208 -0.627481 -1.1088
3209 -0.629166 -1.30994
3210 -0.630794 -0.84553
3211 -0.632367 -1.25242
3212 -0.633883 -0.785171
3213 -0.635343 -0.31913
3214 -0.636747 -1.49034
3215 -0.638094 -0.466309
3216 -0.639384 -0.878859
3217 -0.640618 -0.553803
3218 -0.641795 -0.833495
3219 -0.642915 -1.20274
3220 -0.643977 -0.234545
3221 -0.644983 -0.455398
3222 -0.645932 -0.966871
3223 -0.646824 -1.12675
3224 -0.647658 0.135931
3225 -0.648436 -0.192867
3226 -0.649156 -0.821477
3227 -0.649819 -0.3036
3228 -0.650424 -0.930675
3229 -0.650972 -1.10223
3230 -0.651463 -1.01594
3231 -0.651897 -1.21869
3232 -0.652273 -0.714932
3233 -0.652592 -0.359666
3234 -0.652854 -1.60186
3235 -0.653058 -1.20451
3236 -0.653205 -1.31141
3237 -0.653295 -1.62036
3238 -0.653328 0.0910167
3239 -0.653304 -0.806039
3240 -0.653223 -1.31441
3241 -0.653084 -1.13697
3242 -0.652889 -0.439318
3243 -0.652637 -0.4789
3244 -0.652328 0.166069
3245 -0.651962 -0.306054
3246 -0.65154 -1.32023
3247 -0.651061 -1.0865
3248 -0.650526 -1.23231
3249 -0.649934 -0.52498
3250 -0.649286 -0.659344
3251 -0.648582 0.164123
3252 -0.647822 -1.34837
3253 -0.647006 0.00676002
3254 -0.646135 -1.32874
3255 -0.645207 -1.5777
3256 -0.644225 -0.55057
3257 -0.643187 -0.513944
3258 -0.642094 -0.244345
3259 -0.640946 0.156333
3260 -0.639743 0.0219731
3261 -0.638486 0.378367
3262 -0.637174 -1.42326
3263 -0.635808 -1.05347
3264 -0.634388 -0.341481
3265 -0.632914 -1.38503
3266 -0.631386 -0.61767
3267 -0.629805 -0.0124251
3268 -0.628171 -1.36482
3269 -0.626484 -0.886044
3270 -0.624744 -1.17787
3271 -0.622951 -1.03872
3272 -0.621106 -0.382629
3273 -0.61921 0.0230093
3274 -0.617261 0.122333
3275 -0.615261 -0.576912
3276 -0.613209 -0.643758
3277 -0.611106 -1.55903
3278 -0.608953 -0.0250209
3279 -0.606749 -0.23821
3280 -0.604495 -0.446748
3281 -0.602191 -1.04775
3282 -0.599838 -0.438174
3283 -0.597435 -0.159969
3284 -0.594984 -1.40665
3285 -0.592483 -0.133457
3286 -0.589934 -0.105143
3287 -0.587337 -0.325683
3288 -0.584693 -1.0169
3289 -0.582001 -0.720091
3290 -0.579262 -0.541108
3291 -0.576476 -1.3679
3292 -0.573644 -0.715959
3293 -0.570766 -0.339923
3294 -0.567843 -0.798305
3295 -0.564874 -1.4358
3296 -0.56186 -0.104802
3297 -0.558802 0.202635
3298 -0.555699 0.168787
3299 -0.552553 0.145741
3300 -0.549363 -1.06974
3301 -0.54613 -1.39718
3302 -0.542855 -1.28288
3303 -0.539538 0.155862
3304 -0.536178 0.232154
3305 -0.532778 0.443807
3306 -0.529336 -0.818717
3307 -0.525854 -0.811345
3308 -0.522332 0.482908
3309 -0.51877 -1.24778
3310 -0.515169 -1.45582
3311 -0.51153 -0.372385
3312 -0.507851 -0.7064
3313 -0.504135 -0.30725
3314 -0.500382 -0.948037
3315 -0.496592 -0.531215
3316 -0.492765 -0.861398
3317 -0.488902 0.523551
3318 -0.485003 -1.28279
3319 -0.48107 -0.306873
3320 -0.477101 -0.627834
3321 -0.473099 -0.257966
3322 -0.469063 -0.111657
3323 -0.464994 0.216457
3324 -0.460892 -1.04055
3325 -0.456758 -1.35558
3326 -0.452593 0.332028
3327 -0.448396 0.402969
3328 -0.444169 0.39228
3329 -0.439911 0.0429016
3330 -0.435624 0.0876105
3331 -0.431308 -1.14179
3332 -0.426964 0.178123
3333 -0.422591 0.333811
3334 -0.418191 0.539789
3335 -0.413765 -0.0674056
3336 -0.409311 0.296492
3337 -0.404832 -0.763541
3338 -0.400328 -1.36689
3339 -0.395799 0.287692
3340 -0.391246 -0.506637
3341 -0.386669 -1.32168
3342 -0.382069 -0.587348
3343 -0.377447 0.280581
3344 -0.372802 -0.139076
3345 -0.368137 -0.0493365
3346 -0.363451 -0.768427
3347 -0.358744 0.477853
3348 -0.354018 -0.051374
3349 -0.349273 -0.580761
3350 -0.344509 -0.362548
3351 -0.339728 -1.21676
3352 -0.334929 0.619663
3353 -0.330114 -1.01991
3354 -0.325283 0.44987
3355 -0.320436 -0.974876
3356 -0.315574 -0.933669
3357 -0.310698 0.219494
3358 -0.305809 -1.13857
3359 -0.300906 -1.11234
3360 -0.295991 -0.312872
3361 -0.291065 0.369427
3362 -0.286127 -0.838127
3363 -0.281178 -0.723152
3364 -0.27622 0.1104
3365 -0.271252 -0.895641
3366 -0.266276 0.607648
3367 -0.261291 -0.199423
3368 -0.256299 -0.270042
3369 -0.251301 0.625327
3370 -0.246296 -0.531758
3371 -0.241285 0.598672
3372 -0.23627 0.674354
3373 -0.23125 0.246931
3374 -0.226227 0.240598
3375 -0.221201 -0.108093
3376 -0.216172 -0.450512
3377 -0.211142 0.819306
3378 -0.20611 -0.287884
3379 -0.201078 -1.16433
3380 -0.196047 -0.428716
3381 -0.191016 0.677469
3382 -0.185987 -1.05804
3383 -0.18096 -0.490881
3384 -0.175936 -1.02916
3385 -0.170915 0.700201
3386 -0.165898 -0.162306
3387 -0.160887 -0.664313
3388 -0.15588 0.213253
3389 -0.15088 -0.0122825
3390 -0.145886 -0.493041
3391 -0.1409 -0.821002
3392 -0.135922 -0.369245
3393 -0.130952 -0.0625756
3394 -0.125992 -0.28059
3395 -0.121042 -1.00032
3396 -0.116103 0.295259
3397 -0.111175 -0.424525
3398 -0.106259 0.0436076
3399 -0.101355 -0.736506
3400 -0.0964649 -0.566003
3401 -0.0915887 0.739957
3402 -0.086727 -0.91482
3403 -0.0818807 -0.673735
3404 -0.0770502 0.199698
3405 -0.0722364 0.53348
3406 -0.0674397 0.420762
3407 -0.0626609 0.946662
3408 -0.0579007 0.545147
3409 -0.0531596 -0.679878
3410 -0.0484384 0.964459
3411 -0.0437377 -0.706563
3412 -0.0390581 -0.83052
3413 -0.0344003 -0.926811
3414 -0.0297649 -0.0357856
3415 -0.0251527 -0.70313
3416 -0.0205641 0.924827
3417 -0.0159999 0.948241
3418 -0.0114608 -0.226211
3419 -0.00694733 0.274218
3420 -0.00246016 0.0670061
3421 0.00200006 0.406713
3422 0.0064327 0.574105
3423 0.0108371 0.813582
3424 0.0152127 -0.5451
3425 0.0195587 -0.600773
3426 0.0238746 0.913934
3427 0.0281598 0.845801
3428 0.0324136 0.0653259
3429 0.0366353 0.0431586
3430 0.0408245 -0.810081
3431 0.0449803 0.574965
3432 0.0491023 -0.146209
3433 0.0531897 -0.659179
3434 0.0572421 0.962015
3435 0.0612587 -0.890648
3436 0.0652389 0.925259
3437 0.0691822 0.428848
3438 0.0730879 1.09721
3439 0.0769555 0.506755
3440 0.0807842 0.780487
3441 0.0845736 1.08838
3442 0.088323 0.822103
3443 0.0920318 0.967107
3444 0.0956995 -0.826042
3445 0.0993254 -0.206017
3446 0.102909 -0.733061
3447 0.10645 1.09707
3448 0.109947 -0.264151
3449 0.1134 0.0297241
3450 0.116808 0.355675
3451 0.120171 0.782669
3452 0.123489 -0.588301
3453 0.12676 -0.0994814
3454 0.129984 0.562495
3455 0.13316 -0.171623
3456 0.136289 0.257087
3457 0.139369 0.429364
3458 0.142399 -0.377262
3459 0.14538 -0.733371
3460 0.148311 -0.587573
3461 0.151191 -0.251717
3462 0.15402 0.772976
3463 0.156797 0.193389
3464 0.159522 0.0120986
3465 0.162194 0.653845
3466 0.164812 0.217489
3467 0.167376 -0.151962
3468 0.169886 -0.0106576
3469 0.172341 0.21736
3470 0.174741 -0.746506
3471 0.177085 -0.335385
3472 0.179372 0.196648
3473 0.181602 0.962672
3474 0.183775 -0.484997
3475 0.18589 0.250133
3476 0.187947 -0.367529
3477 0.189945 -0.345911
3478 0.191884 0.215722
3479 0.193763 0.233262
3480 0.195581 0.545219
3481 0.197339 -0.570689
3482 0.199036 -0.129601
3483 0.200672 0.807986
3484 0.202245 0.177545
3485 0.203756 -0.722696
3486 0.205204 -0.522484
3487 0.206589 -0.727424
3488 0.20791 0.541453
3489 0.209167 -0.0680711
3490 0.21036 -0.63218
3491 0.211487 0.779486
3492 0.212549 0.50286
3493 0.213546 0.960538
3494 0.214477 -0.210237
3495 0.215341 -0.670953
3496 0.216138 0.425723
3497 0.216868 0.8159
3498 0.21753 -0.016906
3499 0.218124 1.21849
3500 0.21865 -0.165842
3501 0.219108 0.0350141
3502 0.219496 -0.320883
3503 0.219815 0.824459
3504 0.220065 -0.210962
3505 0.220244 -0.0167712
3506 0.220353 -0.138483
3507 0.220392 0.20631
3508 0.22036 0.420053
3509 0.220256 0.857968
3510 0.220081 1.21836
3511 0.219834 -0.257827
3512 0.219515 1.06236
3513 0.219123 -0.137926
3514 0.218659 -0.678221
3515 0.218122 0.00988735
3516 0.217511 -0.0922098
3517 0.216828 -0.433801
3518 0.21607 0.0479229
3519 0.215239 1.21332
3520 0.214333 0.260892
3521 0.213353 0.177258
3522 0.212299 0.75314
3523 0.211169 -0.477033
3524 0.209965 -0.104041
3525 0.208685 -0.699918
3526 0.20733 -0.391724
3527 0.205899 1.0771
3528 0.204393 0.870615
3529 0.20281 0.345291
3530 0.201151 1.04887
3531 0.199416 -0.542523
3532 0.197604 1.13251
3533 0.195716 -0.520252
3534 0.193751 1.03334
3535 0.191709 -0.327348
3536 0.18959 0.213864
3537 0.187394 -0.354411
3538 0.18512 0.629618
3539 0.182769 -0.615434
3540 0.18034 -0.745729
3541 0.177834 0.598826
3542 0.17525 -0.122199
3543 0.172589 1.06797
3544 0.169849 -0.787398
3545 0.167032 -0.0482865
3546 0.164136 -0.169499
3547 0.161163 -0.126389
3548 0.158111 0.271785
3549 0.154981 0.633025
3550 0.151773 -0.157662
3551 0.148487 -0.711039
3552 0.145122 -0.432478
3553 0.141679 -0.646253
3554 0.138158 -0.428696
3555 0.134559 0.22404
3556 0.130881 -0.584353
3557 0.127126 -0.0572665
3558 0.123291 0.0657023
3559 0.119379 1.05232
3560 0.115389 1.05565
3561 0.11132 -0.116164
3562 0.107173 -0.719215
3563 0.102949 0.960943
3564 0.098646 0.138252
3565 0.0942654 1.09075
3566 0.089807 -0.587747
3567 0.0852709 -0.867114
3568 0.0806571 -0.480704
3569 0.0759657 0.827101
3570 0.0711969 -0.69497
3571 0.0663508 -0.436427
3572 0.0614275 0.218439
3573 0.0564271 -0.0220723
3574 0.0513497 -0.57069
3575 0.0461955 0.231546
3576 0.0409646 0.732969
3577 0.0356572 0.066041
3578 0.0302735 0.914369
3579 0.0248136 -0.182973
3580 0.0192777 -0.48552
3581 0.0136659 -0.424659
3582 0.00797854 -0.0720785
3583 0.00221572 -0.0926846
3584 -0.00362234 -0.242139
3585 -0.00953541 0.331537
3586 -0.0155233 0.967285
3587 -0.0215858 0.0131367
3588 -0.0277226 -0.882323
3589 -0.0339335 -0.119748
3590 -0.0402183 -0.0833434
3591 -0.0465766 -0.971456
3592 -0.0530084 0.623404
3593 -0.0595132 0.0609334
3594 -0.0660908 0.857235
3595 -0.072741 -0.366261
3596 -0.0794633 0.0281766
3597 -0.0862577 -0.84952
3598 -0.0931236 -0.347811
3599 -0.100061 0.437689
3600 -0.107069 0.872528
3601 -0.114148 -0.143023
3602 -0.121298 -1.09409
3603 -0.128517 0.000582574
3604 -0.135806 0.749566
3605 -0.143164 -0.744994
3606 -0.150592 -0.842881
3607 -0.158088 0.412807
3608 -0.165652 0.256679
3609 -0.173284 -0.987443
3610 -0.180984 -0.823582
3611 -0.18875 0.723335
3612 -0.196584 -0.454255
3613 -0.204483 0.0679337
3614 -0.212449 -0.39993
3615 -0.22048 0.278926
3616 -0.228576 -0.619231
3617 -0.236736 -0.445293
3618 -0.244961 -0.714455
3619 -0.25325 -0.501865
3620 -0.261601 0.44093
3621 -0.270016 0.21453
3622 -0.278493 -0.45456
3623 -0.287032 0.0896025
3624 -0.295632 -0.692686
3625 -0.304293 -0.558817
3626 -0.313015 -1.23142
3627 -0.321797 0.387534
3628 -0.330638 -0.349416
3629 -0.339538 -0.513359
3630 -0.348496 -0.10188
3631 -0.357512 -0.396894
3632 -0.366586 0.430781
3633 -0.375717 -0.101565
3634 -0.384904 -1.29459
3635 -0.394146 0.28945
3636 -0.403444 0.269999
3637 -0.412797 -1.01339
3638 -0.422203 -0.166064
3639 -0.431664 -0.333978
3640 -0.441177 -0.853754
3641 -0.450742 0.165239
3642 -0.46036 -0.447884
3643 -0.470028 -0.137309
3644 -0.479748 -0.588118
3645 -0.489517 0.338972
3646 -0.499335 -0.663453
3647 -0.509203 -0.004208
3648 -0.519119 -0.894903
3649 -0.529082 -0.158147
3650 -0.539092 -1.2779
3651 -0.549149 -1.21733
3652 -0.559251 -0.698438
3653 -0.569398 -0.478683
3654 -0.579589 0.134718
3655 -0.589825 -0.119949
3656 -0.600103 0.242464
3657 -0.610424 0.192114
3658 -0.620786 -0.434684
3659 -0.63119 -0.800246
3660 -0.641633 -1.0055
3661 -0.652117 -1.21173
3662 -0.662639 0.136854
3663 -0.6732 -1.23151
3664 -0.683799 0.0391896
3665 -0.694434 0.204072
3666 -0.705106 -1.57086
3667 -0.715813 -0.310167
3668 -0.726554 -1.41917
3669 -0.73733 -0.337225
3670 -0.748139 -1.23483
3671 -0.758981 -0.853946
3672 -0.769854 -0.743284
3673 -0.780759 -0.244238
3674 -0.791694 -1.54295
3675 -0.802659 0.126781
3676 -0.813652 -0.437153
3677 -0.824674 -0.728311
3678 -0.835723 -0.389301
3679 -0.846798 -1.83385
3680 -0.8579 -1.37812
3681 -0.869026 -0.148687
3682 -0.880177 -1.52243
3683 -0.891351 -0.537537
3684 -0.902548 -1.07803
3685 -0.913767 -1.82801
3686 -0.925007 -1.08737
3687 -0.936267 -1.25499
3688 -0.947547 -0.0448159
3689 -0.958845 -1.92043
3690 -0.970162 -0.443027
3691 -0.981495 -1.42748
3692 -0.992845 -1.49865
3693 -1.00421 -0.661957
3694 -1.01559 -1.00403
3695 -1.02699 -1.7937
3696 -1.03839 -0.781303
3697 -1.04981 -0.887447
3698 -1.06124 -0.405523
3699 -1.07268 -0.491189
3700 -1.08413 -1.50441
3701 -1.09559 -1.90908
3702 -1.10706 -1.60282
3703 -1.11854 -0.494308
3704 -1.13002 -0.388827
3705 -1.14151 -1.37014
3706 -1.153 -0.580721
3707 -1.16449 -1.02797
3708 -1.17599 -0.289212
3709 -1.18749 -1.14952
3710 -1.199 -1.03003
3711 -1.2105 -1.82423
3712 -1.222 -1.44377
3713 -1.2335 -0.686658
3714 -1.245 -0.484567
3715 -1.2565 -0.633182
3716 -1.26799 -0.614611
3717 -1.27947 -1.66042
3718 -1.29096 -1.96517
3719 -1.30243 -0.724923
3720 -1.3139 -1.63482
3721 -1.32536 -0.450626
3722 -1.33681 -2.18327
3723 -1.34825 -1.15275
3724 -1.35968 -1.12027
3725 -1.37109 -1.18338
3726 -1.3825 -0.930911
3727 -1.39389 -1.87439
3728 -1.40527 -2.03198
3729 -1.41663 -1.28592
3730 -1.42797 -2.30339
3731 -1.4393 -1.46251
3732 -1.45061 -1.10942
3733 -1.4619 -1.80892
3734 -1.47317 -1.84781
3735 -1.48442 -1.37751
3736 -1.49565 -1.04659
3737 -1.50686 -2.28433
3738 -1.51805 -2.24954
3739 -1.52921 -1.1681
3740 -1.54034 -1.2544
3741 -1.55145 -1.08837
3742 -1.56253 -0.789378
3743 -1.57359 -2.48346
3744 -1.58461 -1.54856
3745 -1.59561 -1.03573
3746 -1.60657 -0.866669
3747 -1.61751 -1.90145
3748 -1.62841 -2.42268
3749 -1.63928 -2.54663
3750 -1.65012 -2.32943
3751 -1.66092 -1.74882
3752 -1.67168 -2.67687
3753 -1.68241 -2.1806
3754 -1.6931 -2.55777
3755 -1.70376 -1.44164
3756 -1.71437 -0.996795
3757 -1.72494 -1.10982
3758 -1.73548 -0.925508
3759 -1.74597 -2.62661
3760 -1.75642 -1.98195
3761 -1.76682 -0.803483
3762 -1.77718 -1.65212
3763 -1.7875 -2.64278
3764 -1.79777 -2.15224
3765 -1.80799 -1.02822
3766 -1.81816 -1.53706
3767 -1.82829 -2.70409
3768 -1.83837 -2.80633
3769 -1.84839 -1.26892
3770 -1.85837 -1.34308
3771 -1.86829 -1.5202
3772 -1.87816 -1.80536
3773 -1.88797 -1.56917
3774 -1.89774 -1.42904
3775 -1.90744 -2.768
3776 -1.91709 -2.00769
3777 -1.92668 -1.68725
3778 -1.93622 -2.04978
3779 -1.94569 -1.79951
3780 -1.95511 -1.59187
3781 -1.96446 -1.72607
3782 -1.97375 -2.88411
3783 -1.98298 -1.59346
3784 -1.99215 -1.22038
3785 -2.00126 -2.7446
3786 -2.0103 -2.32688
3787 -2.01927 -1.49806
3788 -2.02818 -1.12444
3789 -2.03702 -2.51159
3790 -2.04579 -1.37309
3791 -2.0545 -2.34406
3792 -2.06313 -2.54205
3793 -2.0717 -2.24153
3794 -2.08019 -2.19255
3795 -2.08862 -1.88944
3796 -2.09697 -2.45439
3797 -2.10524 -2.90378
3798 -2.11345 -1.75728
3799 -2.12157 -2.4141
3800 -2.12963 -1.31576
3801 -2.1376 -2.23315
3802 -2.1455 -3.05686
3803 -2.15332 -2.23352
3804 -2.16106 -2.90461
3805 -2.16873 -1.57814
3806 -2.17631 -2.08376
3807 -2.18381 -1.98459
3808 -2.19123 -2.32778
3809 -2.19857 -3.1861
3810 -2.20582 -2.8269
3811 -2.213 -2.95273
3812 -2.22008 -1.9356
3813 -2.22709 -2.72484
3814 -2.234 -1.5505
3815 -2.24083 -2.15082
3816 -2.24757 -2.45488
3817 -2.25423 -2.85349
3818 -2.2608 -2.61571
3819 -2.26727 -2.53694
3820 -2.27366 -2.31355
3821 -2.27996 -2.9282
3822 -2.28616 -1.8114
3823 -2.29228 -1.77707
3824 -2.2983 -2.08233
3825 -2.30423 -2.90777
3826 -2.31006 -2.5616
3827 -2.3158 -1.42316
3828 -2.32145 -2.68942
3829 -2.327 -3.18825
3830 -2.33245 -2.6982
3831 -2.33781 -2.85776
3832 -2.34307 -2.26571
3833 -2.34823 -2.59118
3834 -2.35329 -1.91928
3835 -2.35825 -1.99028
3836 -2.36312 -2.98131
3837 -2.36788 -2.80715
3838 -2.37254 -2.77119
3839 -2.37711 -2.09769
3840 -2.38157 -2.77422
3841 -2.38592 -2.3715
3842 -2.39018 -1.81637
3843 -2.39433 -1.46838
3844 -2.39837 -1.8476
3845 -2.40231 -2.11092
3846 -2.40615 -2.35613
3847 -2.40988 -3.03237
3848 -2.41351 -1.68735
3849 -2.41702 -1.68792
3850 -2.42043 -2.27862
3851 -2.42374 -2.70353
3852 -2.42693 -3.31216
3853 -2.43002 -2.77957
3854 -2.433 -3.16374
3855 -2.43587 -2.07132
3856 -2.43862 -2.35794
3857 -2.44127 -2.38981
3858 -2.44381 -2.15293
3859 -2.44624 -1.69987
3860 -2.44855 -2.22474
3861 -2.45076 -1.49206
3862 -2.45285 -3.19292
3863 -2.45482 -3.12019
3864 -2.45669 -2.70753
3865 -2.45844 -1.73115
3866 -2.46008 -1.72417
3867 -2.4616 -2.29739
3868 -2.46301 -3.14181
3869 -2.4643 -3.09392
3870 -2.46548 -2.9888
3871 -2.46654 -2.505
3872 -2.46749 -2.04976
3873 -2.46832 -3.38497
3874 -2.46904 -2.54875
3875 -2.46963 -2.46841
3876 -2.47011 -2.06273
3877 -2.47048 -3.46761
3878 -2.47072 -2.0595
3879 -2.47085 -2.30489
3880 -2.47086 -1.70655
3881 -2.47075 -2.88545
3882 -2.47052 -1.55218
3883 -2.47017 -1.559
3884 -2.46971 -2.20195
3885 -2.46912 -3.24961
3886 -2.46842 -2.16087
3887 -2.46759 -3.08741
3888 -2.46665 -2.16403
3889 -2.46558 -2.8356
3890 -2.46439 -3.3064
3891 -2.46309 -2.9053
3892 -2.46166 -2.84173
3893 -2.46011 -3.01103
3894 -2.45844 -2.53497
3895 -2.45665 -2.05662
3896 -2.45474 -3.24752
3897 -2.45271 -2.76259
3898 -2.45055 -2.85568
3899 -2.44828 -2.88933
3900 -2.44588 -2.35497
3901 -2.44336 -2.3415
3902 -2.44072 -1.89004
3903 -2.43795 -2.89925
3904 -2.43507 -2.21991
3905 -2.43206 -2.93127
3906 -2.42893 -1.85929
3907 -2.42567 -2.77354
3908 -2.4223 -2.88916
3909 -2.4188 -2.40859
3910 -2.41518 -1.56787
3911 -2.41144 -3.0849
3912 -2.40758 -1.78309
3913 -2.40359 -1.6091
3914 -2.39948 -3.13305
3915 -2.39525 -2.47443
3916 -2.3909 -3.34844
3917 -2.38642 -1.78413
3918 -2.38182 -2.05265
3919 -2.3771 -2.00399
3920 -2.37226 -3.11209
3921 -2.3673 -1.85236
3922 -2.36221 -1.40369
3923 -2.35701 -2.44942
3924 -2.35168 -3.36032
3925 -2.34623 -2.43704
3926 -2.34065 -3.00598
3927 -2.33496 -3.10948
3928 -2.32915 -1.70308
3929 -2.32321 -2.36705
3930 -2.31715 -2.50626
3931 -2.31098 -2.5677
3932 -2.30468 -3.2205
3933 -2.29826 -2.91069
3934 -2.29172 -1.98389
3935 -2.28507 -1.96002
3936 -2.27829 -2.36437
3937 -2.27139 -2.36852
3938 -2.26437 -3.26196
3939 -2.25724 -1.78511
3940 -2.24998 -1.31198
3941 -2.24261 -1.36813
3942 -2.23512 -1.41185
3943 -2.22751 -1.64059
3944 -2.21978 -1.52653
3945 -2.21193 -3.09813
3946 -2.20397 -2.67229
3947 -2.19589 -1.43641
3948 -2.18769 -1.44799
3949 -2.17938 -1.29509
3950 -2.17095 -2.01508
3951 -2.1624 -3.13942
3952 -2.15374 -1.73158
3953 -2.14497 -2.00781
3954 -2.13608 -2.18291
3955 -2.12707 -1.69112
3956 -2.11795 -3.04936
3957 -2.10872 -1.7988
3958 -2.09938 -1.41603
3959 -2.08992 -1.37352
3960 -2.08035 -2.7927
3961 -2.07066 -2.55504
3962 -2.06087 -2.57999
3963 -2.05096 -2.6581
3964 -2.04095 -2.1169
3965 -2.03082 -1.22142
3966 -2.02058 -1.28218
3967 -2.01023 -1.15195
3968 -1.99978 -2.26737
3969 -1.98921 -1.22845
3970 -1.97854 -1.62836
3971 -1.96776 -2.27776
3972 -1.95688 -1.30221
3973 -1.94588 -1.75319
3974 -1.93478 -2.6388
3975 -1.92358 -1.55679
3976 -1.91227 -1.58709
3977 -1.90085 -2.05469
3978 -1.88933 -1.74475
3979 -1.87771 -1.79469
3980 -1.86599 -2.11757
3981 -1.85416 -2.53593
3982 -1.84223 -1.71864
3983 -1.8302 -2.64222
3984 -1.81807 -1.34547
3985 -1.80584 -2.71204
3986 -1.79351 -1.15273
3987 -1.78108 -1.22322
3988 -1.76855 -1.34836
3989 -1.75593 -1.41551
3990 -1.7432 -1.45286
3991 -1.73039 -1.00663
3992 -1.71747 -0.845708
3993 -1.70446 -0.917692
3994 -1.69136 -2.55939
3995 -1.67816 -1.86718
3996 -1.66487 -1.05372
3997 -1.65149 -0.766322
3998 -1.63801 -1.95414
3999 -1.62445 -2.26648
4000 -1.61079 -0.950621
4001 -1.59705 -2.54894
4002 -1.58321 -1.52137
4003 -1.56929 -1.24077
4004 -1.55528 -1.30099
4005 -1.54118 -1.17006
4006 -1.527 -1.81858
4007 -1.51273 -1.92034
4008 -1.49837 -2.26835
4009 -1.48394 -0.618377
4010 -1.46942 -0.781631
4011 -1.45481 -1.4642
4012 -1.44013 -2.24435
4013 -1.42536 -1.60217
4014 -1.41052 -1.22029
4015 -1.39559 -0.715771
4016 -1.38059 -1.45234
4017 -1.36551 -1.52343
4018 -1.35035 -1.10179
4019 -1.33512 -1.97597
4020 -1.31981 -2.12679
4021 -1.30442 -1.75517
4022 -1.28897 -2.19591
4023 -1.27344 -2.19868
4024 -1.25783 -1.91202
4025 -1.24216 -2.00752
4026 -1.22642 -1.33125
4027 -1.2106 -0.244389
4028 -1.19472 -2.06584
4029 -1.17877 -0.590838
4030 -1.16276 -1.82986
4031 -1.14667 -0.349091
4032 -1.13053 -0.486129
4033 -1.11431 -0.711399
4034 -1.09804 -0.963942
4035 -1.0817 -1.1752
4036 -1.0653 -1.28362
4037 -1.04884 -0.198857
4038 -1.03232 -0.526127
4039 -1.01574 -0.996916
4040 -0.999104 -0.276611
4041 -0.98241 -0.781654
4042 -0.965659 -1.94961
4043 -0.948853 -0.0241438
4044 -0.931993 -1.90178
4045 -0.915079 -0.702711
4046 -0.898113 -0.287658
4047 -0.881096 -0.916883
4048 -0.864027 -1.80399
4049 -0.846909 -0.982469
4050 -0.829742 -0.501131
4051 -0.812528 -1.55438
4052 -0.795266 -0.376648
4053 -0.777959 -0.351529
4054 -0.760606 -1.42311
4055 -0.74321 0.0256599
4056 -0.725771 -0.0604264
4057 -0.708289 -0.471505
4058 -0.690767 0.0482705
4059 -0.673204 0.124812
4060 -0.655602 -0.827248
4061 -0.637963 -1.56255
4062 -0.620286 -0.021364
4063 -0.602573 -1.12665
4064 -0.584824 -0.10348
4065 -0.567042 -0.831163
4066 -0.549226 -0.164095
4067 -0.531378 -1.2658
4068 -0.513499 -0.92523
4069 -0.49559 -0.602007
4070 -0.477651 -0.191134
4071 -0.459684 -1.14696
4072 -0.441691 -1.34554
4073 -0.42367 -0.119432
4074 -0.405625 -1.16666
4075 -0.387556 -1.2598
4076 -0.369463 -0.851612
4077 -0.351349 0.499174
4078 -0.333213 -0.240283
4079 -0.315057 -0.736342
4080 -0.296882 -0.58123
4081 -0.278689 -0.856594
4082 -0.260479 -0.4232
4083 -0.242253 -1.1077
4084 -0.224013 0.624665
4085 -0.205758 -0.0309556
4086 -0.18749 0.715828
4087 -0.16921 0.344575
4088 -0.15092 -0.739698
4089 -0.13262 0.509245
4090 -0.114311 0.196876
4091 -0.0959937 0.142845
4092 -0.0776702 0.638749
4093 -0.0593409 -0.150215
4094 -0.041007 0.672648
4095 -0.0226695 0.173873
