0 4.79917 68.1423
1 2.57816 68.1423
2 136.285 68.1423
3 15.6104 68.1423
4 124.754 68.1423
5 5.26988 68.1423
6 127.217 68.1423
7 8.69236 68.1423
8 9.70905 68.1423
9 1.92919 68.1423
10 5.80211 68.1423
11 15.8773 68.1423
12 4.70812 68.1423
13 5.33441 68.1423
14 7.7173 68.1423
15 3.43006 68.1423
16 19.5381 68.1423
17 13.444 68.1423
18 1.73719 68.1423
19 11.9344 68.1423
20 8.71689 68.1423
21 7.31501 68.1423
22 5.78266 68.1423
23 7.89507 68.1423
24 1.94877 68.1423
25 7.39177 68.1423
26 9.73041 68.1423
27 11.7917 68.1423
28 14.7166 68.1423
29 7.83801 68.1423
30 1.45718 68.1423
31 8.28577 68.1423
32 14.8201 68.1423
33 4.8954 68.1423
34 6.00706 68.1423
35 6.61315 68.1423
36 9.90867 68.1423
37 8.25697 68.1423
38 3.64729 68.1423
39 11.5034 68.1423
40 3.0769 68.1423
41 13.0896 68.1423
42 17.8284 68.1423
43 5.1466 68.1423
44 4.96903 68.1423
45 2.91847 68.1423
46 14.8921 68.1423
47 6.49499 68.1423
48 7.70837 68.1423
49 5.06266 68.1423
50 4.327 68.1423
51 6.54256 68.1423
52 7.16841 68.1423
53 7.58579 68.1423
54 16.4953 68.1423
55 5.99221 68.1423
56 13.383 68.1423
57 4.73177 68.1423
58 15.3583 68.1423
59 4.47842 68.1423
60 3.35897 68.1423
61 7.30177 68.1423
62 4.09453 68.1423
63 17.0645 68.1423
64 7.74931 68.1423
65 9.25546 68.1423
66 18.3694 68.1423
67 5.29541 68.1423
68 16.2943 68.1423
69 4.84312 68.1423
70 14.1227 68.1423
71 2.45316 68.1423
72 5.76052 68.1423
73 3.74492 68.1423
74 4.23223 68.1423
75 5.33366 68.1423
76 5.13645 68.1423
77 10.0419 68.1423
78 2.71368 68.1423
79 10.8251 68.1423
80 3.68781 68.1423
81 7.85905 68.1423
82 2.60743 68.1423
83 8.07187 68.1423
84 5.70831 68.1423
85 5.96625 68.1423
86 10.6571 68.1423
87 11.3785 68.1423
88 13.1224 68.1423
89 8.87785 68.1423
90 9.38793 68.1423
91 18.7843 68.1423
92 15.0105 68.1423
93 4.83585 68.1423
94 11.4268 68.1423
95 4.65197 68.1423
96 11.5223 68.1423
97 6.20991 68.1423
98 4.2441 68.1423
99 1.84066 68.1423
100 8.92238 68.1423
101 13.0484 68.1423
102 4.88473 68.1423
103 1.87059 68.1423
104 14.7653 68.1423
105 4.96608 68.1423
106 8.87443 68.1423
107 3.199 68.1423
108 11.1642 68.1423
109 6.24873 68.1423
110 6.26899 68.1423
111 7.78644 68.1423
112 7.58224 68.1423
113 4.92495 68.1423
114 9.14074 68.1423
115 6.44131 68.1423
116 10.8672 68.1423
117 5.56001 68.1423
118 1.0188 68.1423
119 12.9472 68.1423
120 15.2967 68.1423
121 8.14871 68.1423
122 15.2928 68.1423
123 6.54396 68.1423
124 5.93335 68.1423
125 15.5406 68.1423
126 4.90456 68.1423
127 4.93526 68.1423
128 0.0956938 68.1423
129 4.93526 68.1423
130 4.90456 68.1423
131 15.5406 68.1423
132 5.93335 68.1423
133 6.54396 68.1423
134 15.2928 68.1423
135 8.14871 68.1423
136 15.2967 68.1423
137 12.9472 68.1423
138 1.0188 68.1423
139 5.56001 68.1423
140 10.8672 68.1423
141 6.44131 68.1423
142 9.14074 68.1423
143 4.92495 68.1423
144 7.58224 68.1423
145 7.78644 68.1423
146 6.26899 68.1423
147 6.24873 68.1423
148 11.1642 68.1423
149 3.199 68.1423
150 8.87443 68.1423
151 4.96608 68.1423
152 14.7653 68.1423
153 1.87059 68.1423
154 4.88473 68.1423
155 13.0484 68.1423
156 8.92238 68.1423
157 1.84066 68.1423
158 4.2441 68.1423
159 6.20991 68.1423
160 11.5223 68.1423
161 4.65197 68.1423
162 11.4268 68.1423
163 4.83585 68.1423
164 15.0105 68.1423
165 18.7843 68.1423
166 9.38793 68.1423
167 8.87785 68.1423
168 13.1224 68.1423
169 11.3785 68.1423
170 10.6571 68.1423
171 5.96625 68.1423
172 5.70831 68.1423
173 8.07187 68.1423
174 2.60743 68.1423
175 7.85905 68.1423
176 3.68781 68.1423
177 10.8251 68.1423
178 2.71368 68.1423
179 10.0419 68.1423
180 5.13645 68.1423
181 5.33366 68.1423
182 4.23223 68.1423
183 3.74492 68.1423
184 5.76052 68.1423
185 2.45316 68.1423
186 14.1227 68.1423
187 4.84312 68.1423
188 16.2943 68.1423
189 5.29541 68.1423
190 18.3694 68.1423
191 9.25546 68.1423
192 7.74931 68.1423
193 17.0645 68.1423
194 4.09453 68.1423
195 7.30177 68.1423
196 3.35897 68.1423
197 4.47842 68.1423
198 15.3583 68.1423
199 4.73177 68.1423
200 13.383 68.1423
201 5.99221 68.1423
202 16.4953 68.1423
203 7.58579 68.1423
204 7.16841 68.1423
205 6.54256 68.1423
206 4.327 68.1423
207 5.06266 68.1423
208 7.70837 68.1423
209 6.49499 68.1423
210 14.8921 68.1423
211 2.91847 68.1423
212 4.96903 68.1423
213 5.1466 68.1423
214 17.8284 68.1423
215 13.0896 68.1423
216 3.0769 68.1423
217 11.5034 68.1423
218 3.64729 68.1423
219 8.25697 68.1423
220 9.90867 68.1423
221 6.61315 68.1423
222 6.00706 68.1423
223 4.8954 68.1423
224 14.8201 68.1423
225 8.28577 68.1423
226 1.45718 68.1423
227 7.83801 68.1423
228 14.7166 68.1423
229 11.7917 68.1423
230 9.73041 68.1423
231 7.39177 68.1423
232 1.94877 68.1423
233 7.89507 68.1423
234 5.78266 68.1423
235 7.31501 68.1423
236 8.71689 68.1423
237 11.9344 68.1423
238 1.73719 68.1423
239 13.444 68.1423
240 19.5381 68.1423
241 3.43006 68.1423
242 7.7173 68.1423
243 5.33441 68.1423
244 4.70812 68.1423
245 15.8773 68.1423
246 5.80211 68.1423
247 1.92919 68.1423
248 9.70905 68.1423
249 8.69236 68.1423
250 127.217 68.1423
251 5.26988 68.1423
252 124.754 68.1423
253 15.6104 68.1423
254 136.285 68.1423
255 2.57816 68.1423
