0 -1.43768e-15 0
1 0.293815 0.293815
2 0.583392 0.583392
3 0.86457 0.86457
4 1.13334 1.13334
5 1.38594 1.38594
6 1.61887 1.61887
7 1.82901 1.82901
8 2.01367 2.01367
9 2.1706 2.1706
10 2.29805 2.29805
11 2.39482 2.39482
12 2.46024 2.46024
13 2.49418 2.49418
14 2.4971 2.4971
15 2.46995 2.46995
16 2.41421 2.41421
17 2.33184 2.33184
18 2.22519 2.22519
19 2.09704 2.09704
20 1.95044 1.95044
21 1.78872 1.78872
22 1.61537 1.61537
23 1.43402 1.43402
24 1.2483 1.2483
25 1.06183 1.06183
26 0.878117 0.878117
27 0.700477 0.700477
28 0.531999 0.531999
29 0.375472 0.375472
30 0.233335 0.233335
31 0.107636 0.107636
32 3.4817e-16 2.22045e-16
33 -0.0883982 -0.0883982
34 -0.156846 -0.156846
35 -0.205097 -0.205097
36 -0.233368 -0.233368
37 -0.242317 -0.242317
38 -0.233023 -0.233023
39 -0.206952 -0.206952
40 -0.165911 -0.165911
41 -0.112001 -0.112001
42 -0.0475655 -0.0475655
43 0.024875 0.024875
44 0.10268 0.10268
45 0.183157 0.183157
46 0.263622 0.263622
47 0.341466 0.341466
48 0.414214 0.414214
49 0.479582 0.479582
50 0.535529 0.535529
51 0.580303 0.580303
52 0.612476 0.612476
53 0.630977 0.630977
54 0.635112 0.635112
55 0.624576 0.624576
56 0.599456 0.599456
57 0.560225 0.560225
58 0.507725 0.507725
59 0.443142 0.443142
60 0.367977 0.367977
61 0.284001 0.284001
62 0.193211 0.193211
63 0.097781 0.097781
64 4.08276e-16 2.44929e-16
65 -0.097781 -0.097781
66 -0.193211 -0.193211
67 -0.284001 -0.284001
68 -0.367977 -0.367977
69 -0.443142 -0.443142
70 -0.507725 -0.507725
71 -0.560225 -0.560225
72 -0.599456 -0.599456
73 -0.624576 -0.624576
74 -0.635112 -0.635112
75 -0.630977 -0.630977
76 -0.612476 -0.612476
77 -0.580303 -0.580303
78 -0.535529 -0.535529
79 -0.479582 -0.479582
80 -0.414214 -0.414214
81 -0.341466 -0.341466
82 -0.263622 -0.263622
83 -0.183157 -0.183157
84 -0.10268 -0.10268
85 -0.024875 -0.024875
86 0.0475655 0.0475655
87 0.112001 0.112001
88 0.165911 0.165911
89 0.206952 0.206952
90 0.233023 0.233023
91 0.242317 0.242317
92 0.233368 0.233368
93 0.205097 0.205097
94 0.156846 0.156846
95 0.0883982 0.0883982
96 6.81237e-16 3.33067e-16
97 -0.107636 -0.107636
98 -0.233335 -0.233335
99 -0.375472 -0.375472
100 -0.531999 -0.531999
101 -0.700477 -0.700477
102 -0.878117 -0.878117
103 -1.06183 -1.06183
104 -1.2483 -1.2483
105 -1.43402 -1.43402
106 -1.61537 -1.61537
107 -1.78872 -1.78872
108 -1.95044 -1.95044
109 -2.09704 -2.09704
110 -2.22519 -2.22519
111 -2.33184 -2.33184
112 -2.41421 -2.41421
113 -2.46995 -2.46995
114 -2.4971 -2.4971
115 -2.49418 -2.49418
116 -2.46024 -2.46024
117 -2.39482 -2.39482
118 -2.29805 -2.29805
119 -2.1706 -2.1706
120 -2.01367 -2.01367
121 -1.82901 -1.82901
122 -1.61887 -1.61887
123 -1.38594 -1.38594
124 -1.13334 -1.13334
125 -0.86457 -0.86457
126 -0.583392 -0.583392
127 -0.293815 -0.293815
128 -1.43768e-15 -1.46958e-15
129 0.293815 0.293815
130 0.583392 0.583392
131 0.86457 0.86457
132 1.13334 1.13334
133 1.38594 1.38594
134 1.61887 1.61887
135 1.82901 1.82901
136 2.01367 2.01367
137 2.1706 2.1706
138 2.29805 2.29805
139 2.39482 2.39482
140 2.46024 2.46024
141 2.49418 2.49418
142 2.4971 2.4971
143 2.46995 2.46995
144 2.41421 2.41421
145 2.33184 2.33184
146 2.22519 2.22519
147 2.09704 2.09704
148 1.95044 1.95044
149 1.78872 1.78872
150 1.61537 1.61537
151 1.43402 1.43402
152 1.2483 1.2483
153 1.06183 1.06183
154 0.878117 0.878117
155 0.700477 0.700477
156 0.531999 0.531999
157 0.375472 0.375472
158 0.233335 0.233335
159 0.107636 0.107636
160 3.4817e-16 6.66134e-16
161 -0.0883982 -0.0883982
162 -0.156846 -0.156846
163 -0.205097 -0.205097
164 -0.233368 -0.233368
165 -0.242317 -0.242317
166 -0.233023 -0.233023
167 -0.206952 -0.206952
168 -0.165911 -0.165911
169 -0.112001 -0.112001
170 -0.0475655 -0.0475655
171 0.024875 0.024875
172 0.10268 0.10268
173 0.183157 0.183157
174 0.263622 0.263622
175 0.341466 0.341466
176 0.414214 0.414214
177 0.479582 0.479582
178 0.535529 0.535529
179 0.580303 0.580303
180 0.612476 0.612476
181 0.630977 0.630977
182 0.635112 0.635112
183 0.624576 0.624576
184 0.599456 0.599456
185 0.560225 0.560225
186 0.507725 0.507725
187 0.443142 0.443142
188 0.367977 0.367977
189 0.284001 0.284001
190 0.193211 0.193211
191 0.097781 0.097781
192 4.08276e-16 7.34788e-16
193 -0.097781 -0.097781
194 -0.193211 -0.193211
195 -0.284001 -0.284001
196 -0.367977 -0.367977
197 -0.443142 -0.443142
198 -0.507725 -0.507725
199 -0.560225 -0.560225
200 -0.599456 -0.599456
201 -0.624576 -0.624576
202 -0.635112 -0.635112
203 -0.630977 -0.630977
204 -0.612476 -0.612476
205 -0.580303 -0.580303
206 -0.535529 -0.535529
207 -0.479582 -0.479582
208 -0.414214 -0.414214
209 -0.341466 -0.341466
210 -0.263622 -0.263622
211 -0.183157 -0.183157
212 -0.10268 -0.10268
213 -0.024875 -0.024875
214 0.0475655 0.0475655
215 0.112001 0.112001
216 0.165911 0.165911
217 0.206952 0.206952
218 0.233023 0.233023
219 0.242317 0.242317
220 0.233368 0.233368
221 0.205097 0.205097
222 0.156846 0.156846
223 0.0883982 0.0883982
224 6.81237e-16 8.88178e-16
225 -0.107636 -0.107636
226 -0.233335 -0.233335
227 -0.375472 -0.375472
228 -0.531999 -0.531999
229 -0.700477 -0.700477
230 -0.878117 -0.878117
231 -1.06183 -1.06183
232 -1.2483 -1.2483
233 -1.43402 -1.43402
234 -1.61537 -1.61537
235 -1.78872 -1.78872
236 -1.95044 -1.95044
237 -2.09704 -2.09704
238 -2.22519 -2.22519
239 -2.33184 -2.33184
240 -2.41421 -2.41421
241 -2.46995 -2.46995
242 -2.4971 -2.4971
243 -2.49418 -2.49418
244 -2.46024 -2.46024
245 -2.39482 -2.39482
246 -2.29805 -2.29805
247 -2.1706 -2.1706
248 -2.01367 -2.01367
249 -1.82901 -1.82901
250 -1.61887 -1.61887
251 -1.38594 -1.38594
252 -1.13334 -1.13334
253 -0.86457 -0.86457
254 -0.583392 -0.583392
255 -0.293815 -0.293815
