0 -4.79917 0
1 -2.57391 0.14811
2 9.45685 -135.956
3 9.66245 -12.2605
4 -0.243897 -124.754
5 -2.49395 -4.6424
6 0.845064 -127.214
7 -7.35385 -4.63444
8 6.80067 -6.92939
9 -0.0401033 1.92878
10 4.56851 3.57675
11 -10.9563 -11.4913
12 4.60533 -0.978415
13 -2.54483 4.68826
14 -5.5986 5.31153
15 1.85931 -2.88241
16 -16.9627 -9.69556
17 12.331 -5.35624
18 -0.943831 1.45843
19 9.71788 6.92763
20 3.31137 8.06343
21 -1.72191 -7.10946
22 1.01746 -5.69244
23 6.54797 4.41093
24 -0.824788 1.76562
25 -1.24585 -7.28602
26 -6.57872 7.16947
27 2.37789 11.5494
28 -13.8188 5.0616
29 7.6336 1.77835
30 -1.13047 -0.919463
31 0.355313 -8.27814
32 5.76917 13.6511
33 4.15985 -2.58081
34 -6.00382 -0.19726
35 3.41583 5.66267
36 -8.13742 5.65368
37 -0.0983365 -8.25638
38 -0.0572325 -3.64684
39 -11.5001 0.275475
40 -1.21437 -2.82712
41 5.42484 -11.9126
42 -16.5106 6.7271
43 -4.5881 2.3317
44 3.84607 3.14628
45 -2.6042 -1.31743
46 6.80142 13.2482
47 5.76579 2.99008
48 -7.57193 -1.4439
49 2.80291 -4.21595
50 4.10725 1.3614
51 6.26646 1.88056
52 -5.56476 -4.5188
53 -3.26908 -6.84524
54 10.9531 -12.3338
55 -4.61558 3.82139
56 -4.58879 12.5717
57 4.06737 -2.41787
58 -8.57365 12.7424
59 1.61117 -4.17856
60 2.94423 1.61686
61 -3.76994 -6.25327
62 1.60626 3.76631
63 -11.3182 -12.7709
64 -7.68142 1.02352
65 5.40631 7.51235
66 -16.8642 -7.28251
67 4.54573 -2.71618
68 12.2947 10.6931
69 -2.70009 -4.02062
70 -12.2593 -7.01139
71 -2.4377 0.274966
72 2.76932 5.05118
73 1.37176 3.48463
74 -4.10487 1.03047
75 0.127062 5.33215
76 2.90248 4.23778
77 9.87817 -1.8057
78 0.458671 -2.67464
79 10.6584 1.89254
80 2.96164 -2.19741
81 1.46087 7.72208
82 1.70468 -1.97301
83 -7.61551 2.67565
84 -4.8794 -2.96247
85 1.03447 5.87588
86 2.30371 -10.4051
87 -11.3456 -0.864514
88 -2.44119 -12.8933
89 8.51802 -2.50191
90 3.27307 8.79887
91 -18.7213 -1.53738
92 11.1051 -10.0991
93 -2.50928 -4.13388
94 11.3343 1.45091
95 2.02597 -4.18763
96 10.2278 5.30617
97 6.20918 -0.09517
98 -0.141399 4.24175
99 1.42746 1.16205
100 5.88357 6.70764
101 10.3106 7.99697
102 4.66001 1.46455
103 -1.55647 1.03754
104 -13.7389 -5.40909
105 4.85615 1.03909
106 1.84365 -8.68081
107 2.39805 -2.11731
108 -2.90251 10.7803
109 2.44064 -5.75238
110 3.10731 5.4447
111 7.4767 -2.17428
112 6.85769 -3.23456
113 2.44949 -4.2726
114 9.14014 -0.105118
115 -6.44099 0.0636866
116 10.8242 -0.966625
117 4.91623 -2.59699
118 0.145137 1.0084
119 12.2862 4.08377
120 14.6532 -4.39015
121 2.80596 7.65037
122 -4.00946 -14.7578
123 3.14624 -5.73799
124 0.90979 5.86318
125 6.32848 -14.1937
126 -3.91301 -2.95687
127 -4.81909 1.06452
128 -0.0956938 0
129 -4.81909 -1.06452
130 -3.91301 2.95687
131 6.32848 14.1937
132 0.90979 -5.86318
133 3.14624 5.73799
134 -4.00946 14.7578
135 2.80596 -7.65037
136 14.6532 4.39015
137 12.2862 -4.08377
138 0.145137 -1.0084
139 4.91623 2.59699
140 10.8242 0.966625
141 -6.44099 -0.0636866
142 9.14014 0.105118
143 2.44949 4.2726
144 6.85769 3.23456
145 7.4767 2.17428
146 3.10731 -5.4447
147 2.44064 5.75238
148 -2.90251 -10.7803
149 2.39805 2.11731
150 1.84365 8.68081
151 4.85615 -1.03909
152 -13.7389 5.40909
153 -1.55647 -1.03754
154 4.66001 -1.46455
155 10.3106 -7.99697
156 5.88357 -6.70764
157 1.42746 -1.16205
158 -0.141399 -4.24175
159 6.20918 0.09517
160 10.2278 -5.30617
161 2.02597 4.18763
162 11.3343 -1.45091
163 -2.50928 4.13388
164 11.1051 10.0991
165 -18.7213 1.53738
166 3.27307 -8.79887
167 8.51802 2.50191
168 -2.44119 12.8933
169 -11.3456 0.864514
170 2.30371 10.4051
171 1.03447 -5.87588
172 -4.8794 2.96247
173 -7.61551 -2.67565
174 1.70468 1.97301
175 1.46087 -7.72208
176 2.96164 2.19741
177 10.6584 -1.89254
178 0.458671 2.67464
179 9.87817 1.8057
180 2.90248 -4.23778
181 0.127062 -5.33215
182 -4.10487 -1.03047
183 1.37176 -3.48463
184 2.76932 -5.05118
185 -2.4377 -0.274966
186 -12.2593 7.01139
187 -2.70009 4.02062
188 12.2947 -10.6931
189 4.54573 2.71618
190 -16.8642 7.28251
191 5.40631 -7.51235
192 -7.68142 -1.02352
193 -11.3182 12.7709
194 1.60626 -3.76631
195 -3.76994 6.25327
196 2.94423 -1.61686
197 1.61117 4.17856
198 -8.57365 -12.7424
199 4.06737 2.41787
200 -4.58879 -12.5717
201 -4.61558 -3.82139
202 10.9531 12.3338
203 -3.26908 6.84524
204 -5.56476 4.5188
205 6.26646 -1.88056
206 4.10725 -1.3614
207 2.80291 4.21595
208 -7.57193 1.4439
209 5.76579 -2.99008
210 6.80142 -13.2482
211 -2.6042 1.31743
212 3.84607 -3.14628
213 -4.5881 -2.3317
214 -16.5106 -6.7271
215 5.42484 11.9126
216 -1.21437 2.82712
217 -11.5001 -0.275475
218 -0.0572325 3.64684
219 -0.0983365 8.25638
220 -8.13742 -5.65368
221 3.41583 -5.66267
222 -6.00382 0.19726
223 4.15985 2.58081
224 5.76917 -13.6511
225 0.355313 8.27814
226 -1.13047 0.919463
227 7.6336 -1.77835
228 -13.8188 -5.0616
229 2.37789 -11.5494
230 -6.57872 -7.16947
231 -1.24585 7.28602
232 -0.824788 -1.76562
233 6.54797 -4.41093
234 1.01746 5.69244
235 -1.72191 7.10946
236 3.31137 -8.06343
237 9.71788 -6.92763
238 -0.943831 -1.45843
239 12.331 5.35624
240 -16.9627 9.69556
241 1.85931 2.88241
242 -5.5986 -5.31153
243 -2.54483 -4.68826
244 4.60533 0.978415
245 -10.9563 11.4913
246 4.56851 -3.57675
247 -0.0401033 -1.92878
248 6.80067 6.92939
249 -7.35385 4.63444
250 0.845064 127.214
251 -2.49395 4.6424
252 -0.243897 124.754
253 9.66245 12.2605
254 9.45685 135.956
255 -2.57391 -0.14811
