0 0.0785783 0.574398
1 0.371905 -0.512128
2 0.660729 1.1009
3 0.94093 1.0854
4 1.20854 1.08847
5 1.45984 1.84321
6 1.69138 1.82807
7 1.90008 2.48126
8 2.08329 1.5229
9 2.23879 3.01319
10 2.3649 2.93991
11 2.46042 2.75694
12 2.52473 1.76393
13 2.55772 3.30258
14 2.55987 2.18885
15 2.53215 3.24675
16 2.47604 3.1502
17 2.39349 2.77247
18 2.28689 1.45831
19 2.15897 1.60192
20 2.01279 1.63528
21 1.85165 2.31887
22 1.67902 1.65648
23 1.49849 1.99673
24 1.31367 0.687668
25 1.12813 1.47927
26 0.945333 1.64498
27 0.768566 1.2692
28 0.60087 0.343229
29 0.444988 -0.296754
30 0.303317 0.970922
31 0.177861 -0.506736
32 0.0702049 -0.478168
33 -0.0185145 0.166698
34 -0.087619 0.449614
35 -0.136893 0.271857
36 -0.166578 -0.520993
37 -0.177354 -0.426652
38 -0.170315 -0.103819
39 -0.146936 0.0146507
40 -0.109028 -0.507649
41 -0.0586904 -0.340935
42 0.00174274 -0.463847
43 0.0697639 -0.0131677
44 0.142753 -0.317856
45 0.21804 0.458629
46 0.292973 0.00237327
47 0.364975 -0.343086
48 0.43161 0.130322
49 0.490633 0.451455
50 0.540048 0.355861
51 0.578145 0.98125
52 0.603544 0.114499
53 0.61522 1.49241
54 0.612524 0.598769
55 0.595197 0.565964
56 0.56337 0.878324
57 0.517556 0.290743
58 0.458637 0.0178332
59 0.387836 -0.46676
60 0.306685 0.42627
61 0.216984 -0.468303
62 0.120756 -0.331063
63 0.020196 0.677905
64 -0.0823891 0.502792
65 -0.184635 -1.0156
66 -0.284181 -0.136133
67 -0.378731 -1.06883
68 -0.466108 -0.470127
69 -0.544316 -1.25686
70 -0.611583 -0.0709555
71 -0.666416 -0.0041141
72 -0.707633 -0.642107
73 -0.734399 -1.60409
74 -0.746251 -1.11704
75 -0.743109 -0.0941641
76 -0.725287 -0.316516
77 -0.693488 -0.323483
78 -0.648789 0.316732
79 -0.592626 -1.46751
80 -0.526757 -1.18552
81 -0.453228 -0.668872
82 -0.374325 0.149394
83 -0.292524 -0.452441
84 -0.210437 -0.568651
85 -0.130745 -0.648202
86 -0.0561401 0.71967
87 0.0107395 0.924898
88 0.0673749 0.273102
89 0.111427 -0.610835
90 0.140797 1.13602
91 0.153678 -0.5922
92 0.148607 -0.336723
93 0.124504 -0.416183
94 0.0807062 0.902454
95 0.0169941 1.0211
96 -0.066394 -0.539095
97 -0.168756 -0.304949
98 -0.288929 -1.08547
99 -0.425306 -0.0167172
100 -0.575858 -0.543029
101 -0.738169 -0.11584
102 -0.909478 -0.963252
103 -1.08673 -0.115516
104 -1.26663 -0.643178
105 -1.4457 -1.00109
106 -1.62039 -1.13224
107 -1.78708 -1.88763
108 -1.94219 -2.26069
109 -2.08228 -1.76164
110 -2.20405 -2.31204
111 -2.30449 -2.41339
112 -2.38089 -3.40623
113 -2.4309 -3.14378
114 -2.45261 -1.84794
115 -2.44459 -2.95217
116 -2.4059 -2.75739
117 -2.33613 -2.07355
118 -2.23541 -2.94314
119 -2.10443 -1.36056
120 -1.94441 -1.51019
121 -1.75711 -2.5711
122 -1.54477 -0.643349
123 -1.31008 -0.452546
124 -1.05616 -1.49672
125 -0.786476 -0.143445
126 -0.504779 0.282699
127 -0.215051 -0.196283
128 0.0785783 -0.476188
129 0.371905 -0.692226
130 0.660729 0.0396789
131 0.94093 1.37735
132 1.20854 1.73194
133 1.45984 1.75709
134 1.69138 2.07797
135 1.90008 2.03273
136 2.08329 1.81776
137 2.23879 2.11283
138 2.3649 1.40286
139 2.46042 2.88866
140 2.52473 1.73786
141 2.55772 2.51214
142 2.55987 1.90939
143 2.53215 1.75556
144 2.47604 2.75834
145 2.39349 1.39329
146 2.28689 2.05282
147 2.15897 1.14401
148 2.01279 2.33316
149 1.85165 1.97126
150 1.67902 2.47238
151 1.49849 1.32022
152 1.31367 1.68875
153 1.12813 1.89435
154 0.945333 0.697707
155 0.768566 -0.222448
156 0.60087 1.08564
157 0.444988 0.0611527
158 0.303317 0.407942
159 0.177861 -0.814908
160 0.0702049 -0.300361
161 -0.0185145 0.542496
162 -0.087619 0.433391
163 -0.136893 -0.906863
164 -0.166578 -0.231321
165 -0.177354 -0.192979
166 -0.170315 0.268932
167 -0.146936 0.599181
168 -0.109028 0.825658
169 -0.0586904 0.494759
170 0.00174274 0.252408
171 0.0697639 -0.705932
172 0.142753 -0.2726
173 0.21804 0.895418
174 0.292973 -0.181574
175 0.364975 1.31031
176 0.43161 1.18793
177 0.490633 0.862013
178 0.540048 -0.448655
179 0.578145 0.736734
180 0.603544 0.177448
181 0.61522 1.5038
182 0.612524 -0.322258
183 0.595197 -0.370004
184 0.56337 1.30479
185 0.517556 0.422445
186 0.458637 -0.409779
187 0.387836 0.702124
188 0.306685 0.915878
189 0.216984 0.541104
190 0.120756 0.529649
191 0.020196 -0.654679
192 -0.0823891 -0.112003
193 -0.184635 -0.171107
194 -0.284181 -0.647436
195 -0.378731 0.606043
196 -0.466108 0.608034
197 -0.544316 -1.39541
198 -0.611583 0.188453
199 -0.666416 0.407355
200 -0.707633 0.0550352
201 -0.734399 -0.628424
202 -0.746251 -1.39834
203 -0.743109 -1.35177
204 -0.725287 -0.904063
205 -0.693488 -0.788726
206 -0.648789 -1.28747
207 -0.592626 -0.997457
208 -0.526757 -1.24021
209 -0.453228 -1.07759
210 -0.374325 0.374933
211 -0.292524 -0.444177
212 -0.210437 -0.965989
213 -0.130745 0.65631
214 -0.0561401 -0.208034
215 0.0107395 0.95403
216 0.0673749 -0.290684
217 0.111427 0.0338478
218 0.140797 0.334034
219 0.153678 -0.666377
220 0.148607 -0.682633
221 0.124504 -0.357455
222 0.0807062 -0.504307
223 0.0169941 0.0603947
224 -0.066394 0.364122
225 -0.168756 -0.223014
226 -0.288929 -0.371294
227 -0.425306 -0.0353384
228 -0.575858 -0.599646
229 -0.738169 -1.14226
230 -0.909478 -0.570404
231 -1.08673 -1.47499
232 -1.26663 -0.693933
233 -1.4457 -0.889533
234 -1.62039 -1.74932
235 -1.78708 -2.52593
236 -1.94219 -2.61438
237 -2.08228 -1.98293
238 -2.20405 -2.48029
239 -2.30449 -2.82176
240 -2.38089 -2.03623
241 -2.4309 -3.08649
242 -2.45261 -2.24805
243 -2.44459 -1.97951
244 -2.4059 -3.39559
245 -2.33613 -1.40137
246 -2.23541 -1.94134
247 -2.10443 -2.56254
248 -1.94441 -2.19332
249 -1.75711 -2.37129
250 -1.54477 -1.91951
251 -1.31008 -1.48159
252 -1.05616 -1.23818
253 -0.786476 -0.826363
254 -0.504779 0.292951
255 -0.215051 -1.03453
