0.0	0.0	0.0
0.0	0.8	0.0980171403295606
0.0	1.6	0.19509032201612825
0.0	2.4000000000000004	0.29028467725446233
0.0	3.2	0.3826834323650898
0.0	4.0	0.47139673682599764
0.0	4.800000000000001	0.5555702330196022
0.0	5.6000000000000005	0.6343932841636455
0.0	6.4	0.7071067811865476
0.0	7.2	0.7730104533627369
0.0	8.0	0.8314696123025452
0.0	8.8	0.8819212643483549
0.0	9.600000000000001	0.9238795325112867
0.0	10.4	0.9569403357322088
0.0	11.200000000000001	0.9807852804032304
0.0	12.0	0.9951847266721968
0.0	12.8	1.0
0.0	13.600000000000001	0.9951847266721969
0.0	14.4	0.9807852804032304
0.0	15.200000000000001	0.9569403357322089
0.0	16.0	0.9238795325112867
0.0	16.8	0.8819212643483553
0.0	17.6	0.8314696123025453
0.0	18.400000000000002	0.7730104533627371
0.0	19.200000000000003	0.7071067811865476
0.0	20.0	0.6343932841636458
0.0	20.8	0.5555702330196025
0.0	21.6	0.4713967368259978
0.0	22.400000000000002	0.3826834323650899
0.0	23.200000000000003	0.2902846772544628
0.0	24.0	0.1950903220161286
0.0	24.8	0.09801714032956083
0.0	25.6	1.2246467991473532e-16

0.8	0.0	0.19509032201612825
0.8	0.8	0.24992670479186396
0.8	1.6	0.3100584202263479
0.8	2.4000000000000004	0.37352863194214425
0.8	3.2	0.438591403534562
0.8	4.0	0.5036849078337442
0.8	4.800000000000001	0.5674105276003126
0.8	5.6000000000000005	0.6285166677506937
0.8	6.4	0.6858862953022158
0.8	7.2	0.7385273849981355
0.8	8.0	0.7855655820572303
0.8	8.8	0.8262385036109612
0.8	9.600000000000001	0.8598911911352304
0.8	10.4	0.8859723007731506
0.8	11.200000000000001	0.9040306794540325
0.8	12.0	0.913712024172031
0.8	12.8	0.9147553612626993
0.8	13.600000000000001	0.9069891131747035
0.8	14.4	0.8903265428935381
0.8	15.200000000000001	0.8647603813342287
0.8	16.0	0.8303564508870873
0.8	16.8	0.7872460987988738
0.8	17.6	0.7356172468442066
0.8	18.400000000000002	0.6757038481402318
0.8	19.200000000000003	0.6077735170201426
0.8	20.0	0.532113062300566
0.8	20.8	0.4490116063533987
0.8	21.6	0.3587409099683362
0.8	22.400000000000002	0.26153244337694637
0.8	23.200000000000003	0.1575506436757616
0.8	24.0	0.0468616741465506
0.8	24.8	-0.07060315337707568
0.8	25.6	-0.19509032201612825

1.6	0.0	0.3826834323650898
1.6	0.8	0.3965407684934159
1.6	1.6	0.42168773381971836
1.6	2.4000000000000004	0.45517962517244637
1.6	3.2	0.4944681358156581
1.6	4.0	0.537340362623598
1.6	4.800000000000001	0.5818696176079516
1.6	5.6000000000000005	0.6263758082364232
1.6	6.4	0.6693935324861107
1.6	7.2	0.7096463480216733
1.6	8.0	0.7460259321583866
1.6	8.8	0.7775750600577851
1.6	9.600000000000001	0.8034735007890663
1.6	10.4	0.8230260708444953
1.6	11.200000000000001	0.8356521975320569
1.6	12.0	0.8408764344315078
1.6	12.8	0.8383194409346502
1.6	13.600000000000001	0.8276889901606346
1.6	14.4	0.8087706059196189
1.6	15.200000000000001	0.7814174509515339
1.6	16.0	0.7455390958747057
1.6	16.8	0.7010887910723207
1.6	17.6	0.6480488415016645
1.6	18.400000000000002	0.5864136459373406
1.6	19.200000000000003	0.516169905645407
1.6	20.0	0.4372734304388892
1.6	20.8	0.3496218692201688
1.6	21.6	0.2530225633089904
1.6	22.400000000000002	0.14715455886854614
1.6	23.200000000000003	0.03152361310631274
1.6	24.0	-0.09459122032753406
1.6	24.8	-0.23220114796446728
1.6	25.6	-0.3826834323650898

2.4000000000000004	0.0	0.5555702330196022
2.4000000000000004	0.8	0.5318649145991736
2.4000000000000004	1.6	0.5249716370722702
2.4000000000000004	2.4000000000000004	0.5310333303300327
2.4000000000000004	3.2	0.5467603127740315
2.4000000000000004	4.0	0.5693377960084223
2.4000000000000004	4.800000000000001	0.596350642727947
2.4000000000000004	5.6000000000000005	0.6257221691696871
2.4000000000000004	6.4	0.6556643358835867
2.4000000000000004	7.2	0.6846371238173272
2.4000000000000004	8.0	0.71131526407245
2.4000000000000004	8.8	0.7345607932646854
2.4000000000000004	9.600000000000001	0.7534001536762585
2.4000000000000004	10.4	0.7670047575980221
2.4000000000000004	11.200000000000001	0.7746740958723416
2.4000000000000004	12.0	0.7758205975712275
2.4000000000000004	12.8	0.7699555455751481
2.4000000000000004	13.600000000000001	0.756675425021854
2.4000000000000004	14.4	0.7356481306417229
2.4000000000000004	15.200000000000001	0.7065984864595325
2.4000000000000004	16.0	0.6692925379611316
2.4000000000000004	16.8	0.6235200625336383
2.4000000000000004	17.6	0.5690747079240697
2.4000000000000004	18.400000000000002	0.5057311089260175
2.4000000000000004	19.200000000000003	0.43321824690508737
2.4000000000000004	20.0	0.35118820152811137
2.4000000000000004	20.8	0.25917929445946514
2.4000000000000004	21.6	0.15657243481668387
2.4000000000000004	22.400000000000002	0.04253923829068015
2.4000000000000004	23.200000000000003	-0.08401980333357656
2.4000000000000004	24.0	-0.22454918951712122
2.4000000000000004	24.8	-0.3809268494187518
2.4000000000000004	25.6	-0.5555702330196022

3.2	0.0	0.7071067811865476
3.2	0.8	0.6503766179925692
3.2	1.6	0.6152999005003178
3.2	2.4000000000000004	0.5972208254750511
3.2	3.2	0.5922008352934002
3.2	4.0	0.5968985013627723
3.2	4.800000000000001	0.6084714369604443
3.2	5.6000000000000005	0.6244961780421655
3.2	6.4	0.6429026727331374
3.2	7.2	0.6619205959808643
3.2	8.0	0.6800351772072953
3.2	8.8	0.6959506136976301
3.2	9.600000000000001	0.7085594555102979
3.2	10.4	0.7169166007096159
3.2	11.200000000000001	0.7202167422059812
3.2	12.0	0.7177742669756748
3.2	12.8	0.7090047307939578
3.2	13.600000000000001	0.6934071212827304
3.2	14.4	0.6705461822132153
3.2	15.200000000000001	0.640034104638889
3.2	16.0	0.6015108965270856
3.2	16.8	0.5546227220508317
3.2	17.6	0.49899745351634645
3.2	18.400000000000002	0.4342166008975127
3.2	19.200000000000003	0.3597826728489061
3.2	20.0	0.27508087433384026
3.2	20.8	0.17933385365947702
3.2	21.6	0.07154796812231354
3.2	22.400000000000002	-0.04955076695300774
3.2	23.200000000000003	-0.18559325815642375
3.2	24.0	-0.3386591198666616
3.2	24.8	-0.5113869130155355
3.2	25.6	-0.7071067811865476

4.0	0.0	0.8314696123025452
4.0	0.8	0.7472343689203597
4.0	1.6	0.6886296815015506
4.0	2.4000000000000004	0.6503480814659119
4.0	3.2	0.6279222560402413
4.0	4.0	0.617582227212816
4.0	4.800000000000001	0.6161384809245717
4.0	5.6000000000000005	0.620886285496618
4.0	6.4	0.6295272633608796
4.0	7.2	0.6401049564648544
4.0	8.0	0.6509516791245545
4.0	8.8	0.6606444037177259
4.0	9.600000000000001	0.6679677916256832
4.0	10.4	0.6718827781590386
4.0	11.200000000000001	0.6714993570184169
4.0	12.0	0.6660523960214568
4.0	12.8	0.6548794582880487
4.0	13.600000000000001	0.637399707041586
4.0	14.4	0.6130930413915541
4.0	15.200000000000001	0.5814786473065172
4.0	16.0	0.5420921536134286
4.0	16.8	0.49446055721522497
4.0	17.6	0.4380740235495654
4.0	18.400000000000002	0.3723535751169764
4.0	19.200000000000003	0.2966135488466781
4.0	20.0	0.21001752681838295
4.0	20.8	0.11152621740689589
4.0	21.6	-0.0001645237021862117
4.0	22.400000000000002	-0.1266977022250193
4.0	23.200000000000003	-0.27014383778569545
4.0	24.0	-0.43310742141823066
4.0	24.8	-0.6188550102506754
4.0	25.6	-0.8314696123025452

4.800000000000001	0.0	0.9238795325112867
4.800000000000001	0.8	0.8184609619824372
4.800000000000001	1.6	0.7416353801644472
4.800000000000001	2.4000000000000004	0.6876181964436969
4.800000000000001	3.2	0.6515561688647579
4.800000000000001	4.0	0.6293676449727368
4.800000000000001	4.800000000000001	0.6176116683026074
4.800000000000001	5.6000000000000005	0.6133806703310463
4.800000000000001	6.4	0.6142123840739968
4.800000000000001	7.2	0.6180173664922883
4.800000000000001	8.0	0.6230191311990022
4.800000000000001	8.8	0.6277043941143976
4.800000000000001	9.600000000000001	0.6307813417864767
4.800000000000001	10.4	0.6311441605534927
4.800000000000001	11.200000000000001	0.6278423269971585
4.800000000000001	12.0	0.6200533660922756
4.800000000000001	12.8	0.6070579407935004
4.800000000000001	13.600000000000001	0.588216251327673
4.800000000000001	14.4	0.5629447983419233
4.800000000000001	15.200000000000001	0.5306926039640606
4.800000000000001	16.0	0.49091599004686903
4.800000000000001	16.8	0.4430509833419325
4.800000000000001	17.6	0.38648235169765943
4.800000000000001	18.400000000000002	0.32050817083185706
4.800000000000001	19.200000000000003	0.24429867353432422
4.800000000000001	20.0	0.1568479364023465
4.800000000000001	20.8	0.05691670561968724
4.800000000000001	21.6	-0.05703565709607092
4.800000000000001	22.400000000000002	-0.18693252693819778
4.800000000000001	23.200000000000003	-0.3351775799296099
4.800000000000001	24.0	-0.5047720899195954
4.800000000000001	24.8	-0.6994562263086466
4.800000000000001	25.6	-0.9238795325112867

5.6000000000000005	0.0	0.9807852804032304
5.6000000000000005	0.8	0.8610938801413723
5.6000000000000005	1.6	0.7718315483631807
5.6000000000000005	2.4000000000000004	0.7069316004015056
5.6000000000000005	3.2	0.6613146296784023
5.6000000000000005	4.0	0.630718207410954
5.6000000000000005	4.800000000000001	0.6115572465263059
5.6000000000000005	5.6000000000000005	0.6008094309251436
5.6000000000000005	6.4	0.5959210837813509
5.6000000000000005	7.2	0.5947296454778619
5.6000000000000005	8.0	0.5953995835690565
5.6000000000000005	8.8	0.5963690887461519
5.6000000000000005	9.600000000000001	0.5963053424439164
5.6000000000000005	10.4	0.5940664898877787
5.6000000000000005	11.200000000000001	0.588668730238932
5.6000000000000005	12.0	0.5792571535350459
5.6000000000000005	12.8	0.5650791205189576
5.6000000000000005	13.600000000000001	0.5454591023761057
5.6000000000000005	14.4	0.519773977287523
5.6000000000000005	15.200000000000001	0.4874278223902353
5.6000000000000005	16.0	0.44782524459093986
5.6000000000000005	16.8	0.4003422616553465
5.6000000000000005	17.6	0.3442936746320675
5.6000000000000005	18.400000000000002	0.27889576103385744
5.6000000000000005	19.200000000000003	0.20322296077722737
5.6000000000000005	20.0	0.11615701740898679
5.6000000000000005	20.8	0.016326767369548197
5.6000000000000005	21.6	-0.09796357060357302
5.6000000000000005	22.400000000000002	-0.2288201786140101
5.6000000000000005	23.200000000000003	-0.3788625933822839
5.6000000000000005	24.0	-0.5513475751366254
5.6000000000000005	24.8	-0.7503184284164767
5.6000000000000005	25.6	-0.9807852804032304

6.4	0.0	1.0
6.4	0.8	0.8732969709290206
6.4	1.6	0.7776640817388167
6.4	2.4000000000000004	0.7069603089925454
6.4	3.2	0.6560503875133551
6.4	4.0	0.6206307531998411
6.4	4.800000000000001	0.5970867631704658
6.4	5.6000000000000005	0.582375488620925
6.4	6.4	0.5739293672223107
6.4	7.2	0.5695768142182669
6.4	8.0	0.5674765557101406
6.4	8.8	0.5660629893585055
6.4	9.600000000000001	0.5640003175572466
6.4	10.4	0.5601435528003088
6.4	11.200000000000001	0.5535047779218238
6.4	12.0	0.5432232658400322
6.4	12.8	0.528538232711127
6.4	13.600000000000001	0.5087631213044426
6.4	14.4	0.48326039245981045
6.4	15.200000000000001	0.45141584458225803
6.4	16.0	0.41261148566929445
6.4	16.8	0.3661959493083493
6.4	17.6	0.31145137393922206
6.4	18.400000000000002	0.24755555046249067
6.4	19.200000000000003	0.17353798239189508
6.4	20.0	0.08822828881261852
6.4	20.8	-0.009804894995750262
6.4	21.6	-0.12232671204809975
6.4	22.400000000000002	-0.25152319942683954
6.4	23.200000000000003	-0.40010588747743986
6.4	24.0	-0.5714377038367313
6.4	24.8	-0.769684811739181
6.4	25.6	-1.0

7.2	0.0	0.9807852804032304
7.2	0.8	0.8544291023012046
7.2	1.6	0.7585661485210021
7.2	2.4000000000000004	0.6871933111616408
7.2	3.2	0.6352935295364702
7.2	4.0	0.5986648892083071
7.2	4.800000000000001	0.5737804029244753
7.2	5.6000000000000005	0.5576728802106654
7.2	6.4	0.5478402647044239
7.2	7.2	0.542167614942735
7.2	8.0	0.5388625557806038
7.2	8.8	0.5364015588297065
7.2	9.600000000000001	0.5334848415517315
7.2	10.4	0.528998022347162
7.2	11.200000000000001	0.521978946350308
7.2	12.0	0.5115883141638402
7.2	12.8	0.4970829116192399
7.2	13.600000000000001	0.47779035901756073
7.2	14.4	0.45308437761720716
7.2	15.200000000000001	0.4223596122388915
7.2	16.0	0.3850050531281658
7.2	16.8	0.3403750676120293
7.2	17.6	0.2877569811511235
7.2	18.400000000000002	0.2263340351958151
7.2	19.200000000000003	0.15514239129519983
7.2	20.0	0.0730206409228181
7.2	20.8	-0.02144998977907817
7.2	21.6	-0.13001689223041535
7.2	22.400000000000002	-0.25484136170927896
7.2	23.200000000000003	-0.39860102058540503
7.2	24.0	-0.5646131280685356
7.2	24.8	-0.756983318643405
7.2	25.6	-0.9807852804032304

8.0	0.0	0.9238795325112867
8.0	0.8	0.8050671413923881
8.0	1.6	0.7149766693690244
8.0	2.4000000000000004	0.6479512920564809
8.0	3.2	0.5992630601559776
8.0	4.0	0.5649519331750874
8.0	4.800000000000001	0.5416937143442566
8.0	5.6000000000000005	0.5266916178382525
8.0	6.4	0.5175871153237994
8.0	7.2	0.5123864592739458
8.0	8.0	0.5093998941622405
8.0	8.8	0.5071910670505371
8.0	9.600000000000001	0.5045345553199672
8.0	10.4	0.5003797568393185
8.0	11.200000000000001	0.4938196491559308
8.0	12.0	0.48406312921112393
8.0	12.8	0.47040980132877713
8.0	13.600000000000001	0.45222619462719094
8.0	14.4	0.4289224657331133
8.0	15.200000000000001	0.39992868141431365
8.0	16.0	0.3646697797889456
8.0	16.8	0.3225382780774353
8.0	17.6	0.27286372806310843
8.0	18.400000000000002	0.21487781476369588
8.0	19.200000000000003	0.14767384504070513
8.0	20.0	0.0701591750904364
8.0	20.8	-0.01900112880310644
8.0	21.6	-0.1214514231616397
8.0	22.400000000000002	-0.23922584127156704
8.0	23.200000000000003	-0.37484479089047185
8.0	24.0	-0.5314311275541475
8.0	24.8	-0.7128502819350574
8.0	25.6	-0.9238795325112867

8.8	0.0	0.8314696123025453
8.8	0.8	0.7269823571434945
8.8	1.6	0.6483206062833826
8.8	2.4000000000000004	0.5903700781393717
8.8	3.2	0.5488529069042312
8.8	4.0	0.5201829963104321
8.8	4.800000000000001	0.5013473773756791
8.8	5.6000000000000005	0.4898088262048974
8.8	6.4	0.48342582230272724
8.8	7.2	0.4803866033086073
8.8	8.0	0.47915462447370627
8.8	8.8	0.47842318168115106
8.8	9.600000000000001	0.4770773225626053
8.8	10.4	0.47416146521012337
8.8	11.200000000000001	0.4688513793140239
8.8	12.0	0.4604293691652654
8.8	12.8	0.4482616387758411
8.8	13.600000000000001	0.43177692163373427
8.8	14.4	0.41044552507304044
8.8	15.200000000000001	0.38375797431626923
8.8	16.0	0.3512024450985348
8.8	16.8	0.31224014637540237
8.8	17.6	0.26627775471010784
8.8	18.400000000000002	0.2126359070479113
8.8	19.200000000000003	0.15051262489162504
8.8	20.0	0.07894036508373893
8.8	20.8	-0.0032648365197601864
8.8	21.6	-0.09756395118257134
8.8	22.400000000000002	-0.20576745622343623
8.8	23.200000000000003	-0.3301223753355709
8.8	24.0	-0.4734170369908176
8.8	24.8	-0.6391073994473219
8.8	25.6	-0.8314696123025453

9.600000000000001	0.0	0.7071067811865476
9.600000000000001	0.8	0.6230711398922453
9.600000000000001	1.6	0.5609517907172128
9.600000000000001	2.4000000000000004	0.5163533999886254
9.600000000000001	3.2	0.485592837219062
9.600000000000001	4.0	0.4655765977004083
9.600000000000001	4.800000000000001	0.4537003269680372
9.600000000000001	5.6000000000000005	0.4477664087065083
9.600000000000001	6.4	0.4459162789038226
9.600000000000001	7.2	0.4465747036875274
9.600000000000001	8.0	0.4484037282916612
9.600000000000001	8.8	0.45026438797254587
9.600000000000001	9.600000000000001	0.4511845830339382
9.600000000000001	10.4	0.4503317712773842
9.600000000000001	11.200000000000001	0.4469893316764565
9.600000000000001	12.0	0.4405356104409097
9.600000000000001	12.8	0.43042478077979
9.600000000000001	13.600000000000001	0.4161687350443321
9.600000000000001	14.4	0.3973192857199113
9.600000000000001	15.200000000000001	0.37344998198807405
9.600000000000001	16.0	0.34413685228052354
9.600000000000001	16.8	0.3089373603613891
9.600000000000001	17.6	0.2673668119456486
9.600000000000001	18.400000000000002	0.21887136857382228
9.600000000000001	19.200000000000003	0.16279671216007
9.600000000000001	20.0	0.09835125279365575
9.600000000000001	20.8	0.024562578048346197
9.600000000000001	21.6	-0.059774403375703
9.600000000000001	22.400000000000002	-0.15615947695762744
9.600000000000001	23.200000000000003	-0.2664615285583289
9.600000000000001	24.0	-0.3930080393683356
9.600000000000001	24.8	-0.5386929385829453
9.600000000000001	25.6	-0.7071067811865476

10.4	0.0	0.5555702330196025
10.4	0.8	0.49724268867799626
10.4	1.6	0.456060464772569
10.4	2.4000000000000004	0.4284967535698481
10.4	3.2	0.41158574256304226
10.4	4.0	0.4028269990170483
10.4	4.800000000000001	0.4001071995543023
10.4	5.6000000000000005	0.40163602533797554
10.4	6.4	0.4058935946211933
10.4	7.2	0.41158725622638964
10.4	8.0	0.41761593717912826
10.4	8.8	0.42304053935638775
10.4	9.600000000000001	0.4270591251034297
10.4	10.4	0.42898582962356396
10.4	11.200000000000001	0.42823259602216013
10.4	12.0	0.4242929531223147
10.4	12.8	0.41672715118768633
10.4	13.600000000000001	0.40514803998103605
10.4	14.4	0.3892071196534684
10.4	15.200000000000001	0.36858021940097047
10.4	16.0	0.3429522624096397
10.4	16.8	0.31200055830452994
10.4	17.6	0.2753760252826858
10.4	18.400000000000002	0.23268168167934344
10.4	19.200000000000003	0.18344765832290777
10.4	20.0	0.12710186512245722
10.4	20.8	0.06293529321719604
10.4	21.6	-0.009939258289312709
10.4	22.400000000000002	-0.09263648201044639
10.4	23.200000000000003	-0.1865576364600539
10.4	24.0	-0.29346150850153985
10.4	24.8	-0.4155498262418783
10.4	25.6	-0.5555702330196025

11.200000000000001	0.0	0.3826834323650899
11.200000000000001	0.8	0.35426797269624233
11.200000000000001	1.6	0.33754906935711443
11.200000000000001	2.4000000000000004	0.32998525728093725
11.200000000000001	3.2	0.3294236622273431
11.200000000000001	4.0	0.3340351984520527
11.200000000000001	4.800000000000001	0.3422616828426997
11.200000000000001	5.6000000000000005	0.3527726655956317
11.200000000000001	6.4	0.3644301575798888
11.200000000000001	7.2	0.37625974621774194
11.200000000000001	8.0	0.38742684690538565
11.200000000000001	8.8	0.3972170454168933
11.200000000000001	9.600000000000001	0.4050196562828535
11.200000000000001	10.4	0.4103137592097006
11.200000000000001	11.200000000000001	0.41265608534505704
11.200000000000001	12.0	0.4116702116764934
11.200000000000001	12.8	0.4070365882517408
11.200000000000001	13.600000000000001	0.39848297162443885
11.200000000000001	14.4	0.38577487067253535
11.200000000000001	15.200000000000001	0.3687056288000541
11.200000000000001	16.0	0.34708577003624796
11.200000000000001	16.8	0.32073122565543877
11.200000000000001	17.6	0.28945003206982267
11.200000000000001	18.400000000000002	0.25302704873642595
11.200000000000001	19.200000000000003	0.21120618489202703
11.200000000000001	20.0	0.16366954362688788
11.200000000000001	20.8	0.11001278789414608
11.200000000000001	21.6	0.04971590139233271
11.200000000000001	22.400000000000002	-0.017891647337085467
11.200000000000001	23.200000000000003	-0.09367253323237809
11.200000000000001	24.0	-0.17873144239484234
11.200000000000001	24.8	-0.27447493445814836
11.200000000000001	25.6	-0.3826834323650899

12.0	0.0	0.1950903220161286
12.0	0.8	0.19959576343384014
12.0	1.6	0.20988103717653966
12.0	2.4000000000000004	0.2244694069797687
12.0	3.2	0.2420857435416308
12.0	4.0	0.26162519824554736
12.0	4.800000000000001	0.28212790176702895
12.0	5.6000000000000005	0.30275855008685365
12.0	6.4	0.3227899348216969
12.0	7.2	0.3415896344553023
12.0	8.0	0.3586092140676006
12.0	8.8	0.3733753884594258
12.0	9.600000000000001	0.3854826911759185
12.0	10.4	0.39458726309268216
12.0	11.200000000000001	0.4004014315526792
12.0	12.0	0.4026887965946059
12.0	12.8	0.4012595762001203
12.0	13.600000000000001	0.3959659889150796
12.0	14.4	0.38669747052619174
12.0	15.200000000000001	0.37337553224102726
12.0	16.0	0.35594807127483863
12.0	16.8	0.3343829408587812
12.0	17.6	0.308660575135891
12.0	18.400000000000002	0.2787654445963329
12.0	19.200000000000003	0.24467608870081453
12.0	20.0	0.20635343288172814
12.0	20.8	0.16372704553156217
12.0	21.6	0.11667892476598299
12.0	22.400000000000002	0.06502432202564552
12.0	23.200000000000003	0.008489006658691529
12.0	24.0	-0.053317751556556534
12.0	24.8	-0.12093536141262837
12.0	25.6	-0.1950903220161286

12.8	0.0	1.2246467991473532e-16
12.8	0.8	0.03914280127924183
12.8	1.6	0.07790838944564352
12.8	2.4000000000000004	0.11592348592630325
12.8	3.2	0.15282203644440315
12.8	4.0	0.1882487348046978
12.8	4.800000000000001	0.2218624434556967
12.8	5.6000000000000005	0.25333947792137335
12.8	6.4	0.2823767234940472
12.8	7.2	0.3086945541826886
12.8	8.0	0.33203952580226104
12.8	8.8	0.35218681725201306
12.8	9.600000000000001	0.3689423964434637
12.8	10.4	0.3821448899793435
12.8	11.200000000000001	0.39166713852794105
12.8	12.0	0.39741742285614173
12.8	12.8	0.39934034865020096
12.8	13.600000000000001	0.39741738153576833
12.8	14.4	0.39166702707646034
12.8	15.200000000000001	0.38214465395106123
12.8	16.0	0.36894196195028117
12.8	16.8	0.3521860998616615
12.8	17.6	0.33203844169245944
12.8	18.400000000000002	0.3086930329822266
12.8	19.200000000000003	0.28237472214706194
12.8	20.0	0.253336994844863
12.8	20.8	0.22185953222534988
12.8	21.6	0.18824551660183575
12.8	22.400000000000002	0.15281871052726387
12.8	23.200000000000003	0.11592033745075114
12.8	24.0	0.07790579405111182
12.8	24.8	0.03914122597165515
12.8	25.6	-1.2246467991473532e-16

13.600000000000001	0.0	-0.19509032201612792
13.600000000000001	0.8	-0.1209338438500891
13.600000000000001	1.6	-0.053315246754066584
13.600000000000001	2.4000000000000004	0.008492058316465385
13.600000000000001	3.2	0.06502757157961547
13.600000000000001	4.0	0.11668211220148546
13.600000000000001	4.800000000000001	0.16372999373843822
13.600000000000001	5.6000000000000005	0.2063560385929839
13.600000000000001	6.4	0.24467831105091745
13.600000000000001	7.2	0.2787672920163481
13.600000000000001	8.0	0.30866209134828626
13.600000000000001	8.8	0.33438419074803016
13.600000000000001	9.600000000000001	0.355949127390409
13.600000000000001	10.4	0.37337646263776186
13.600000000000001	11.200000000000001	0.38669832856562614
13.600000000000001	12.0	0.39596680554331065
13.600000000000001	12.8	0.4012603550880185
13.600000000000001	13.600000000000001	0.40268951238000406
13.600000000000001	14.4	0.40040203126794416
13.600000000000001	15.200000000000001	0.3945876707015439
13.600000000000001	16.0	0.3854828149874908
13.600000000000001	16.8	0.3733751310417612
13.600000000000001	17.6	0.3586084841541733
13.600000000000001	18.400000000000002	0.3415883602310567
13.600000000000001	19.200000000000003	0.322788077895287
13.600000000000001	20.0	0.3027561194058046
13.600000000000001	20.8	0.2821249667148238
13.600000000000001	21.6	0.2616219001747396
13.600000000000001	22.400000000000002	0.2420823050442757
13.600000000000001	23.200000000000003	0.2244661382737005
13.600000000000001	24.0	0.20987833909003445
13.600000000000001	24.8	0.1995941265977052
13.600000000000001	25.6	0.19509032201612792

14.4	0.0	-0.38268343236508967
14.4	0.8	-0.27447347233749475
14.4	1.6	-0.1787290198634519
14.4	2.4000000000000004	-0.0936695619110136
14.4	3.2	-0.0178884488412546
14.4	4.0	0.04971909152384213
14.4	4.800000000000001	0.11001581290534226
14.4	5.6000000000000005	0.1636723154808934
14.4	6.4	0.2112086721235438
14.4	7.2	0.2530292629670891
14.4	8.0	0.28945201396234554
14.4	8.8	0.32073303107889606
14.4	9.600000000000001	0.3470874571788177
14.4	10.4	0.368707246898597
14.4	11.200000000000001	0.3857764509333587
14.4	12.0	0.3984845207904983
14.4	12.8	0.4070380851334411
14.4	13.600000000000001	0.4116716068120649
14.4	14.4	0.4126573037987126
14.4	15.200000000000001	0.41031470635823586
14.4	16.0	0.4050202262908634
14.4	16.8	0.3972171319638648
14.4	17.6	0.38742635561051775
14.4	18.400000000000002	0.3762586081154973
14.4	19.200000000000003	0.36442834293496346
14.4	20.0	0.35277019731293935
14.4	20.8	0.3422586487274345
14.4	21.6	0.3340317616068312
14.4	22.400000000000002	0.329420068936366
14.4	23.200000000000003	0.3299818418222849
14.4	24.0	0.3375462552997968
14.4	24.8	0.3542662703736075
14.4	25.6	0.38268343236508967

15.200000000000001	0.0	-0.555570233019602
15.200000000000001	0.8	-0.4155484197550432
15.200000000000001	1.6	-0.2934591656906819
15.200000000000001	2.4000000000000004	-0.18655473879554443
15.200000000000001	3.2	-0.09263332377884405
15.200000000000001	4.0	-0.009936051768718479
15.200000000000001	4.800000000000001	0.06293840945175032
15.200000000000001	5.6000000000000005	0.12710481540451052
15.200000000000001	6.4	0.18345041732801093
15.200000000000001	7.2	0.23268426084885016
15.200000000000001	8.0	0.275378459013381
15.200000000000001	8.8	0.3120028906600816
15.200000000000001	9.600000000000001	0.34295453505875206
15.200000000000001	10.4	0.3685824614066412
15.200000000000001	11.200000000000001	0.3892093396313469
15.200000000000001	12.0	0.40515022101708364
15.200000000000001	12.8	0.41672924876159884
15.200000000000001	13.600000000000001	0.4242948961296494
15.200000000000001	14.4	0.42823429083142184
15.200000000000001	15.200000000000001	0.42898716695142153
15.200000000000001	16.0	0.4270599893483944
15.200000000000001	16.8	0.4230408199048892
15.200000000000001	17.6	0.41761554109345533
15.200000000000001	18.400000000000002	0.4115861216459338
15.200000000000001	19.200000000000003	0.4058917041601817
15.200000000000001	20.0	0.4016334187464322
15.200000000000001	20.8	0.4001039849249415
15.200000000000001	21.6	0.40282336186839685
15.200000000000001	22.400000000000002	0.4115819522061486
15.200000000000001	23.200000000000003	0.4284931662690723
15.200000000000001	24.0	0.4560575233356964
15.200000000000001	24.8	0.497240918251969
15.200000000000001	25.6	0.555570233019602

16.0	0.0	-0.7071067811865475
16.0	0.8	-0.5386915910759082
16.0	1.6	-0.3930057807552296
16.0	2.4000000000000004	-0.26645870941289457
16.0	3.2	-0.15615636476707762
16.0	4.0	-0.0597711887227746
16.0	4.800000000000001	0.024565772442243367
16.0	5.6000000000000005	0.09835436083572716
16.0	6.4	0.16279971169717022
16.0	7.2	0.21887426801083054
16.0	8.0	0.267369636932753
16.0	8.8	0.30894014127790337
16.0	9.600000000000001	0.3441396131786379
16.0	10.4	0.3734527315682791
16.0	11.200000000000001	0.39732201079468576
16.0	12.0	0.4161713968129806
16.0	12.8	0.4304273140907861
16.0	13.600000000000001	0.4405379260650382
16.0	14.4	0.44699132146104936
16.0	15.200000000000001	0.4503333159056385
16.0	16.0	0.45118556198004156
16.0	16.8	0.4502646911289093
16.0	17.6	0.4484032686539534
16.0	18.400000000000002	0.4465734304203466
16.0	19.200000000000003	0.4459141900774314
16.0	20.0	0.4477635629944464
16.0	20.8	0.45369685362657264
16.0	21.6	0.46557270421223923
16.0	22.400000000000002	0.48558881407269094
16.0	23.200000000000003	0.5163496221774739
16.0	24.0	0.5609487156739059
16.0	24.8	0.6230693017179387
16.0	25.6	0.7071067811865475

16.8	0.0	-0.8314696123025448
16.8	0.8	-0.6391061176787008
16.8	1.6	-0.47341487451947195
16.8	2.4000000000000004	-0.3301196516057198
16.8	3.2	-0.2057644128017637
16.8	4.0	-0.09756075867856237
16.8	4.800000000000001	-0.003261604073889861
16.8	5.6000000000000005	0.07894357843027464
16.8	6.4	0.15051579767968368
16.8	7.2	0.21263904248588636
16.8	8.0	0.2662808680967139
16.8	8.8	0.312243253548012
16.8	9.600000000000001	0.3512055525204378
16.8	10.4	0.38376107131614867
16.8	11.200000000000001	0.41044857862903517
16.8	12.0	0.4317798739578842
16.8	12.8	0.4482644078083724
16.8	13.600000000000001	0.4604318519383591
16.8	14.4	0.46885345799789974
16.8	15.200000000000001	0.474163015516826
16.8	16.0	0.47707822406078065
16.8	16.8	0.4784233294736737
16.8	17.6	0.4791539416136922
16.8	18.400000000000002	0.48038505328145087
16.8	19.200000000000003	0.48342342088440976
16.8	20.0	0.4898056520206502
16.8	20.8	0.5013435805274955
16.8	21.6	0.5201788045149066
16.8	22.400000000000002	0.5488486286805142
16.8	23.200000000000003	0.5903661027063283
16.8	24.0	0.6483173999601157
16.8	24.8	0.7269804561923741
16.8	25.6	0.8314696123025448

17.6	0.0	-0.9238795325112865
17.6	0.8	-0.712849075912176
17.6	1.6	-0.5314290802166668
17.6	2.4000000000000004	-0.3748421907030114
17.6	3.2	-0.23922290494890974
17.6	4.0	-0.12144830304253194
17.6	4.800000000000001	-0.018997922484096555
17.6	5.6000000000000005	0.07016241354580566
17.6	6.4	0.14767709303652546
17.6	7.2	0.2148810689727822
17.6	8.0	0.2728669927900122
17.6	8.8	0.3225415548225873
17.6	9.600000000000001	0.36467305857045446
17.6	10.4	0.399931934298554
17.6	11.200000000000001	0.4289256429017313
17.6	12.0	0.4522292231718904
17.6	12.8	0.4704125868220973
17.6	13.600000000000001	0.48406555995756795
17.6	14.4	0.4938216028894754
17.6	15.200000000000001	0.5003811095065437
17.6	16.0	0.5045351914783145
17.6	16.8	0.5071908913233436
17.6	17.6	0.5093988431300567
17.6	18.400000000000002	0.512384513147959
17.6	19.200000000000003	0.5175843087434411
17.6	20.0	0.526688049161405
17.6	20.8	0.5416895528537395
17.6	21.6	0.5649474237068323
17.6	22.400000000000002	0.5992585247588744
17.6	23.200000000000003	0.6479471284167062
17.6	24.0	0.7149733458673255
17.6	24.8	0.8050651888054007
17.6	25.6	0.9238795325112865

18.400000000000002	0.0	-0.9807852804032303
18.400000000000002	0.8	-0.756982201037207
18.400000000000002	1.6	-0.5646112206366656
18.400000000000002	2.4000000000000004	-0.39859858121845426
18.400000000000002	3.2	-0.25483858338389476
18.400000000000002	4.0	-0.13001391054731204
18.400000000000002	4.800000000000001	-0.021446892448455344
18.400000000000002	5.6000000000000005	0.07302380331511724
18.400000000000002	6.4	0.15514559392993044
18.400000000000002	7.2	0.2263372677527528
18.400000000000002	8.0	0.28776023727711864
18.400000000000002	8.8	0.34037833570681497
18.400000000000002	9.600000000000001	0.3850083089427069
18.400000000000002	10.4	0.4223628136736516
18.400000000000002	11.200000000000001	0.4530874619849503
18.400000000000002	12.0	0.4777932429025316
18.400000000000002	12.8	0.49708549332753094
18.400000000000002	13.600000000000001	0.5115904786243948
18.400000000000002	14.4	0.521980572198196
18.400000000000002	15.200000000000001	0.5289989908060686
18.400000000000002	16.0	0.5334850466360304
18.400000000000002	16.8	0.5364009183123004
18.400000000000002	17.6	0.5388610223241727
18.400000000000002	18.400000000000002	0.5421651867713086
18.400000000000002	19.200000000000003	0.54783699520022
18.400000000000002	20.0	0.5576688858575781
18.400000000000002	20.8	0.5737758690828821
18.400000000000002	21.6	0.598660073293193
18.400000000000002	22.400000000000002	0.6352887612784086
18.400000000000002	23.200000000000003	0.6871889897531935
18.400000000000002	24.0	0.7585627365841785
18.400000000000002	24.8	0.8544271167489229
18.400000000000002	25.6	0.9807852804032303

19.200000000000003	0.0	-1.0
19.200000000000003	0.8	-0.7696837969029243
19.200000000000003	1.6	-0.5714359647985967
19.200000000000003	2.4000000000000004	-0.4001036520977864
19.200000000000003	3.2	-0.2515206379802918
19.200000000000003	4.0	-0.1223239446436636
19.200000000000003	4.800000000000001	-0.009802000636193419
19.200000000000003	5.6000000000000005	0.0882312621649507
19.200000000000003	6.4	0.17354100738771622
19.200000000000003	7.2	0.24755861020557807
19.200000000000003	8.0	0.3114544526799366
19.200000000000003	8.8	0.36619902450949793
19.200000000000003	9.600000000000001	0.41261452187448394
19.200000000000003	10.4	0.4514187894108537
19.200000000000003	11.200000000000001	0.4832631749339169
19.200000000000003	12.0	0.5087656525871465
19.200000000000003	12.8	0.528540409207078
19.200000000000003	13.600000000000001	0.5432249744848476
19.200000000000003	14.4	0.5535059033712159
19.200000000000003	15.200000000000001	0.5601439861282972
19.200000000000003	16.0	0.5639999659897812
19.200000000000003	16.8	0.5660617865079638
19.200000000000003	17.6	0.5674744717401836
19.200000000000003	18.400000000000002	0.5695738653590751
19.200000000000003	19.200000000000003	0.5739256240737358
19.200000000000003	20.0	0.5823710827248785
19.200000000000003	20.8	0.5970818914020153
19.200000000000003	21.6	0.6206256796160573
19.200000000000003	22.400000000000002	0.6560454424059952
19.200000000000003	23.200000000000003	0.7069558850104863
19.200000000000003	24.0	0.7776606270734757
19.200000000000003	24.8	0.8732949796852032
19.200000000000003	25.6	1.0

20.0	0.0	-0.9807852804032307
20.0	0.8	-0.7503175310555856
20.0	1.6	-0.5513460339382298
20.0	2.4000000000000004	-0.37886060675627786
20.0	3.2	-0.22881789499617863
20.0	4.0	-0.09796109549356291
20.0	4.800000000000001	0.01632936302622831
20.0	5.6000000000000005	0.11615968807920077
20.0	6.4	0.20322567702648542
20.0	7.2	0.27889850060630783
20.0	8.0	0.34429641444357173
20.0	8.8	0.40034497115089723
20.0	9.600000000000001	0.44782788083100805
20.0	10.4	0.48743032712933476
20.0	11.200000000000001	0.5197762761968484
20.0	12.0	0.5454611064454397
20.0	12.8	0.5650807295562357
20.0	13.600000000000001	0.5792582615701177
20.0	14.4	0.5886692325360374
20.0	15.200000000000001	0.5940662911835491
20.0	16.0	0.596304365958163
20.0	16.8	0.5963672854644222
20.0	17.6	0.5953969412710883
20.0	18.400000000000002	0.5947261969858065
20.0	19.200000000000003	0.5959169139260552
20.0	20.0	0.6008046817768737
20.0	20.8	0.6115521205060099
20.0	21.6	0.6307129679864736
20.0	22.400000000000002	0.6613095994531121
20.0	23.200000000000003	0.7069271565161472
20.0	24.0	0.7718281152501809
20.0	24.8	0.8610919197894384
20.0	25.6	0.9807852804032307

20.8	0.0	-0.923879532511287
20.8	0.8	-0.6994554598694133
20.8	1.6	-0.5047707736507869
20.8	2.4000000000000004	-0.3351758833236329
20.8	3.2	-0.18693057721836429
20.8	4.0	-0.05703354563547071
20.8	4.800000000000001	0.056918915810490064
20.8	5.6000000000000005	0.15685020264132493
20.8	6.4	0.24430096540735258
20.8	7.2	0.3205104625993857
20.8	8.0	0.38648461561576025
20.8	8.8	0.4430531842790737
20.8	9.600000000000001	0.49091808169638407
20.8	10.4	0.5306945268589085
20.8	11.200000000000001	0.562946479777161
20.8	12.0	0.5882176071915421
20.8	12.8	0.6070588792047548
20.8	13.600000000000001	0.620053792643851
20.8	14.4	0.627842151318805
20.8	15.200000000000001	0.6311433038323786
20.8	16.0	0.6307797448282976
20.8	16.8	0.6277020254907179
20.8	17.6	0.6230159950110885
20.8	18.400000000000002	0.6180135092883299
20.8	19.200000000000003	0.6142079004851428
20.8	20.0	0.6133757070409471
20.8	20.8	0.6176064260330456
20.8	21.6	0.6293623782515441
20.8	22.400000000000002	0.6515511834379064
20.8	23.200000000000003	0.687613844297033
20.8	24.0	0.7416320522274301
20.8	24.8	0.8184590786917187
20.8	25.6	0.923879532511287

21.6	0.0	-0.8314696123025455
21.6	0.8	-0.6188543851127375
21.6	1.6	-0.43310635111671153
21.6	2.4000000000000004	-0.2701424633214656
21.6	3.2	-0.12669612996796067
21.6	4.0	-0.00016283098914740557
21.6	4.800000000000001	0.11152797585503338
21.6	5.6000000000000005	0.21001931211010164
21.6	6.4	0.296615331206133
21.6	7.2	0.3723553276590199
21.6	8.0	0.438075716914713
21.6	8.8	0.4944621553755405
21.6	9.600000000000001	0.5420936110872565
21.6	10.4	0.5814799079374846
21.6	11.200000000000001	0.6130940387590034
21.6	12.0	0.6374003664795007
21.6	12.8	0.6548797004015561
21.6	13.600000000000001	0.6660521415080127
21.6	14.4	0.6714985325283864
21.6	15.200000000000001	0.6718813228707954
21.6	16.0	0.6679656641661946
21.6	16.8	0.6606415890328745
21.6	17.6	0.6509481948954068
21.6	18.400000000000002	0.6401008586771588
21.6	19.200000000000003	0.6295226506648692
21.6	20.0	0.6208813020414821
21.6	20.8	0.6161333174147553
21.6	21.6	0.6175771200089164
21.6	22.400000000000002	0.6279174842124191
21.6	23.200000000000003	0.6503439617986955
21.6	24.0	0.6886265615416801
21.6	24.8	0.7472326182497582
21.6	25.6	0.8314696123025455

22.400000000000002	0.0	-0.7071067811865477
22.400000000000002	0.8	-0.511386434586487
22.400000000000002	1.6	-0.3386583066397321
22.400000000000002	2.4000000000000004	-0.18559222292384514
22.400000000000002	3.2	-0.049549595325897394
22.400000000000002	4.0	0.07154921309762272
22.400000000000002	4.800000000000001	0.17933512628669174
22.400000000000002	5.6000000000000005	0.27508214082118476
22.400000000000002	6.4	0.35978390599126303
22.400000000000002	7.2	0.43421777521956956
22.400000000000002	8.0	0.4989985411705375
22.400000000000002	8.8	0.5546236897118696
22.400000000000002	9.600000000000001	0.601511703462907
22.400000000000002	10.4	0.6400347020687555
22.400000000000002	11.200000000000001	0.6705465139906176
22.400000000000002	12.0	0.6934071258669128
22.400000000000002	12.8	0.7090043444025573
22.400000000000002	13.600000000000001	0.717773427745322
22.400000000000002	14.4	0.7202153951306116
22.400000000000002	15.200000000000001	0.716914703080254
22.400000000000002	16.0	0.7085569825472264
22.400000000000002	16.8	0.6959475640476627
22.400000000000002	17.6	0.6800315779761876
22.400000000000002	18.400000000000002	0.6619165069839311
22.400000000000002	19.200000000000003	0.6428981896754014
22.400000000000002	20.0	0.6244914343816904
22.400000000000002	20.8	0.6084666042631424
22.400000000000002	21.6	0.5968937880215627
22.400000000000002	22.400000000000002	0.5921964835563717
22.400000000000002	23.200000000000003	0.5972171068030949
22.400000000000002	24.0	0.6152971093512163
22.400000000000002	24.8	0.6503750642023323
22.400000000000002	25.6	0.7071067811865477

23.200000000000003	0.0	-0.555570233019603
23.200000000000003	0.8	-0.3809265162382586
23.200000000000003	1.6	-0.2245486306980952
23.200000000000003	2.4000000000000004	-0.08401910358794641
23.200000000000003	3.2	0.04254001424567912
23.200000000000003	4.0	0.15657323873944154
23.200000000000003	4.800000000000001	0.2591800906568109
23.200000000000003	5.6000000000000005	0.3511889627991798
23.200000000000003	6.4	0.4332189506261738
23.200000000000003	7.2	0.5057317335250855
23.200000000000003	8.0	0.5690752299614557
23.200000000000003	8.8	0.6235204545641679
23.200000000000003	9.600000000000001	0.6692927673042867
23.200000000000003	10.4	0.7065985149507417
23.200000000000003	11.200000000000001	0.7356479153817084
23.200000000000003	12.0	0.7566749200847752
23.200000000000003	12.8	0.7699547045825267
23.200000000000003	13.600000000000001	0.7758193769897126
23.200000000000003	14.4	0.7746724588514309
23.200000000000003	15.200000000000001	0.7670026781307773
23.200000000000003	16.0	0.7533976208433264
23.200000000000003	16.8	0.734557815310598
23.200000000000003	17.6	0.7113118720637976
23.200000000000003	18.400000000000002	0.6846333746450131
23.200000000000003	19.200000000000003	0.6556603143954979
23.200000000000003	20.0	0.6257179892547873
23.200000000000003	20.8	0.5963464472165385
23.200000000000003	21.6	0.5693337553043029
23.200000000000003	22.400000000000002	0.546756622190274
23.200000000000003	23.200000000000003	0.5310302061587107
23.200000000000003	24.0	0.5249693114770579
23.200000000000003	24.8	0.5318636294757451
23.200000000000003	25.6	0.555570233019603

24.0	0.0	-0.3826834323650904
24.0	0.8	-0.23220094992950752
24.0	1.6	-0.09459089589142294
24.0	2.4000000000000004	0.031524007326172526
24.0	3.2	0.14715497935098734
24.0	4.0	0.25302297727596834
24.0	4.800000000000001	0.3496222520362871
24.0	5.6000000000000005	0.4372737629502826
24.0	6.4	0.5161701716372341
24.0	7.2	0.5864138298736272
24.0	8.0	0.6480489266885436
24.0	8.8	0.7010887583569887
24.0	9.600000000000001	0.7455389229590361
24.0	10.4	0.781417112362797
24.0	11.200000000000001	0.808770073642826
24.0	12.0	0.8276882348993542
24.0	12.8	0.8383184339314108
24.0	13.600000000000001	0.8408751497467121
24.0	14.4	0.8356506146530982
24.0	15.200000000000001	0.8230241774757338
24.0	16.0	0.8034712956594116
24.0	16.8	0.7775725555765267
24.0	17.6	0.7460231567518921
24.0	18.400000000000002	0.7096433479936322
24.0	19.200000000000003	0.669390373261734
24.0	20.0	0.6263725748756994
24.0	20.8	0.5818664145036839
24.0	21.6	0.5373373123352072
24.0	22.400000000000002	0.49446537702810783
24.0	23.200000000000003	0.455177309809479
24.0	24.0	0.42168602338011707
24.0	24.8	0.3965398297164645
24.0	25.6	0.3826834323650904

24.8	0.0	-0.19509032201612872
24.8	0.8	-0.07060307019921984
24.8	1.6	0.04686180468572888
24.8	2.4000000000000004	0.1575507931768638
24.8	3.2	0.26153258989833184
24.8	4.0	0.3587410368609042
24.8	4.800000000000001	0.4490117009823137
24.8	5.6000000000000005	0.5321131147467664
24.8	6.4	0.6077735188502316
24.8	7.2	0.6757037913250982
24.8	8.0	0.7356171228949344
24.8	8.8	0.7872458981737578
24.8	9.600000000000001	0.8303561627065925
24.8	10.4	0.8647599934223038
24.8	11.200000000000001	0.8903260421446644
24.8	12.0	0.9069884862272832
24.8	12.8	0.9147545954417086
24.8	13.600000000000001	0.9137111086480778
24.8	14.4	0.9040296065527658
24.8	15.200000000000001	0.8859710673589628
24.8	16.0	0.8598897999868391
24.8	16.8	0.8262369647040428
24.8	17.6	0.7855639136709419
24.8	18.400000000000002	0.7385256145680621
24.8	19.200000000000003	0.6858844599517813
24.8	20.0	0.6285148144460141
24.8	20.8	0.5674087128892893
24.8	21.6	0.5036831971482431
24.8	22.400000000000002	0.43858987005401007
24.8	23.200000000000003	0.3735273550369741
24.8	24.0	0.3100574835195313
24.8	24.8	0.24992619389542134
24.8	25.6	0.19509032201612872

25.6	0.0	0.0
25.6	0.8	0.0980171403295606
25.6	1.6	0.19509032201612825
25.6	2.4000000000000004	0.29028467725446233
25.6	3.2	0.3826834323650898
25.6	4.0	0.47139673682599764
25.6	4.800000000000001	0.5555702330196022
25.6	5.6000000000000005	0.6343932841636455
25.6	6.4	0.7071067811865476
25.6	7.2	0.7730104533627369
25.6	8.0	0.8314696123025452
25.6	8.8	0.8819212643483549
25.6	9.600000000000001	0.9238795325112867
25.6	10.4	0.9569403357322088
25.6	11.200000000000001	0.9807852804032304
25.6	12.0	0.9951847266721968
25.6	12.8	1.0
25.6	13.600000000000001	0.9951847266721969
25.6	14.4	0.9807852804032304
25.6	15.200000000000001	0.9569403357322089
25.6	16.0	0.9238795325112867
25.6	16.8	0.8819212643483553
25.6	17.6	0.8314696123025453
25.6	18.400000000000002	0.7730104533627371
25.6	19.200000000000003	0.7071067811865476
25.6	20.0	0.6343932841636458
25.6	20.8	0.5555702330196025
25.6	21.6	0.4713967368259978
25.6	22.400000000000002	0.3826834323650899
25.6	23.200000000000003	0.2902846772544628
25.6	24.0	0.1950903220161286
25.6	24.8	0.09801714032956083
25.6	25.6	1.2246467991473532e-16

