-5 0.0384615 0.0384615
-4.95 0.0392616 0.0392118
-4.9 0.0400653 0.039984
-4.85 0.0408762 0.0407789
-4.8 0.041698 0.0415973
-4.75 0.0425342 0.0424403
-4.7 0.0433885 0.0433088
-4.65 0.0442645 0.0442038
-4.6 0.0451658 0.0451264
-4.55 0.0460961 0.0460776
-4.5 0.0470588 0.0470588
-4.45 0.0480573 0.0480711
-4.4 0.0490929 0.0491159
-4.35 0.0501664 0.0501945
-4.3 0.0512789 0.0513084
-4.25 0.0524313 0.052459
-4.2 0.0536244 0.0536481
-4.15 0.0548593 0.0548772
-4.1 0.0561368 0.0561482
-4.05 0.0574579 0.057463
-4 0.0588235 0.0588235
-3.95 0.0602349 0.0602319
-3.9 0.0616947 0.0616903
-3.85 0.0632058 0.0632011
-3.8 0.0647713 0.0647668
-3.75 0.0663941 0.06639
-3.7 0.0680771 0.0680735
-3.65 0.0698235 0.0698202
-3.6 0.071636 0.0716332
-3.55 0.0735178 0.0735159
-3.5 0.0754717 0.0754717
-3.45 0.0775011 0.0775044
-3.4 0.0796109 0.0796178
-3.35 0.0818061 0.0818163
-3.3 0.084092 0.0841043
-3.25 0.0864736 0.0864865
-3.2 0.0889563 0.088968
-3.15 0.0915451 0.0915541
-3.1 0.0942452 0.0942507
-3.05 0.0970618 0.0970638
-3 0.1 0.1
-2.95 0.103066 0.103066
-2.9 0.106268 0.10627
-2.85 0.109616 0.109619
-2.8 0.113119 0.113122
-2.75 0.116787 0.116788
-2.7 0.120629 0.120627
-2.65 0.124655 0.124649
-2.6 0.128875 0.128866
-2.55 0.133297 0.133289
-2.5 0.137931 0.137931
-2.45 0.142789 0.142806
-2.4 0.14789 0.147929
-2.35 0.153256 0.153315
-2.3 0.158907 0.158983
-2.25 0.164865 0.164948
-2.2 0.17115 0.171233
-2.15 0.177786 0.177857
-2.1 0.184792 0.184843
-2.05 0.192189 0.192215
-2 0.2 0.2
-1.95 0.208247 0.208225
-1.9 0.216964 0.21692
-1.85 0.226183 0.226116
-1.8 0.23594 0.235849
-1.75 0.246268 0.246154
-1.7 0.257203 0.257069
-1.65 0.268779 0.268637
-1.6 0.281029 0.280899
-1.55 0.293989 0.293902
-1.5 0.307692 0.307692
-1.45 0.322181 0.322321
-1.4 0.337522 0.337838
-1.35 0.353793 0.354296
-1.3 0.371067 0.371747
-1.25 0.38942 0.390244
-1.2 0.408927 0.409836
-1.15 0.429663 0.430571
-1.1 0.451704 0.452489
-1.05 0.475124 0.475624
-1 0.5 0.5
-0.95 0.52636 0.525624
-0.9 0.554054 0.552486
-0.85 0.582885 0.580552
-0.8 0.612655 0.609756
-0.75 0.643169 0.64
-0.7 0.674229 0.671141
-0.65 0.705639 0.702988
-0.6 0.737202 0.735294
-0.55 0.768721 0.767754
-0.5 0.8 0.8
-0.45 0.830785 0.831601
-0.4 0.860599 0.862069
-0.35 0.888907 0.890869
-0.3 0.915174 0.917431
-0.25 0.938866 0.941176
-0.2 0.959449 0.961538
-0.15 0.976389 0.977995
-0.1 0.98915 0.990099
-0.05 0.997198 0.997506
0 1 1
0.05 0.997198 0.997506
0.1 0.98915 0.990099
0.15 0.976389 0.977995
0.2 0.959449 0.961538
0.25 0.938866 0.941176
0.3 0.915174 0.917431
0.35 0.888907 0.890869
0.4 0.860599 0.862069
0.45 0.830785 0.831601
0.5 0.8 0.8
0.55 0.768721 0.767754
0.6 0.737202 0.735294
0.65 0.705639 0.702988
0.7 0.674229 0.671141
0.75 0.643169 0.64
0.8 0.612655 0.609756
0.85 0.582885 0.580552
0.9 0.554054 0.552486
0.95 0.52636 0.525624
1 0.5 0.5
1.05 0.475124 0.475624
1.1 0.451704 0.452489
1.15 0.429663 0.430571
1.2 0.408927 0.409836
1.25 0.38942 0.390244
1.3 0.371067 0.371747
1.35 0.353793 0.354296
1.4 0.337522 0.337838
1.45 0.322181 0.322321
1.5 0.307692 0.307692
1.55 0.293989 0.293902
1.6 0.281029 0.280899
1.65 0.268779 0.268637
1.7 0.257203 0.257069
1.75 0.246268 0.246154
1.8 0.23594 0.235849
1.85 0.226183 0.226116
1.9 0.216964 0.21692
1.95 0.208247 0.208225
2 0.2 0.2
2.05 0.192189 0.192215
2.1 0.184792 0.184843
2.15 0.177786 0.177857
2.2 0.17115 0.171233
2.25 0.164865 0.164948
2.3 0.158907 0.158983
2.35 0.153256 0.153315
2.4 0.14789 0.147929
2.45 0.142789 0.142806
2.5 0.137931 0.137931
2.55 0.133297 0.133289
2.6 0.128875 0.128866
2.65 0.124655 0.124649
2.7 0.120629 0.120627
2.75 0.116787 0.116788
2.8 0.113119 0.113122
2.85 0.109616 0.109619
2.9 0.106268 0.10627
2.95 0.103066 0.103066
3 0.1 0.1
3.05 0.0970618 0.0970638
3.1 0.0942452 0.0942507
3.15 0.0915451 0.0915541
3.2 0.0889563 0.088968
3.25 0.0864736 0.0864865
3.3 0.084092 0.0841043
3.35 0.0818061 0.0818163
3.4 0.0796109 0.0796178
3.45 0.0775011 0.0775044
3.5 0.0754717 0.0754717
3.55 0.0735178 0.0735159
3.6 0.071636 0.0716332
3.65 0.0698235 0.0698202
3.7 0.0680771 0.0680735
3.75 0.0663941 0.06639
3.8 0.0647713 0.0647668
3.85 0.0632058 0.0632011
3.9 0.0616947 0.0616903
3.95 0.0602349 0.0602319
4 0.0588235 0.0588235
4.05 0.0574579 0.057463
4.1 0.0561368 0.0561482
4.15 0.0548593 0.0548772
4.2 0.0536244 0.0536481
4.25 0.0524313 0.052459
4.3 0.0512789 0.0513084
4.35 0.0501664 0.0501945
4.4 0.0490929 0.0491159
4.45 0.0480573 0.0480711
4.5 0.0470588 0.0470588
4.55 0.0460961 0.0460776
4.6 0.0451658 0.0451264
4.65 0.0442645 0.0442038
4.7 0.0433885 0.0433088
4.75 0.0425342 0.0424403
4.8 0.041698 0.0415973
4.85 0.0408762 0.0407789
4.9 0.0400653 0.039984
4.95 0.0392616 0.0392118
5 0.0384615 0.0384615
