-5 0.0384615 0.0384615
-4.95 0.0336329 0.0392118
-4.9 0.0288206 0.039984
-4.85 0.0240411 0.0407789
-4.8 0.0193106 0.0415973
-4.75 0.0146457 0.0424403
-4.7 0.0100626 0.0433088
-4.65 0.00557772 0.0442038
-4.6 0.00120743 0.0451264
-4.55 -0.00303191 0.0460776
-4.5 -0.00712391 0.0470588
-4.45 -0.0110522 0.0480711
-4.4 -0.0148005 0.0491159
-4.35 -0.0183523 0.0501945
-4.3 -0.0216912 0.0513084
-4.25 -0.0248011 0.052459
-4.2 -0.0276653 0.0536481
-4.15 -0.0302677 0.0548772
-4.1 -0.0325917 0.0561482
-4.05 -0.0346211 0.057463
-4 -0.0363395 0.0588235
-3.95 -0.0377305 0.0602319
-3.9 -0.0387777 0.0616903
-3.85 -0.0394648 0.0632011
-3.8 -0.0397754 0.0647668
-3.75 -0.0396931 0.06639
-3.7 -0.0392015 0.0680735
-3.65 -0.0382844 0.0698202
-3.6 -0.0369252 0.0716332
-3.55 -0.0351077 0.0735159
-3.5 -0.0328155 0.0754717
-3.45 -0.0300321 0.0775044
-3.4 -0.0267413 0.0796178
-3.35 -0.0229267 0.0818163
-3.3 -0.0185719 0.0841043
-3.25 -0.0136605 0.0864865
-3.2 -0.00817613 0.088968
-3.15 -0.00210246 0.0915541
-3.1 0.00457689 0.0942507
-3.05 0.0118783 0.0970638
-3 0.0198181 0.1
-2.95 0.0284127 0.103066
-2.9 0.0376785 0.10627
-2.85 0.0476318 0.109619
-2.8 0.058289 0.113122
-2.75 0.0696665 0.116788
-2.7 0.0817807 0.120627
-2.65 0.0946478 0.124649
-2.6 0.108284 0.128866
-2.55 0.122707 0.133289
-2.5 0.137931 0.137931
-2.45 0.153964 0.142806
-2.4 0.17077 0.147929
-2.35 0.188303 0.153315
-2.3 0.20652 0.158983
-2.25 0.225374 0.164948
-2.2 0.244821 0.171233
-2.15 0.264814 0.177857
-2.1 0.285309 0.184843
-2.05 0.306261 0.192215
-2 0.327624 0.2
-1.95 0.349353 0.208225
-1.9 0.371403 0.21692
-1.85 0.393729 0.226116
-1.8 0.416284 0.235849
-1.75 0.439025 0.246154
-1.7 0.461906 0.257069
-1.65 0.484881 0.268637
-1.6 0.507906 0.280899
-1.55 0.530934 0.293902
-1.5 0.553922 0.307692
-1.45 0.576823 0.322321
-1.4 0.599593 0.337838
-1.35 0.622185 0.354296
-1.3 0.644556 0.371747
-1.25 0.666659 0.390244
-1.2 0.688449 0.409836
-1.15 0.709882 0.430571
-1.1 0.730911 0.452489
-1.05 0.751493 0.475624
-1 0.77158 0.5
-0.95 0.791129 0.525624
-0.9 0.810094 0.552486
-0.85 0.828429 0.580552
-0.8 0.84609 0.609756
-0.75 0.863031 0.64
-0.7 0.879206 0.671141
-0.65 0.894572 0.702988
-0.6 0.909082 0.735294
-0.55 0.922691 0.767754
-0.5 0.935354 0.8
-0.45 0.947026 0.831601
-0.4 0.957662 0.862069
-0.35 0.967215 0.890869
-0.3 0.975642 0.917431
-0.25 0.982896 0.941176
-0.2 0.988933 0.961538
-0.15 0.993707 0.977995
-0.1 0.997173 0.990099
-0.05 0.999286 0.997506
0 1 1
0.05 0.999286 0.997506
0.1 0.997173 0.990099
0.15 0.993707 0.977995
0.2 0.988933 0.961538
0.25 0.982896 0.941176
0.3 0.975642 0.917431
0.35 0.967215 0.890869
0.4 0.957662 0.862069
0.45 0.947026 0.831601
0.5 0.935354 0.8
0.55 0.922691 0.767754
0.6 0.909082 0.735294
0.65 0.894572 0.702988
0.7 0.879206 0.671141
0.75 0.863031 0.64
0.8 0.84609 0.609756
0.85 0.828429 0.580552
0.9 0.810094 0.552486
0.95 0.791129 0.525624
1 0.77158 0.5
1.05 0.751493 0.475624
1.1 0.730911 0.452489
1.15 0.709882 0.430571
1.2 0.688449 0.409836
1.25 0.666659 0.390244
1.3 0.644556 0.371747
1.35 0.622185 0.354296
1.4 0.599593 0.337838
1.45 0.576823 0.322321
1.5 0.553922 0.307692
1.55 0.530934 0.293902
1.6 0.507906 0.280899
1.65 0.484881 0.268637
1.7 0.461906 0.257069
1.75 0.439025 0.246154
1.8 0.416284 0.235849
1.85 0.393729 0.226116
1.9 0.371403 0.21692
1.95 0.349353 0.208225
2 0.327624 0.2
2.05 0.306261 0.192215
2.1 0.285309 0.184843
2.15 0.264814 0.177857
2.2 0.244821 0.171233
2.25 0.225374 0.164948
2.3 0.20652 0.158983
2.35 0.188303 0.153315
2.4 0.17077 0.147929
2.45 0.153964 0.142806
2.5 0.137931 0.137931
2.55 0.122707 0.133289
2.6 0.108284 0.128866
2.65 0.0946478 0.124649
2.7 0.0817807 0.120627
2.75 0.0696665 0.116788
2.8 0.058289 0.113122
2.85 0.0476318 0.109619
2.9 0.0376785 0.10627
2.95 0.0284127 0.103066
3 0.0198181 0.1
3.05 0.0118783 0.0970638
3.1 0.00457689 0.0942507
3.15 -0.00210246 0.0915541
3.2 -0.00817613 0.088968
3.25 -0.0136605 0.0864865
3.3 -0.0185719 0.0841043
3.35 -0.0229267 0.0818163
3.4 -0.0267413 0.0796178
3.45 -0.0300321 0.0775044
3.5 -0.0328155 0.0754717
3.55 -0.0351077 0.0735159
3.6 -0.0369252 0.0716332
3.65 -0.0382844 0.0698202
3.7 -0.0392015 0.0680735
3.75 -0.0396931 0.06639
3.8 -0.0397754 0.0647668
3.85 -0.0394648 0.0632011
3.9 -0.0387777 0.0616903
3.95 -0.0377305 0.0602319
4 -0.0363395 0.0588235
4.05 -0.0346211 0.057463
4.1 -0.0325917 0.0561482
4.15 -0.0302677 0.0548772
4.2 -0.0276653 0.0536481
4.25 -0.0248011 0.052459
4.3 -0.0216912 0.0513084
4.35 -0.0183523 0.0501945
4.4 -0.0148005 0.0491159
4.45 -0.0110522 0.0480711
4.5 -0.00712391 0.0470588
4.55 -0.00303191 0.0460776
4.6 0.00120743 0.0451264
4.65 0.00557772 0.0442038
4.7 0.0100626 0.0433088
4.75 0.0146457 0.0424403
4.8 0.0193106 0.0415973
4.85 0.0240411 0.0407789
4.9 0.0288206 0.039984
4.95 0.0336329 0.0392118
5 0.0384615 0.0384615
