-5 0.0384615 0.0384615
-4.95 0.0401539 0.0392118
-4.9 0.0418426 0.039984
-4.85 0.0435241 0.0407789
-4.8 0.0451946 0.0415973
-4.75 0.0468506 0.0424403
-4.7 0.0484885 0.0433088
-4.65 0.0501045 0.0442038
-4.6 0.0516951 0.0451264
-4.55 0.0532565 0.0460776
-4.5 0.0547853 0.0470588
-4.45 0.0562777 0.0480711
-4.4 0.0577302 0.0491159
-4.35 0.059139 0.0501945
-4.3 0.0605005 0.0513084
-4.25 0.0618111 0.052459
-4.2 0.0630673 0.0536481
-4.15 0.0642652 0.0548772
-4.1 0.0654014 0.0561482
-4.05 0.0664721 0.057463
-4 0.0674737 0.0588235
-3.95 0.0684026 0.0602319
-3.9 0.0692552 0.0616903
-3.85 0.0700278 0.0632011
-3.8 0.0707168 0.0647668
-3.75 0.0713186 0.06639
-3.7 0.0718294 0.0680735
-3.65 0.0722458 0.0698202
-3.6 0.0725639 0.0716332
-3.55 0.0727809 0.0735159
-3.5 0.0729109 0.0754717
-3.45 0.0729894 0.0775044
-3.4 0.0730532 0.0796178
-3.35 0.0731388 0.0818163
-3.3 0.0732829 0.0841043
-3.25 0.0735222 0.0864865
-3.2 0.0738934 0.088968
-3.15 0.0744332 0.0915541
-3.1 0.0751782 0.0942507
-3.05 0.0761651 0.0970638
-3 0.0774305 0.1
-2.95 0.0790112 0.103066
-2.9 0.0809437 0.10627
-2.85 0.0832649 0.109619
-2.8 0.0860113 0.113122
-2.75 0.0892196 0.116788
-2.7 0.0929265 0.120627
-2.65 0.0971687 0.124649
-2.6 0.101983 0.128866
-2.55 0.107405 0.133289
-2.5 0.113473 0.137931
-2.45 0.120223 0.142806
-2.4 0.127692 0.147929
-2.35 0.135916 0.153315
-2.3 0.144932 0.158983
-2.25 0.154776 0.164948
-2.2 0.165486 0.171233
-2.15 0.177098 0.177857
-2.1 0.189637 0.184843
-2.05 0.203066 0.192215
-2 0.217318 0.2
-1.95 0.23233 0.208225
-1.9 0.248037 0.21692
-1.85 0.264374 0.226116
-1.8 0.281278 0.235849
-1.75 0.298683 0.246154
-1.7 0.316525 0.257069
-1.65 0.33474 0.268637
-1.6 0.353263 0.280899
-1.55 0.372029 0.293902
-1.5 0.390974 0.307692
-1.45 0.410033 0.322321
-1.4 0.429143 0.337838
-1.35 0.448238 0.354296
-1.3 0.467254 0.371747
-1.25 0.486126 0.390244
-1.2 0.50479 0.409836
-1.15 0.523182 0.430571
-1.1 0.541237 0.452489
-1.05 0.55889 0.475624
-1 0.576076 0.5
-0.95 0.592732 0.525624
-0.9 0.608793 0.552486
-0.85 0.624195 0.580552
-0.8 0.638872 0.609756
-0.75 0.65276 0.64
-0.7 0.665796 0.671141
-0.65 0.677936 0.702988
-0.6 0.689177 0.735294
-0.55 0.699519 0.767754
-0.5 0.708961 0.8
-0.45 0.717504 0.831601
-0.4 0.725148 0.862069
-0.35 0.731892 0.890869
-0.3 0.737738 0.917431
-0.25 0.742684 0.941176
-0.2 0.74673 0.961538
-0.15 0.749878 0.977995
-0.1 0.752126 0.990099
-0.05 0.753475 0.997506
0 0.753925 1
0.05 0.753475 0.997506
0.1 0.752126 0.990099
0.15 0.749878 0.977995
0.2 0.74673 0.961538
0.25 0.742684 0.941176
0.3 0.737738 0.917431
0.35 0.731892 0.890869
0.4 0.725148 0.862069
0.45 0.717504 0.831601
0.5 0.708961 0.8
0.55 0.699519 0.767754
0.6 0.689177 0.735294
0.65 0.677936 0.702988
0.7 0.665796 0.671141
0.75 0.65276 0.64
0.8 0.638872 0.609756
0.85 0.624195 0.580552
0.9 0.608793 0.552486
0.95 0.592732 0.525624
1 0.576076 0.5
1.05 0.55889 0.475624
1.1 0.541237 0.452489
1.15 0.523182 0.430571
1.2 0.50479 0.409836
1.25 0.486126 0.390244
1.3 0.467254 0.371747
1.35 0.448238 0.354296
1.4 0.429143 0.337838
1.45 0.410033 0.322321
1.5 0.390974 0.307692
1.55 0.372029 0.293902
1.6 0.353263 0.280899
1.65 0.33474 0.268637
1.7 0.316525 0.257069
1.75 0.298683 0.246154
1.8 0.281278 0.235849
1.85 0.264374 0.226116
1.9 0.248037 0.21692
1.95 0.23233 0.208225
2 0.217318 0.2
2.05 0.203066 0.192215
2.1 0.189637 0.184843
2.15 0.177098 0.177857
2.2 0.165486 0.171233
2.25 0.154776 0.164948
2.3 0.144932 0.158983
2.35 0.135916 0.153315
2.4 0.127692 0.147929
2.45 0.120223 0.142806
2.5 0.113473 0.137931
2.55 0.107405 0.133289
2.6 0.101983 0.128866
2.65 0.0971687 0.124649
2.7 0.0929265 0.120627
2.75 0.0892196 0.116788
2.8 0.0860113 0.113122
2.85 0.0832649 0.109619
2.9 0.0809437 0.10627
2.95 0.0790112 0.103066
3 0.0774305 0.1
3.05 0.0761651 0.0970638
3.1 0.0751782 0.0942507
3.15 0.0744332 0.0915541
3.2 0.0738934 0.088968
3.25 0.0735222 0.0864865
3.3 0.0732829 0.0841043
3.35 0.0731388 0.0818163
3.4 0.0730532 0.0796178
3.45 0.0729894 0.0775044
3.5 0.0729109 0.0754717
3.55 0.0727809 0.0735159
3.6 0.0725639 0.0716332
3.65 0.0722458 0.0698202
3.7 0.0718294 0.0680735
3.75 0.0713186 0.06639
3.8 0.0707168 0.0647668
3.85 0.0700278 0.0632011
3.9 0.0692552 0.0616903
3.95 0.0684026 0.0602319
4 0.0674737 0.0588235
4.05 0.0664721 0.057463
4.1 0.0654014 0.0561482
4.15 0.0642652 0.0548772
4.2 0.0630673 0.0536481
4.25 0.0618111 0.052459
4.3 0.0605005 0.0513084
4.35 0.059139 0.0501945
4.4 0.0577302 0.0491159
4.45 0.0562777 0.0480711
4.5 0.0547853 0.0470588
4.55 0.0532565 0.0460776
4.6 0.0516951 0.0451264
4.65 0.0501045 0.0442038
4.7 0.0484885 0.0433088
4.75 0.0468506 0.0424403
4.8 0.0451946 0.0415973
4.85 0.0435241 0.0407789
4.9 0.0418426 0.039984
4.95 0.0401539 0.0392118
5 0.0384615 0.0384615
