-5 -0.839072 -0.839072
-4.95 -0.866628 -0.889191
-4.9 -0.892952 -0.930426
-4.85 -0.916808 -0.962365
-4.8 -0.936965 -0.984688
-4.75 -0.952188 -0.997172
-4.7 -0.961244 -0.999693
-4.65 -0.962899 -0.992225
-4.6 -0.955921 -0.974844
-4.55 -0.939076 -0.947722
-4.5 -0.91113 -0.91113
-4.45 -0.871246 -0.865435
-4.4 -0.820169 -0.811093
-4.35 -0.75904 -0.748647
-4.3 -0.688999 -0.67872
-4.25 -0.611188 -0.602012
-4.2 -0.526746 -0.519289
-4.15 -0.436816 -0.431377
-4.1 -0.342538 -0.339155
-4.05 -0.245052 -0.243544
-4 -0.1455 -0.1455
-3.95 -0.0449809 -0.0460021
-3.9 0.0555703 0.0539554
-3.85 0.15526 0.153374
-3.8 0.253195 0.25126
-3.75 0.34848 0.346635
-3.7 0.440224 0.438547
-3.65 0.527531 0.526078
-3.6 0.609509 0.608351
-3.55 0.685264 0.684547
-3.5 0.753902 0.753902
-3.45 0.814638 0.815725
-3.4 0.867117 0.869397
-3.35 0.911093 0.914383
-3.3 0.94632 0.950233
-3.25 0.972553 0.976588
-3.2 0.989543 0.993185
-3.15 0.997047 0.999859
-3.1 0.994817 0.996542
-3.05 0.982606 0.983268
-3 0.96017 0.96017
-2.95 0.927426 0.927478
-2.9 0.884951 0.88552
-2.85 0.833484 0.834713
-2.8 0.773766 0.775566
-2.75 0.706538 0.70867
-2.7 0.632541 0.634693
-2.65 0.552514 0.554374
-2.6 0.467198 0.468517
-2.55 0.377334 0.377978
-2.5 0.283662 0.283662
-2.45 0.186969 0.186512
-2.4 0.0882244 0.087499
-2.35 -0.0115552 -0.0123887
-2.3 -0.111354 -0.112153
-2.25 -0.210155 -0.210796
-2.2 -0.306944 -0.307333
-2.15 -0.400703 -0.400799
-2.1 -0.490417 -0.490261
-2.05 -0.575069 -0.574824
-2 -0.653644 -0.653644
-1.95 -0.725233 -0.725932
-1.9 -0.789363 -0.790968
-1.85 -0.845668 -0.8481
-1.8 -0.893783 -0.896758
-1.75 -0.933341 -0.936457
-1.7 -0.963977 -0.966798
-1.65 -0.985326 -0.98748
-1.6 -0.997022 -0.998295
-1.55 -0.9987 -0.999135
-1.5 -0.989992 -0.989992
-1.45 -0.9707 -0.970958
-1.4 -0.941281 -0.942222
-1.35 -0.902359 -0.904072
-1.3 -0.854556 -0.856889
-1.25 -0.798495 -0.801144
-1.2 -0.734801 -0.737394
-1.15 -0.664096 -0.666276
-1.1 -0.587003 -0.588501
-1.05 -0.504146 -0.504846
-1 -0.416147 -0.416147
-0.95 -0.323699 -0.32329
-0.9 -0.227772 -0.227202
-0.85 -0.129403 -0.128844
-0.8 -0.0296317 -0.0291995
-0.75 0.0705041 0.0707372
-0.7 0.169966 0.169967
-0.65 0.267715 0.267499
-0.6 0.362713 0.362358
-0.55 0.453922 0.453596
-0.5 0.540302 0.540302
-0.45 0.620907 0.62161
-0.4 0.695145 0.696707
-0.35 0.762519 0.764842
-0.3 0.82253 0.825336
-0.25 0.874677 0.877583
-0.2 0.918462 0.921061
-0.15 0.953386 0.955336
-0.1 0.97895 0.980067
-0.05 0.994654 0.995004
0 1 1
0.05 0.994654 0.995004
0.1 0.97895 0.980067
0.15 0.953386 0.955336
0.2 0.918462 0.921061
0.25 0.874677 0.877583
0.3 0.82253 0.825336
0.35 0.762519 0.764842
0.4 0.695145 0.696707
0.45 0.620907 0.62161
0.5 0.540302 0.540302
0.55 0.453922 0.453596
0.6 0.362713 0.362358
0.65 0.267715 0.267499
0.7 0.169966 0.169967
0.75 0.0705041 0.0707372
0.8 -0.0296317 -0.0291995
0.85 -0.129403 -0.128844
0.9 -0.227772 -0.227202
0.95 -0.323699 -0.32329
1 -0.416147 -0.416147
1.05 -0.504146 -0.504846
1.1 -0.587003 -0.588501
1.15 -0.664096 -0.666276
1.2 -0.734801 -0.737394
1.25 -0.798495 -0.801144
1.3 -0.854556 -0.856889
1.35 -0.902359 -0.904072
1.4 -0.941281 -0.942222
1.45 -0.9707 -0.970958
1.5 -0.989992 -0.989992
1.55 -0.9987 -0.999135
1.6 -0.997022 -0.998295
1.65 -0.985326 -0.98748
1.7 -0.963977 -0.966798
1.75 -0.933341 -0.936457
1.8 -0.893783 -0.896758
1.85 -0.845668 -0.8481
1.9 -0.789363 -0.790968
1.95 -0.725233 -0.725932
2 -0.653644 -0.653644
2.05 -0.575069 -0.574824
2.1 -0.490417 -0.490261
2.15 -0.400703 -0.400799
2.2 -0.306944 -0.307333
2.25 -0.210155 -0.210796
2.3 -0.111354 -0.112153
2.35 -0.0115552 -0.0123887
2.4 0.0882244 0.087499
2.45 0.186969 0.186512
2.5 0.283662 0.283662
2.55 0.377334 0.377978
2.6 0.467198 0.468517
2.65 0.552514 0.554374
2.7 0.632541 0.634693
2.75 0.706538 0.70867
2.8 0.773766 0.775566
2.85 0.833484 0.834713
2.9 0.884951 0.88552
2.95 0.927426 0.927478
3 0.96017 0.96017
3.05 0.982606 0.983268
3.1 0.994817 0.996542
3.15 0.997047 0.999859
3.2 0.989543 0.993185
3.25 0.972553 0.976588
3.3 0.94632 0.950233
3.35 0.911093 0.914383
3.4 0.867117 0.869397
3.45 0.814638 0.815725
3.5 0.753902 0.753902
3.55 0.685264 0.684547
3.6 0.609509 0.608351
3.65 0.527531 0.526078
3.7 0.440224 0.438547
3.75 0.34848 0.346635
3.8 0.253195 0.25126
3.85 0.15526 0.153374
3.9 0.0555703 0.0539554
3.95 -0.0449809 -0.0460021
4 -0.1455 -0.1455
4.05 -0.245052 -0.243544
4.1 -0.342538 -0.339155
4.15 -0.436816 -0.431377
4.2 -0.526746 -0.519289
4.25 -0.611188 -0.602012
4.3 -0.688999 -0.67872
4.35 -0.75904 -0.748647
4.4 -0.820169 -0.811093
4.45 -0.871246 -0.865435
4.5 -0.91113 -0.91113
4.55 -0.939076 -0.947722
4.6 -0.955921 -0.974844
4.65 -0.962899 -0.992225
4.7 -0.961244 -0.999693
4.75 -0.952188 -0.997172
4.8 -0.936965 -0.984688
4.85 -0.916808 -0.962365
4.9 -0.892952 -0.930426
4.95 -0.866628 -0.889191
5 -0.839072 -0.839072
