-5 -0.839072 -0.839072
-4.95 -0.816341 -0.889191
-4.9 -0.793612 -0.930426
-4.85 -0.770884 -0.962365
-4.8 -0.748158 -0.984688
-4.75 -0.725434 -0.997172
-4.7 -0.702714 -0.999693
-4.65 -0.679998 -0.992225
-4.6 -0.657286 -0.974844
-4.55 -0.63458 -0.947722
-4.5 -0.611879 -0.91113
-4.45 -0.589185 -0.865435
-4.4 -0.566499 -0.811093
-4.35 -0.54382 -0.748647
-4.3 -0.52115 -0.67872
-4.25 -0.49849 -0.602012
-4.2 -0.475839 -0.519289
-4.15 -0.453199 -0.431377
-4.1 -0.43057 -0.339155
-4.05 -0.407953 -0.243544
-4 -0.385348 -0.1455
-3.95 -0.362757 -0.0460021
-3.9 -0.34018 0.0539554
-3.85 -0.317617 0.153374
-3.8 -0.295069 0.25126
-3.75 -0.272537 0.346635
-3.7 -0.250022 0.438547
-3.65 -0.227524 0.526078
-3.6 -0.205044 0.608351
-3.55 -0.182583 0.684547
-3.5 -0.16014 0.753902
-3.45 -0.137718 0.815725
-3.4 -0.115315 0.869397
-3.35 -0.0929345 0.914383
-3.3 -0.0705754 0.950233
-3.25 -0.0482388 0.976588
-3.2 -0.0259253 0.993185
-3.15 -0.00363565 0.999859
-3.1 0.0186295 0.996542
-3.05 0.0408696 0.983268
-3 0.0630838 0.96017
-2.95 0.0852716 0.927478
-2.9 0.107432 0.88552
-2.85 0.129565 0.834713
-2.8 0.15167 0.775566
-2.75 0.173745 0.70867
-2.7 0.195791 0.634693
-2.65 0.217806 0.554374
-2.6 0.23979 0.468517
-2.55 0.261742 0.377978
-2.5 0.283662 0.283662
-2.45 0.305546 0.186512
-2.4 0.327381 0.087499
-2.35 0.349151 -0.0123887
-2.3 0.370839 -0.112153
-2.25 0.392429 -0.210796
-2.2 0.413905 -0.307333
-2.15 0.43525 -0.400799
-2.1 0.45645 -0.490261
-2.05 0.477486 -0.574824
-2 0.498344 -0.653644
-1.95 0.519006 -0.725932
-1.9 0.539458 -0.790968
-1.85 0.559681 -0.8481
-1.8 0.579662 -0.896758
-1.75 0.599382 -0.936457
-1.7 0.618826 -0.966798
-1.65 0.637978 -0.98748
-1.6 0.656822 -0.998295
-1.55 0.67534 -0.999135
-1.5 0.693518 -0.989992
-1.45 0.711339 -0.970958
-1.4 0.728787 -0.942222
-1.35 0.745845 -0.904072
-1.3 0.762497 -0.856889
-1.25 0.778728 -0.801144
-1.2 0.794521 -0.737394
-1.15 0.809859 -0.666276
-1.1 0.824727 -0.588501
-1.05 0.839108 -0.504846
-1 0.852986 -0.416147
-0.95 0.866345 -0.32329
-0.9 0.879169 -0.227202
-0.85 0.891441 -0.128844
-0.8 0.903146 -0.0291995
-0.75 0.914267 0.0707372
-0.7 0.924788 0.169967
-0.65 0.934692 0.267499
-0.6 0.943965 0.362358
-0.55 0.952588 0.453596
-0.5 0.960546 0.540302
-0.45 0.967824 0.62161
-0.4 0.974404 0.696707
-0.35 0.980271 0.764842
-0.3 0.985408 0.825336
-0.25 0.989799 0.877583
-0.2 0.993428 0.921061
-0.15 0.996279 0.955336
-0.1 0.998335 0.980067
-0.05 0.999581 0.995004
0 1 1
0.05 0.999581 0.995004
0.1 0.998335 0.980067
0.15 0.996279 0.955336
0.2 0.993428 0.921061
0.25 0.989799 0.877583
0.3 0.985408 0.825336
0.35 0.980271 0.764842
0.4 0.974404 0.696707
0.45 0.967824 0.62161
0.5 0.960546 0.540302
0.55 0.952588 0.453596
0.6 0.943965 0.362358
0.65 0.934692 0.267499
0.7 0.924788 0.169967
0.75 0.914267 0.0707372
0.8 0.903146 -0.0291995
0.85 0.891441 -0.128844
0.9 0.879169 -0.227202
0.95 0.866345 -0.32329
1 0.852986 -0.416147
1.05 0.839108 -0.504846
1.1 0.824727 -0.588501
1.15 0.809859 -0.666276
1.2 0.794521 -0.737394
1.25 0.778728 -0.801144
1.3 0.762497 -0.856889
1.35 0.745845 -0.904072
1.4 0.728787 -0.942222
1.45 0.711339 -0.970958
1.5 0.693518 -0.989992
1.55 0.67534 -0.999135
1.6 0.656822 -0.998295
1.65 0.637978 -0.98748
1.7 0.618826 -0.966798
1.75 0.599382 -0.936457
1.8 0.579662 -0.896758
1.85 0.559681 -0.8481
1.9 0.539458 -0.790968
1.95 0.519006 -0.725932
2 0.498344 -0.653644
2.05 0.477486 -0.574824
2.1 0.45645 -0.490261
2.15 0.43525 -0.400799
2.2 0.413905 -0.307333
2.25 0.392429 -0.210796
2.3 0.370839 -0.112153
2.35 0.349151 -0.0123887
2.4 0.327381 0.087499
2.45 0.305546 0.186512
2.5 0.283662 0.283662
2.55 0.261742 0.377978
2.6 0.23979 0.468517
2.65 0.217806 0.554374
2.7 0.195791 0.634693
2.75 0.173745 0.70867
2.8 0.15167 0.775566
2.85 0.129565 0.834713
2.9 0.107432 0.88552
2.95 0.0852716 0.927478
3 0.0630838 0.96017
3.05 0.0408696 0.983268
3.1 0.0186295 0.996542
3.15 -0.00363565 0.999859
3.2 -0.0259253 0.993185
3.25 -0.0482388 0.976588
3.3 -0.0705754 0.950233
3.35 -0.0929345 0.914383
3.4 -0.115315 0.869397
3.45 -0.137718 0.815725
3.5 -0.16014 0.753902
3.55 -0.182583 0.684547
3.6 -0.205044 0.608351
3.65 -0.227524 0.526078
3.7 -0.250022 0.438547
3.75 -0.272537 0.346635
3.8 -0.295069 0.25126
3.85 -0.317617 0.153374
3.9 -0.34018 0.0539554
3.95 -0.362757 -0.0460021
4 -0.385348 -0.1455
4.05 -0.407953 -0.243544
4.1 -0.43057 -0.339155
4.15 -0.453199 -0.431377
4.2 -0.475839 -0.519289
4.25 -0.49849 -0.602012
4.3 -0.52115 -0.67872
4.35 -0.54382 -0.748647
4.4 -0.566499 -0.811093
4.45 -0.589185 -0.865435
4.5 -0.611879 -0.91113
4.55 -0.63458 -0.947722
4.6 -0.657286 -0.974844
4.65 -0.679998 -0.992225
4.7 -0.702714 -0.999693
4.75 -0.725434 -0.997172
4.8 -0.748158 -0.984688
4.85 -0.770884 -0.962365
4.9 -0.793612 -0.930426
4.95 -0.816341 -0.889191
5 -0.839072 -0.839072
