-5 -0.839072 -0.839072
-4.95 -0.758661 -0.889191
-4.9 -0.678458 -0.930426
-4.85 -0.59867 -0.962365
-4.8 -0.519505 -0.984688
-4.75 -0.44117 -0.997172
-4.7 -0.363872 -0.999693
-4.65 -0.287819 -0.992225
-4.6 -0.213219 -0.974844
-4.55 -0.140279 -0.947722
-4.5 -0.0692072 -0.91113
-4.45 -0.000210143 -0.865435
-4.4 0.0665042 -0.811093
-4.35 0.130728 -0.748647
-4.3 0.192255 -0.67872
-4.25 0.250876 -0.602012
-4.2 0.306385 -0.519289
-4.15 0.358573 -0.431377
-4.1 0.407233 -0.339155
-4.05 0.452158 -0.243544
-4 0.493141 -0.1455
-3.95 0.529973 -0.0460021
-3.9 0.562447 0.0539554
-3.85 0.590356 0.153374
-3.8 0.613492 0.25126
-3.75 0.631647 0.346635
-3.7 0.644615 0.438547
-3.65 0.652187 0.526078
-3.6 0.654156 0.608351
-3.55 0.650323 0.684547
-3.5 0.640741 0.753902
-3.45 0.625773 0.815725
-3.4 0.605796 0.869397
-3.35 0.581192 0.914383
-3.3 0.55234 0.950233
-3.25 0.519618 0.976588
-3.2 0.483406 0.993185
-3.15 0.444085 0.999859
-3.1 0.402032 0.996542
-3.05 0.357629 0.983268
-3 0.311253 0.96017
-2.95 0.263286 0.927478
-2.9 0.214105 0.88552
-2.85 0.164091 0.834713
-2.8 0.113623 0.775566
-2.75 0.0630808 0.70867
-2.7 0.0128434 0.634693
-2.65 -0.0367096 0.554374
-2.6 -0.0851987 0.468517
-2.55 -0.132244 0.377978
-2.5 -0.177467 0.283662
-2.45 -0.220488 0.186512
-2.4 -0.260927 0.087499
-2.35 -0.298405 -0.0123887
-2.3 -0.332542 -0.112153
-2.25 -0.362958 -0.210796
-2.2 -0.389276 -0.307333
-2.15 -0.411114 -0.400799
-2.1 -0.428158 -0.490261
-2.05 -0.440491 -0.574824
-2 -0.448348 -0.653644
-1.95 -0.451963 -0.725932
-1.9 -0.451572 -0.790968
-1.85 -0.447408 -0.8481
-1.8 -0.439708 -0.896758
-1.75 -0.428707 -0.936457
-1.7 -0.414638 -0.966798
-1.65 -0.397737 -0.98748
-1.6 -0.378239 -0.998295
-1.55 -0.356379 -0.999135
-1.5 -0.332392 -0.989992
-1.45 -0.306512 -0.970958
-1.4 -0.278975 -0.942222
-1.35 -0.250016 -0.904072
-1.3 -0.219869 -0.856889
-1.25 -0.188769 -0.801144
-1.2 -0.156952 -0.737394
-1.15 -0.124652 -0.666276
-1.1 -0.0921034 -0.588501
-1.05 -0.0595423 -0.504846
-1 -0.0272031 -0.416147
-0.95 0.00467917 -0.32329
-0.9 0.0358697 -0.227202
-0.85 0.0661335 -0.128844
-0.8 0.0952357 -0.0291995
-0.75 0.122941 0.0707372
-0.7 0.149016 0.169967
-0.65 0.173306 0.267499
-0.6 0.195797 0.362358
-0.55 0.216489 0.453596
-0.5 0.235381 0.540302
-0.45 0.252474 0.62161
-0.4 0.267768 0.696707
-0.35 0.281262 0.764842
-0.3 0.292958 0.825336
-0.25 0.302854 0.877583
-0.2 0.31095 0.921061
-0.15 0.317248 0.955336
-0.1 0.321746 0.980067
-0.05 0.324445 0.995004
0 0.325344 1
0.05 0.324445 0.995004
0.1 0.321746 0.980067
0.15 0.317248 0.955336
0.2 0.31095 0.921061
0.25 0.302854 0.877583
0.3 0.292958 0.825336
0.35 0.281262 0.764842
0.4 0.267768 0.696707
0.45 0.252474 0.62161
0.5 0.235381 0.540302
0.55 0.216489 0.453596
0.6 0.195797 0.362358
0.65 0.173306 0.267499
0.7 0.149016 0.169967
0.75 0.122941 0.0707372
0.8 0.0952357 -0.0291995
0.85 0.0661335 -0.128844
0.9 0.0358697 -0.227202
0.95 0.00467917 -0.32329
1 -0.0272031 -0.416147
1.05 -0.0595423 -0.504846
1.1 -0.0921034 -0.588501
1.15 -0.124652 -0.666276
1.2 -0.156952 -0.737394
1.25 -0.188769 -0.801144
1.3 -0.219869 -0.856889
1.35 -0.250016 -0.904072
1.4 -0.278975 -0.942222
1.45 -0.306512 -0.970958
1.5 -0.332392 -0.989992
1.55 -0.356379 -0.999135
1.6 -0.378239 -0.998295
1.65 -0.397737 -0.98748
1.7 -0.414638 -0.966798
1.75 -0.428707 -0.936457
1.8 -0.439708 -0.896758
1.85 -0.447408 -0.8481
1.9 -0.451572 -0.790968
1.95 -0.451963 -0.725932
2 -0.448348 -0.653644
2.05 -0.440491 -0.574824
2.1 -0.428158 -0.490261
2.15 -0.411114 -0.400799
2.2 -0.389276 -0.307333
2.25 -0.362958 -0.210796
2.3 -0.332542 -0.112153
2.35 -0.298405 -0.0123887
2.4 -0.260927 0.087499
2.45 -0.220488 0.186512
2.5 -0.177467 0.283662
2.55 -0.132244 0.377978
2.6 -0.0851987 0.468517
2.65 -0.0367096 0.554374
2.7 0.0128434 0.634693
2.75 0.0630808 0.70867
2.8 0.113623 0.775566
2.85 0.164091 0.834713
2.9 0.214105 0.88552
2.95 0.263286 0.927478
3 0.311253 0.96017
3.05 0.357629 0.983268
3.1 0.402032 0.996542
3.15 0.444085 0.999859
3.2 0.483406 0.993185
3.25 0.519618 0.976588
3.3 0.55234 0.950233
3.35 0.581192 0.914383
3.4 0.605796 0.869397
3.45 0.625773 0.815725
3.5 0.640741 0.753902
3.55 0.650323 0.684547
3.6 0.654156 0.608351
3.65 0.652187 0.526078
3.7 0.644615 0.438547
3.75 0.631647 0.346635
3.8 0.613492 0.25126
3.85 0.590356 0.153374
3.9 0.562447 0.0539554
3.95 0.529973 -0.0460021
4 0.493141 -0.1455
4.05 0.452158 -0.243544
4.1 0.407233 -0.339155
4.15 0.358573 -0.431377
4.2 0.306385 -0.519289
4.25 0.250876 -0.602012
4.3 0.192255 -0.67872
4.35 0.130728 -0.748647
4.4 0.0665042 -0.811093
4.45 -0.000210143 -0.865435
4.5 -0.0692072 -0.91113
4.55 -0.140279 -0.947722
4.6 -0.213219 -0.974844
4.65 -0.287819 -0.992225
4.7 -0.363872 -0.999693
4.75 -0.44117 -0.997172
4.8 -0.519505 -0.984688
4.85 -0.59867 -0.962365
4.9 -0.678458 -0.930426
4.95 -0.758661 -0.889191
5 -0.839072 -0.839072
