0	1
0.1	1.04072
0.2	1.08308
0.3	1.12717
0.4	1.17305
0.5	1.22079
0.6	1.27047
0.7	1.32216
0.8	1.37595
0.9	1.43192
1	1.49015
1.1	1.55075
1.2	1.61379
1.3	1.6794
1.4	1.74765
1.5	1.81867
1.6	1.89256
1.7	1.96944
1.8	2.04942
1.9	2.13264
2	2.21921
2.1	2.30928
2.2	2.40298
2.3	2.50046
2.4	2.60187
2.5	2.70737
2.6	2.81711
2.7	2.93126
2.8	3.05001
2.9	3.17353
3	3.30201
3.1	3.43564
3.2	3.57464
3.3	3.7192
3.4	3.86956
3.5	4.02593
3.6	4.18856
3.7	4.35768
3.8	4.53355
3.9	4.71643
4	4.9066
4.1	5.10434
4.2	5.30994
4.3	5.5237
4.4	5.74595
4.5	5.977
4.6	6.2172
4.7	6.46689
4.8	6.72644
4.9	6.99622
5	7.27662
5.1	7.56804
5.2	7.87089
5.3	8.18562
5.4	8.51265
5.5	8.85246
5.6	9.20551
5.7	9.57229
5.8	9.95332
5.9	10.3491
6	10.7602
6.1	11.1872
6.2	11.6305
6.3	12.091
6.4	12.569
6.5	13.0653
6.6	13.5806
6.7	14.1154
6.8	14.6704
6.9	15.2464
7	15.8442
7.1	16.4643
7.2	17.1076
7.3	17.7749
7.4	18.467
7.5	19.1847
7.6	19.9288
7.7	20.7002
7.8	21.4997
7.9	22.3284
8	23.187
8.1	24.0765
8.2	24.9978
8.3	25.952
8.4	26.94
8.5	27.9628
8.6	29.0214
8.7	30.1168
8.8	31.2501
8.9	32.4223
9	33.6345
9.1	34.8876
9.2	36.1829
9.3	37.5213
9.4	38.9038
9.5	40.3317
9.6	41.8059
9.7	43.3275
9.8	44.8975
9.9	46.517
10	48.1869
10.1	49.9084
10.2	51.6823
10.3	53.5096
10.4	55.3912
10.5	57.3281
10.6	59.321
10.7	61.3708
10.8	63.4782
10.9	65.6439
11	67.8686
11.1	70.1529
11.2	72.4972
11.3	74.9021
11.4	77.3679
11.5	79.895
11.6	82.4834
11.7	85.1335
11.8	87.845
11.9	90.6181
12	93.4525
12.1	96.348
12.2	99.3041
12.3	102.32
12.4	105.396
12.5	108.53
12.6	111.723
12.7	114.972
12.8	118.277
12.9	121.636
13	125.048
13.1	128.512
13.2	132.026
13.3	135.588
13.4	139.195
13.5	142.848
13.6	146.542
13.7	150.275
13.8	154.046
13.9	157.852
14	161.69
14.1	165.558
14.2	169.452
14.3	173.37
14.4	177.309
14.5	181.266
14.6	185.238
14.7	189.222
14.8	193.214
14.9	197.212
15	201.211
15.1	205.21
15.2	209.205
15.3	213.192
15.4	217.169
15.5	221.132
15.6	225.079
15.7	229.005
15.8	232.909
15.9	236.788
16	240.638
16.1	244.457
16.2	248.242
16.3	251.991
16.4	255.701
16.5	259.37
16.6	262.995
16.7	266.575
16.8	270.108
16.9	273.592
17	277.025
17.1	280.405
17.2	283.732
17.3	287.003
17.4	290.218
17.5	293.375
17.6	296.474
17.7	299.514
17.8	302.494
17.9	305.413
18	308.272
18.1	311.069
18.2	313.805
18.3	316.479
18.4	319.092
18.5	321.643
18.6	324.133
18.7	326.562
18.8	328.93
18.9	331.238
19	333.486
19.1	335.675
19.2	337.805
19.3	339.878
19.4	341.893
19.5	343.852
19.6	345.755
19.7	347.604
19.8	349.398
19.9	351.14
20	352.831
20.1	354.47
20.2	356.059
20.3	357.6
20.4	359.093
20.5	360.539
20.6	361.939
20.7	363.295
20.8	364.607
20.9	365.876
21	367.105
21.1	368.292
21.2	369.441
21.3	370.551
21.4	371.624
21.5	372.661
21.6	373.662
21.7	374.63
21.8	375.564
21.9	376.466
22	377.337
22.1	378.177
22.2	378.988
22.3	379.77
22.4	380.525
22.5	381.253
22.6	381.955
22.7	382.632
22.8	383.285
22.9	383.914
23	384.52
23.1	385.105
23.2	385.668
23.3	386.211
23.4	386.734
23.5	387.237
23.6	387.723
23.7	388.19
23.8	388.64
23.9	389.073
24	389.491
24.1	389.892
24.2	390.279
24.3	390.651
24.4	391.01
24.5	391.355
24.6	391.687
24.7	392.006
24.8	392.314
24.9	392.61
25	392.894
25.1	393.168
25.2	393.432
25.3	393.685
25.4	393.929
25.5	394.164
25.6	394.39
25.7	394.607
25.8	394.816
25.9	395.016
26	395.209
26.1	395.395
26.2	395.574
26.3	395.746
26.4	395.911
26.5	396.069
26.6	396.222
26.7	396.369
26.8	396.51
26.9	396.646
27	396.776
27.1	396.902
27.2	397.022
27.3	397.138
27.4	397.25
27.5	397.357
27.6	397.46
27.7	397.559
27.8	397.654
27.9	397.746
28	397.834
28.1	397.918
28.2	397.999
28.3	398.077
28.4	398.153
28.5	398.225
28.6	398.294
28.7	398.361
28.8	398.425
28.9	398.486
29	398.545
29.1	398.602
29.2	398.657
29.3	398.709
29.4	398.76
29.5	398.808
29.6	398.855
29.7	398.9
29.8	398.943
29.9	398.984
30	399.024
30.1	399.062
30.2	399.099
30.3	399.134
30.4	399.168
30.5	399.2
30.6	399.232
30.7	399.262
30.8	399.291
30.9	399.319
31	399.345
31.1	399.371
31.2	399.395
31.3	399.419
31.4	399.442
31.5	399.464
31.6	399.485
31.7	399.505
31.8	399.524
31.9	399.543
32	399.561
32.1	399.578
32.2	399.595
32.3	399.611
32.4	399.626
32.5	399.64
32.6	399.655
32.7	399.668
32.8	399.681
32.9	399.694
33	399.706
33.1	399.717
33.2	399.728
33.3	399.739
33.4	399.749
33.5	399.759
33.6	399.768
33.7	399.777
33.8	399.786
33.9	399.795
34	399.803
34.1	399.81
34.2	399.818
34.3	399.825
34.4	399.832
34.5	399.838
34.6	399.845
34.7	399.851
34.8	399.857
34.9	399.862
35	399.868
35.1	399.873
35.2	399.878
35.3	399.883
35.4	399.887
35.5	399.892
35.6	399.896
35.7	399.9
35.8	399.904
35.9	399.908
36	399.911
36.1	399.915
36.2	399.918
36.3	399.921
36.4	399.924
36.5	399.927
36.6	399.93
36.7	399.933
36.8	399.936
36.9	399.938
37	399.941
37.1	399.943
37.2	399.945
37.3	399.947
37.4	399.949
37.5	399.951
37.6	399.953
37.7	399.955
37.8	399.957
37.9	399.959
38	399.96
38.1	399.962
38.2	399.963
38.3	399.965
38.4	399.966
38.5	399.967
38.6	399.969
38.7	399.97
38.8	399.971
38.9	399.972
39	399.973
39.1	399.974
39.2	399.975
39.3	399.976
39.4	399.977
39.5	399.978
39.6	399.979
39.7	399.98
39.8	399.981
39.9	399.981
40	399.982
40.1	399.983
40.2	399.983
40.3	399.984
40.4	399.985
40.5	399.985
40.6	399.986
40.7	399.986
40.8	399.987
40.9	399.988
41	399.988
41.1	399.988
41.2	399.989
41.3	399.989
41.4	399.99
41.5	399.99
41.6	399.991
41.7	399.991
41.8	399.991
41.9	399.992
42	399.992
42.1	399.992
42.2	399.993
42.3	399.993
42.4	399.993
42.5	399.993
42.6	399.994
42.7	399.994
42.8	399.994
42.9	399.994
43	399.995
43.1	399.995
43.2	399.995
43.3	399.995
43.4	399.995
43.5	399.996
43.6	399.996
43.7	399.996
43.8	399.996
43.9	399.996
44	399.996
44.1	399.997
44.2	399.997
44.3	399.997
44.4	399.997
44.5	399.997
44.6	399.997
44.7	399.997
44.8	399.997
44.9	399.997
45	399.998
45.1	399.998
45.2	399.998
45.3	399.998
45.4	399.998
45.5	399.998
45.6	399.998
45.7	399.998
45.8	399.998
45.9	399.998
46	399.998
46.1	399.998
46.2	399.999
46.3	399.999
46.4	399.999
46.5	399.999
46.6	399.999
46.7	399.999
46.8	399.999
46.9	399.999
47	399.999
47.1	399.999
47.2	399.999
47.3	399.999
47.4	399.999
47.5	399.999
47.6	399.999
47.7	399.999
47.8	399.999
47.9	399.999
48	399.999
48.1	399.999
48.2	399.999
48.3	399.999
48.4	399.999
48.5	399.999
48.6	399.999
48.7	399.999
48.8	399.999
48.9	399.999
49	400
49.1	400
49.2	400
49.3	400
49.4	400
49.5	400
49.6	400
49.7	400
49.8	400
49.9	400
50	400
50.1	400
50.2	400
50.3	400
50.4	400
50.5	400
50.6	400
50.7	400
50.8	400
50.9	400
51	400
51.1	400
51.2	400
51.3	400
51.4	400
51.5	400
51.6	400
51.7	400
51.8	400
51.9	400
52	400
52.1	400
52.2	400
52.3	400
52.4	400
52.5	400
52.6	400
52.7	400
52.8	400
52.9	400
53	400
53.1	400
53.2	400
53.3	400
53.4	400
53.5	400
53.6	400
53.7	400
53.8	400
53.9	400
54	400
54.1	400
54.2	400
54.3	400
54.4	400
54.5	400
54.6	400
54.7	400
54.8	400
54.9	400
55	400
55.1	400
55.2	400
55.3	400
55.4	400
55.5	400
55.6	400
55.7	400
55.8	400
55.9	400
56	400
56.1	400
56.2	400
56.3	400
56.4	400
56.5	400
56.6	400
56.7	400
56.8	400
56.9	400
57	400
57.1	400
57.2	400
57.3	400
57.4	400
57.5	400
57.6	400
57.7	400
57.8	400
57.9	400
58	400
58.1	400
58.2	400
58.3	400
58.4	400
58.5	400
58.6	400
58.7	400
58.8	400
58.9	400
59	400
59.1	400
59.2	400
59.3	400
59.4	400
59.5	400
59.6	400
59.7	400
59.8	400
59.9	400
60	400
60.1	400
60.2	400
60.3	400
60.4	400
60.5	400
60.6	400
60.7	400
60.8	400
60.9	400
61	400
61.1	400
61.2	400
61.3	400
61.4	400
61.5	400
61.6	400
61.7	400
61.8	400
61.9	400
62	400
62.1	400
62.2	400
62.3	400
62.4	400
62.5	400
62.6	400
62.7	400
62.8	400
62.9	400
63	400
63.1	400
63.2	400
63.3	400
63.4	400
63.5	400
63.6	400
63.7	400
63.8	400
63.9	400
64	400
64.1	400
64.2	400
64.3	400
64.4	400
64.5	400
64.6	400
64.7	400
64.8	400
64.9	400
65	400
65.1	400
65.2	400
65.3	400
65.4	400
65.5	400
65.6	400
65.7	400
65.8	400
65.9	400
66	400
66.1	400
66.2	400
66.3	400
66.4	400
66.5	400
66.6	400
66.7	400
66.8	400
66.9	400
67	400
67.1	400
67.2	400
67.3	400
67.4	400
67.5	400
67.6	400
67.7	400
67.8	400
67.9	400
68	400
68.1	400
68.2	400
68.3	400
68.4	400
68.5	400
68.6	400
68.7	400
68.8	400
68.9	400
69	400
69.1	400
69.2	400
69.3	400
69.4	400
69.5	400
69.6	400
69.7	400
69.8	400
69.9	400
70	400
70.1	400
70.2	400
70.3	400
70.4	400
70.5	400
70.6	400
70.7	400
70.8	400
70.9	400
71	400
71.1	400
71.2	400
71.3	400
71.4	400
71.5	400
71.6	400
71.7	400
71.8	400
71.9	400
72	400
72.1	400
72.2	400
72.3	400
72.4	400
72.5	400
72.6	400
72.7	400
72.8	400
72.9	400
73	400
73.1	400
73.2	400
73.3	400
73.4	400
73.5	400
73.6	400
73.7	400
73.8	400
73.9	400
74	400
74.1	400
74.2	400
74.3	400
74.4	400
74.5	400
74.6	400
74.7	400
74.8	400
74.9	400
75	400
75.1	400
75.2	400
75.3	400
75.4	400
75.5	400
75.6	400
75.7	400
75.8	400
75.9	400
76	400
76.1	400
76.2	400
76.3	400
76.4	400
76.5	400
76.6	400
76.7	400
76.8	400
76.9	400
77	400
77.1	400
77.2	400
77.3	400
77.4	400
77.5	400
77.6	400
77.7	400
77.8	400
77.9	400
78	400
78.1	400
78.2	400
78.3	400
78.4	400
78.5	400
78.6	400
78.7	400
78.8	400
78.9	400
79	400
79.1	400
79.2	400
79.3	400
79.4	400
79.5	400
79.6	400
79.7	400
79.8	400
79.9	400
80	400
80.1	400
80.2	400
80.3	400
80.4	400
80.5	400
80.6	400
80.7	400
80.8	400
80.9	400
81	400
81.1	400
81.2	400
81.3	400
81.4	400
81.5	400
81.6	400
81.7	400
81.8	400
81.9	400
82	400
82.1	400
82.2	400
82.3	400
82.4	400
82.5	400
82.6	400
82.7	400
82.8	400
82.9	400
83	400
83.1	400
83.2	400
83.3	400
83.4	400
83.5	400
83.6	400
83.7	400
83.8	400
83.9	400
84	400
84.1	400
84.2	400
84.3	400
84.4	400
84.5	400
84.6	400
84.7	400
84.8	400
84.9	400
85	400
85.1	400
85.2	400
85.3	400
85.4	400
85.5	400
85.6	400
85.7	400
85.8	400
85.9	400
86	400
86.1	400
86.2	400
86.3	400
86.4	400
86.5	400
86.6	400
86.7	400
86.8	400
86.9	400
87	400
87.1	400
87.2	400
87.3	400
87.4	400
87.5	400
87.6	400
87.7	400
87.8	400
87.9	400
88	400
88.1	400
88.2	400
88.3	400
88.4	400
88.5	400
88.6	400
88.7	400
88.8	400
88.9	400
89	400
89.1	400
89.2	400
89.3	400
89.4	400
89.5	400
89.6	400
89.7	400
89.8	400
89.9	400
90	400
90.1	400
90.2	400
90.3	400
90.4	400
90.5	400
90.6	400
90.7	400
90.8	400
90.9	400
91	400
91.1	400
91.2	400
91.3	400
91.4	400
91.5	400
91.6	400
91.7	400
91.8	400
91.9	400
92	400
92.1	400
92.2	400
92.3	400
92.4	400
92.5	400
92.6	400
92.7	400
92.8	400
92.9	400
93	400
93.1	400
93.2	400
93.3	400
93.4	400
93.5	400
93.6	400
93.7	400
93.8	400
93.9	400
94	400
94.1	400
94.2	400
94.3	400
94.4	400
94.5	400
94.6	400
94.7	400
94.8	400
94.9	400
95	400
95.1	400
95.2	400
95.3	400
95.4	400
95.5	400
95.6	400
95.7	400
95.8	400
95.9	400
96	400
96.1	400
96.2	400
96.3	400
96.4	400
96.5	400
96.6	400
96.7	400
96.8	400
96.9	400
97	400
97.1	400
97.2	400
97.3	400
97.4	400
97.5	400
97.6	400
97.7	400
97.8	400
97.9	400
98	400
98.1	400
98.2	400
98.3	400
98.4	400
98.5	400
98.6	400
98.7	400
98.8	400
98.9	400
99	400
99.1	400
99.2	400
99.3	400
99.4	400
99.5	400
99.6	400
99.7	400
99.8	400
99.9	400
100	400
