1 0.999992
2 0.999992
3 0.999992
4 0.999992
5 0.999992
6 0.999992
7 0.999992
8 0.999992
9 0.999992
10 0.999992
11 0.999992
12 0.999992
13 0.999992
14 0.999992
15 0.999992
16 0.999992
17 0.999992
18 0.999992
19 0.999992
20 0.999992
21 0.999992
22 0.999992
23 0.999992
24 0.999992
25 0.999992
26 0.999992
27 0.999992
28 0.999992
29 0.999992
30 0.999992
31 0.999992
32 0.999992
33 0.999992
34 0.999992
35 0.999992
36 0.999992
37 0.999992
38 0.999992
39 0.999992
40 0.999992
41 0.999992
42 0.999992
43 0.999992
44 0.999992
45 0.999992
46 0.999992
47 0.999992
48 0.999992
49 0.999992
50 0.999992
51 0.999992
52 0.999992
53 0.999992
54 0.999992
55 0.999992
56 0.999992
57 0.999992
58 0.999992
59 0.999992
60 0.999992
61 0.999992
62 0.999992
63 0.999992
64 0.999992
65 0.999992
66 0.999992
67 0.999992
68 0.999992
69 0.999992
70 0.999992
71 0.999992
72 0.999992
73 0.999992
74 0.999992
75 0.999992
76 0.999992
77 0.999992
78 0.999992
79 0.999992
80 0.999992
81 0.999992
82 0.999992
83 0.999992
84 0.999992
85 0.999992
86 0.999992
87 0.999992
88 0.999992
89 0.999992
90 0.999992
91 0.999992
92 0.999992
93 0.999992
94 0.999992
95 0.999992
96 0.999992
97 0.999992
98 0.999992
99 0.999992
100 0.999992
101 0.999992
102 0.999992
103 0.999992
104 0.999992
105 0.999992
106 0.999992
107 0.999992
108 0.999992
109 0.999992
110 0.999992
111 0.999992
112 0.999992
113 0.999992
114 0.999992
115 0.999992
116 0.999992
117 0.999992
118 0.999992
119 0.999992
120 0.999992
121 0.999992
122 0.999992
123 0.999992
124 0.999992
125 0.999992
126 0.999992
127 0.999992
128 0.999992
129 0.999992
130 0.999992
131 0.999992
132 0.999992
133 0.999992
134 0.999992
135 0.999992
136 0.999992
137 0.999992
138 0.999992
139 0.999992
140 0.999992
141 0.999992
142 0.999992
143 0.999992
144 0.999992
145 0.999992
146 0.999992
147 0.999992
148 0.999992
149 0.999992
150 0.999992
151 0.999992
152 0.999992
153 0.999992
154 0.999992
155 0.999992
156 0.999992
157 0.999992
158 0.999992
159 0.999992
160 0.999992
161 0.999992
162 0.999992
163 0.999992
164 0.999992
165 0.999992
166 0.999992
167 0.999992
168 0.999992
169 0.999992
170 0.999992
171 0.999992
172 0.999992
173 0.999992
174 0.999992
175 0.999992
176 0.999992
177 0.999992
178 0.999992
179 0.999992
180 0.999992
181 0.999992
182 0.999992
183 0.999992
184 0.999992
185 0.999992
186 0.999992
187 0.999992
188 0.999992
189 0.999992
190 0.999992
191 0.999992
192 0.999992
193 0.999992
194 0.999992
195 0.999992
196 0.999992
197 0.999992
198 0.999992
199 0.999992
200 0.999992
201 0.999992
202 0.999992
203 0.999992
204 0.999992
205 0.999992
206 0.999992
207 0.999992
208 0.999992
209 0.999992
210 0.999992
211 0.999992
212 0.999992
213 0.999992
214 0.999992
215 0.999992
216 0.999992
217 0.999992
218 0.999992
219 0.999992
220 0.999992
221 0.999992
222 0.999992
223 0.999992
224 0.999992
225 0.999992
226 0.999992
227 0.999992
228 0.999992
229 0.999992
230 0.999992
231 0.999992
232 0.999992
233 0.999992
234 0.999992
235 0.999992
236 0.999992
237 0.999992
238 0.999992
239 0.999992
240 0.999992
241 0.999992
242 0.999992
243 0.999992
244 0.999992
245 0.999992
246 0.999992
247 0.999992
248 0.999992
249 0.999992
250 0.999992
251 0.999992
252 0.999992
253 0.999992
254 0.999992
255 0.999992
256 0.999992
257 0.999992
258 0.999992
259 0.999992
260 0.999992
261 0.999992
262 0.999992
263 0.999992
264 0.999992
265 0.999992
266 0.999992
267 0.999992
268 0.999992
269 0.999992
270 0.999992
271 0.999992
272 0.999992
273 0.999992
274 0.999992
275 0.999992
276 0.999992
277 0.999992
278 0.999992
279 0.999992
280 0.999992
281 0.999992
282 0.999992
283 0.999992
284 0.999992
285 0.999992
286 0.999992
287 0.999992
288 0.999992
289 0.999992
290 0.999992
291 0.999992
292 0.999992
293 0.999992
294 0.999992
295 0.999992
296 0.999992
297 0.999992
298 0.999992
299 0.999992
300 0.999992
301 0.999992
302 0.999992
303 0.999992
304 0.999992
305 0.999992
306 0.999992
307 0.999992
308 0.999992
309 0.999992
310 0.999992
311 0.999992
312 0.999992
313 0.999992
314 0.999992
315 0.999992
316 0.999992
317 0.999992
318 0.999992
319 0.999992
320 0.999992
321 0.999992
322 0.999992
323 0.999992
324 0.999992
325 0.999992
326 0.999992
327 0.999992
328 0.999992
329 0.999992
330 0.999992
331 0.999992
332 0.999992
333 0.999992
334 0.999992
335 0.999992
336 0.999992
337 0.999992
338 0.999992
339 0.999992
340 0.999992
341 0.999992
342 0.999992
343 0.999992
344 0.999992
345 0.999992
346 0.999992
347 0.999992
348 0.999992
349 0.999992
350 0.999992
351 0.999992
352 0.999992
353 0.999992
354 0.999992
355 0.999992
356 0.999992
357 0.999992
358 0.999992
359 0.999992
360 0.999992
361 0.999992
362 0.999992
363 0.999992
364 0.999992
365 0.999992
366 0.999992
367 0.999992
368 0.999992
369 0.999992
370 0.999992
371 0.999992
372 0.999992
373 0.999992
374 0.999992
375 0.999992
376 0.999992
377 0.999992
378 0.999992
379 0.999992
380 0.999992
381 0.999992
382 0.999992
383 0.999992
384 0.999992
385 0.999992
386 0.999992
387 0.999992
388 0.999992
389 0.999992
390 0.999992
391 0.999992
392 0.999992
393 0.999992
394 0.999992
395 0.999992
396 0.999992
397 0.999992
398 0.999992
399 0.999992
400 0.999992
401 0.999992
402 0.999992
403 0.999992
404 0.999992
405 0.999992
406 0.999992
407 0.999992
408 0.999992
409 0.999992
410 0.999992
411 0.999992
412 0.999992
413 0.999992
414 0.999992
415 0.999992
416 0.999992
417 0.999992
418 0.999992
419 0.999992
420 0.999992
421 0.999992
422 0.999992
423 0.999992
424 0.999992
425 0.999992
426 0.999992
427 0.999992
428 0.999992
429 0.999992
430 0.999992
431 0.999992
432 0.999992
433 0.999992
434 0.999992
435 0.999992
436 0.999992
437 0.999992
438 0.999992
439 0.999992
440 0.999992
441 0.999992
442 0.999992
443 0.999992
444 0.999992
445 0.999992
446 0.999992
447 0.999992
448 0.999992
449 0.999992
450 0.999992
451 0.999992
452 0.999992
453 0.999992
454 0.999992
455 0.999992
456 0.999992
457 0.999992
458 0.999992
459 0.999992
460 0.999992
461 0.999992
462 0.999992
463 0.999992
464 0.999992
465 0.999992
466 0.999992
467 0.999992
468 0.999992
469 0.999992
470 0.999992
471 0.999992
472 0.999992
473 0.999992
474 0.999992
475 0.999992
476 0.999992
477 0.999992
478 0.999992
479 0.999992
480 0.999992
481 0.999992
482 0.999992
483 0.999992
484 0.999992
485 0.999992
486 0.999992
487 0.999992
488 0.999992
489 0.999992
490 0.999992
491 0.999992
492 0.999992
493 0.999992
494 0.999992
495 0.999992
496 0.999992
497 0.999992
498 0.999992
499 0.999992
500 0.999992
501 0.999992
502 0.999992
503 0.999992
504 0.999992
505 0.999992
506 0.999992
507 0.999992
508 0.999992
509 0.999992
510 0.999992
511 0.999992
512 0.999992
513 0.999992
514 0.999992
515 0.999992
516 0.999992
517 0.999992
518 0.999992
519 0.999992
520 0.999992
521 0.999992
522 0.999992
523 0.999992
524 0.999992
525 0.999992
526 0.999992
527 0.999992
528 0.999992
529 0.999992
530 0.999992
531 0.999992
532 0.999992
533 0.999992
534 0.999992
535 0.999992
536 0.999992
537 0.999992
538 0.999992
539 0.999992
540 0.999992
541 0.999992
542 0.999992
543 0.999992
544 0.999992
545 0.999992
546 0.999992
547 0.999992
548 0.999992
549 0.999992
550 0.999992
551 0.999992
552 0.999992
553 0.999992
554 0.999992
555 0.999992
556 0.999992
557 0.999992
558 0.999992
559 0.999992
560 0.999992
561 0.999992
562 0.999992
563 0.999992
564 0.999992
565 0.999992
566 0.999992
567 0.999992
568 0.999992
569 0.999992
570 0.999992
571 0.999992
572 0.999992
573 0.999992
574 0.999992
575 0.999992
576 0.999992
577 0.999992
578 0.999992
579 0.999992
580 0.999992
581 0.999992
582 0.999992
583 0.999992
584 0.999992
585 0.999992
586 0.999992
587 0.999992
588 0.999992
589 0.999992
590 0.999992
591 0.999992
592 0.999992
593 0.999992
594 0.999992
595 0.999992
596 0.999992
597 0.999992
598 0.999992
599 0.999992
600 0.999992
601 0.999992
602 0.999992
603 0.999992
604 0.999992
605 0.999992
606 0.999992
607 0.999992
608 0.999992
609 0.999992
610 0.999992
611 0.999992
612 0.999992
613 0.999992
614 0.999992
615 0.999992
616 0.999992
617 0.999992
618 0.999992
619 0.999992
620 0.999992
621 0.999992
622 0.999992
623 0.999992
624 0.999992
625 0.999992
626 0.999992
627 0.999992
628 0.999992
629 0.999992
630 0.999992
631 0.999992
632 0.999992
633 0.999992
634 0.999992
635 0.999992
636 0.999992
637 0.999992
638 0.999992
639 0.999992
640 0.999992
641 0.999992
642 0.999992
643 0.999992
644 0.999992
645 0.999992
646 0.999992
647 0.999992
648 0.999992
649 0.999992
650 0.999992
651 0.999992
652 0.999992
653 0.999992
654 0.999992
655 0.999992
656 0.999992
657 0.999992
658 0.999992
659 0.999992
660 0.999992
661 0.999992
662 0.999992
663 0.999992
664 0.999992
665 0.999992
666 0.999992
667 0.999992
668 0.999992
669 0.999992
670 0.999992
671 0.999992
672 0.999992
673 0.999992
674 0.999992
675 0.999992
676 0.999992
677 0.999992
678 0.999992
679 0.999992
680 0.999992
681 0.999992
682 0.999992
683 0.999992
684 0.999992
685 0.999992
686 0.999992
687 0.999992
688 0.999992
689 0.999992
690 0.999992
691 0.999992
692 0.999992
693 0.999992
694 0.999992
695 0.999992
696 0.999992
697 0.999992
698 0.999992
699 0.999992
700 0.999992
701 0.999992
702 0.999992
703 0.999992
704 0.999992
705 0.999992
706 0.999992
707 0.999992
708 0.999992
709 0.999992
710 0.999992
711 0.999992
712 0.999992
713 0.999992
714 0.999992
715 0.999992
716 0.999992
717 0.999992
718 0.999992
719 0.999992
720 0.999992
721 0.999992
722 0.999992
723 0.999992
724 0.999992
725 0.999992
726 0.999992
727 0.999992
728 0.999992
729 0.999992
730 0.999992
731 0.999992
732 0.999992
733 0.999992
734 0.999992
735 0.999992
736 0.999992
737 0.999992
738 0.999992
739 0.999992
740 0.999992
741 0.999992
742 0.999992
743 0.999992
744 0.999992
745 0.999992
746 0.999992
747 0.999992
748 0.999992
749 0.999992
750 0.999992
751 0.999992
752 0.999992
753 0.999992
754 0.999992
755 0.999992
756 0.999992
757 0.999992
758 0.999992
759 0.999992
760 0.999992
761 0.999992
762 0.999992
763 0.999992
764 0.999992
765 0.999992
766 0.999992
767 0.999992
768 0.999992
769 0.999992
770 0.999992
771 0.999992
772 0.999992
773 0.999992
774 0.999992
775 0.999992
776 0.999992
777 0.999992
778 0.999992
779 0.999992
780 0.999992
781 0.999992
782 0.999992
783 0.999992
784 0.999992
785 0.999992
786 0.999992
787 0.999992
788 0.999992
789 0.999992
790 0.999992
791 0.999992
792 0.999992
793 0.999992
794 0.999992
795 0.999992
796 0.999992
797 0.999992
798 0.999992
799 0.999992
800 0.999992
801 0.999992
802 0.999992
803 0.999992
804 0.999992
805 0.999992
806 0.999992
807 0.999992
808 0.999992
809 0.999992
810 0.999992
811 0.999992
812 0.999992
813 0.999992
814 0.999992
815 0.999992
816 0.999992
817 0.999992
818 0.999992
819 0.999992
820 0.999992
821 0.999992
822 0.999992
823 0.999992
824 0.999992
825 0.999992
826 0.999992
827 0.999992
828 0.999992
829 0.999992
830 0.999992
831 0.999992
832 0.999992
833 0.999992
834 0.999992
835 0.999992
836 0.999992
837 0.999992
838 0.999992
839 0.999992
840 0.999992
841 0.999992
842 0.999992
843 0.999992
844 0.999992
845 0.999992
846 0.999992
847 0.999992
848 0.999992
849 0.999992
850 0.999992
851 0.999992
852 0.999992
853 0.999992
854 0.999992
855 0.999992
856 0.999992
857 0.999992
858 0.999992
859 0.999992
860 0.999992
861 0.999992
862 0.999992
863 0.999992
864 0.999992
865 0.999992
866 0.999992
867 0.999992
868 0.999992
869 0.999992
870 0.999992
871 0.999992
872 0.999992
873 0.999992
874 0.999992
875 0.999992
876 0.999992
877 0.999992
878 0.999992
879 0.999992
880 0.999992
881 0.999992
882 0.999992
883 0.999992
884 0.999992
885 0.999992
886 0.999992
887 0.999992
888 0.999992
889 0.999992
890 0.999992
891 0.999992
892 0.999992
893 0.999992
894 0.999992
895 0.999992
896 0.999992
897 0.999992
898 0.999992
899 0.999992
900 0.999992
901 0.999992
902 0.999992
903 0.999992
904 0.999992
905 0.999992
906 0.999992
907 0.999992
908 0.999992
909 0.999992
910 0.999992
911 0.999992
912 0.999992
913 0.999992
914 0.999992
915 0.999992
916 0.999992
917 0.999992
918 0.999992
919 0.999992
920 0.999992
921 0.999992
922 0.999992
923 0.999992
924 0.999992
925 0.999992
926 0.999992
927 0.999992
928 0.999992
929 0.999992
930 0.999992
931 0.999992
932 0.999992
933 0.999992
934 0.999992
935 0.999992
936 0.999992
937 0.999992
938 0.999992
939 0.999992
940 0.999992
941 0.999992
942 0.999992
943 0.999992
944 0.999992
945 0.999992
946 0.999992
947 0.999992
948 0.999992
949 0.999992
950 0.999992
951 0.999992
952 0.999992
953 0.999992
954 0.999992
955 0.999992
956 0.999992
957 0.999992
958 0.999992
959 0.999992
960 0.999992
961 0.999992
962 0.999992
963 0.999992
964 0.999992
965 0.999992
966 0.999992
967 0.999992
968 0.999992
969 0.999992
970 0.999992
971 0.999992
972 0.999992
973 0.999992
974 0.999992
975 0.999992
976 0.999992
977 0.999992
978 0.999992
979 0.999992
980 0.999992
981 0.999992
982 0.999992
983 0.999992
984 0.999992
985 0.999992
986 0.999992
987 0.999992
988 0.999992
989 0.999992
990 0.999992
991 0.999992
992 0.999992
993 0.999992
994 0.999992
995 0.999992
996 0.999992
997 0.999992
998 0.999992
999 0.999992
1000 0.999992
1001 0.999992
1002 0.999992
1003 0.999992
1004 0.999992
1005 0.999992
1006 0.999992
1007 0.999992
1008 0.999992
1009 0.999992
1010 0.999992
1011 0.999992
1012 0.999992
1013 0.999992
1014 0.999992
1015 0.999992
1016 0.999992
1017 0.999992
1018 0.999992
1019 0.999992
1020 0.999992
1021 0.999992
1022 0.999992
1023 0.999992
1024 0.999992
1025 0.999992
1026 0.999992
1027 0.999992
1028 0.999992
1029 0.999992
1030 0.999992
1031 0.999992
1032 0.999992
1033 0.999992
1034 0.999992
1035 0.999992
1036 0.999992
1037 0.999992
1038 0.999992
1039 0.999992
1040 0.999992
1041 0.999992
1042 0.999992
1043 0.999992
1044 0.999992
1045 0.999992
1046 0.999992
1047 0.999992
1048 0.999992
1049 0.999992
1050 0.999992
1051 0.999992
1052 0.999992
1053 0.999992
1054 0.999992
1055 0.999992
1056 0.999992
1057 0.999992
1058 0.999992
1059 0.999992
1060 0.999992
1061 0.999992
1062 0.999992
1063 0.999992
1064 0.999992
1065 0.999992
1066 0.999992
1067 0.999992
1068 0.999992
1069 0.999992
1070 0.999992
1071 0.999992
1072 0.999992
1073 0.999992
1074 0.999992
1075 0.999992
1076 0.999992
1077 0.999992
1078 0.999992
1079 0.999992
1080 0.999992
1081 0.999992
1082 0.999992
1083 0.999992
1084 0.999992
1085 0.999992
1086 0.999992
1087 0.999992
1088 0.999992
1089 0.999992
1090 0.999992
1091 0.999992
1092 0.999992
1093 0.999992
1094 0.999992
1095 0.999992
1096 0.999992
1097 0.999992
1098 0.999992
1099 0.999992
1100 0.999992
1101 0.999992
1102 0.999992
1103 0.999992
1104 0.999992
1105 0.999992
1106 0.999992
1107 0.999992
1108 0.999992
1109 0.999992
1110 0.999992
1111 0.999992
1112 0.999992
1113 0.999992
1114 0.999992
1115 0.999992
1116 0.999992
1117 0.999992
1118 0.999992
1119 0.999992
1120 0.999992
1121 0.999992
1122 0.999992
1123 0.999992
1124 0.999992
1125 0.999992
1126 0.999992
1127 0.999992
1128 0.999992
1129 0.999992
1130 0.999992
1131 0.999992
1132 0.999992
1133 0.999992
1134 0.999992
1135 0.999992
1136 0.999992
1137 0.999992
1138 0.999992
1139 0.999992
1140 0.999992
1141 0.999992
1142 0.999992
1143 0.999992
1144 0.999992
1145 0.999992
1146 0.999992
1147 0.999992
1148 0.999992
1149 0.999992
1150 0.999992
1151 0.999992
1152 0.999992
1153 0.999992
1154 0.999992
1155 0.999992
1156 0.999992
1157 0.999992
1158 0.999992
1159 0.999992
1160 0.999992
1161 0.999992
1162 0.999992
1163 0.999992
1164 0.999992
1165 0.999992
1166 0.999992
1167 0.999992
1168 0.999992
1169 0.999992
1170 0.999992
1171 0.999992
1172 0.999992
1173 0.999992
1174 0.999992
1175 0.999992
1176 0.999992
1177 0.999992
1178 0.999992
1179 0.999992
1180 0.999992
1181 0.999992
1182 0.999992
1183 0.999992
1184 0.999992
1185 0.999992
1186 0.999992
1187 0.999992
1188 0.999992
1189 0.999992
1190 0.999992
1191 0.999992
1192 0.999992
1193 0.999992
1194 0.999992
1195 0.999992
1196 0.999992
1197 0.999992
1198 0.999992
1199 0.999992
1200 0.999992
1201 0.999992
1202 0.999992
1203 0.999992
1204 0.999992
1205 0.999992
1206 0.999992
1207 0.999992
1208 0.999992
1209 0.999992
1210 0.999992
1211 0.999992
1212 0.999992
1213 0.999992
1214 0.999992
1215 0.999992
1216 0.999992
1217 0.999992
1218 0.999992
1219 0.999992
1220 0.999992
1221 0.999992
1222 0.999992
1223 0.999992
1224 0.999992
1225 0.999992
1226 0.999992
1227 0.999992
1228 0.999992
1229 0.999992
1230 0.999992
1231 0.999992
1232 0.999992
1233 0.999992
1234 0.999992
1235 0.999992
1236 0.999992
1237 0.999992
1238 0.999992
1239 0.999992
1240 0.999992
1241 0.999992
1242 0.999992
1243 0.999992
1244 0.999992
1245 0.999992
1246 0.999992
1247 0.999992
1248 0.999992
1249 0.999992
1250 0.999992
1251 0.999992
1252 0.999992
1253 0.999992
1254 0.999992
1255 0.999992
1256 0.999992
1257 0.999992
1258 0.999992
1259 0.999992
1260 0.999992
1261 0.999992
1262 0.999992
1263 0.999992
1264 0.999992
1265 0.999992
1266 0.999992
1267 0.999992
1268 0.999992
1269 0.999992
1270 0.999992
1271 0.999992
1272 0.999992
1273 0.999992
1274 0.999992
1275 0.999992
1276 0.999992
1277 0.999992
1278 0.999992
1279 0.999992
1280 0.999992
1281 0.999992
1282 0.999992
1283 0.999992
1284 0.999992
1285 0.999992
1286 0.999992
1287 0.999992
1288 0.999992
1289 0.999992
1290 0.999992
1291 0.999992
1292 0.999992
1293 0.999992
1294 0.999992
1295 0.999992
1296 0.999992
1297 0.999992
1298 0.999992
1299 0.999992
1300 0.999992
1301 0.999992
1302 0.999992
1303 0.999992
1304 0.999992
1305 0.999992
1306 0.999992
1307 0.999992
1308 0.999992
1309 0.999992
1310 0.999992
1311 0.999992
1312 0.999992
1313 0.999992
1314 0.999992
1315 0.999992
1316 0.999992
1317 0.999992
1318 0.999992
1319 0.999992
1320 0.999992
1321 0.999992
1322 0.999992
1323 0.999992
1324 0.999992
1325 0.999992
1326 0.999992
1327 0.999992
1328 0.999992
1329 0.999992
1330 0.999992
1331 0.999992
1332 0.999992
1333 0.999992
1334 0.999992
1335 0.999992
1336 0.999992
1337 0.999992
1338 0.999992
1339 0.999992
1340 0.999992
1341 0.999992
1342 0.999992
1343 0.999992
1344 0.999992
1345 0.999991
1346 0.999991
1347 0.999991
1348 0.999991
1349 0.999991
1350 0.999991
1351 0.999991
1352 0.999991
1353 0.999991
1354 0.999991
1355 0.999991
1356 0.999991
1357 0.999991
1358 0.999991
1359 0.999991
1360 0.999991
1361 0.999991
1362 0.999991
1363 0.999991
1364 0.999991
1365 0.999991
1366 0.999991
1367 0.999991
1368 0.999991
1369 0.999991
1370 0.999991
1371 0.999991
1372 0.999991
1373 0.999991
1374 0.99999
1375 0.99999
1376 0.99999
1377 0.99999
1378 0.99999
1379 0.99999
1380 0.99999
1381 0.99999
1382 0.99999
1383 0.99999
1384 0.99999
1385 0.99999
1386 0.99999
1387 0.99999
1388 0.99999
1389 0.99999
1390 0.99999
1391 0.99999
1392 0.99999
1393 0.99999
1394 0.99999
1395 0.99999
1396 0.99999
1397 0.99999
1398 0.99999
1399 0.99999
1400 0.99999
1401 0.999989
1402 0.999989
1403 0.999989
1404 0.999989
1405 0.999989
1406 0.999989
1407 0.999989
1408 0.999989
1409 0.999989
1410 0.999989
1411 0.999989
1412 0.999989
1413 0.999989
1414 0.999989
1415 0.999989
1416 0.999989
1417 0.999989
1418 0.999989
1419 0.999989
1420 0.999989
1421 0.999989
1422 0.999989
1423 0.999989
1424 0.999989
1425 0.999989
1426 0.999989
1427 0.999989
1428 0.999989
1429 0.999989
1430 0.999989
1431 0.999989
1432 0.999989
1433 0.999989
1434 0.999989
1435 0.999989
1436 0.999989
1437 0.99999
1438 0.99999
1439 0.99999
1440 0.99999
1441 0.99999
1442 0.99999
1443 0.99999
1444 0.99999
1445 0.99999
1446 0.99999
1447 0.99999
1448 0.99999
1449 0.99999
1450 0.99999
1451 0.99999
1452 0.999991
1453 0.999991
1454 0.999991
1455 0.999991
1456 0.999991
1457 0.999991
1458 0.999991
1459 0.999991
1460 0.999991
1461 0.999992
1462 0.999992
1463 0.999992
1464 0.999992
1465 0.999992
1466 0.999992
1467 0.999992
1468 0.999993
1469 0.999993
1470 0.999993
1471 0.999993
1472 0.999993
1473 0.999993
1474 0.999994
1475 0.999994
1476 0.999994
1477 0.999994
1478 0.999994
1479 0.999995
1480 0.999995
1481 0.999995
1482 0.999995
1483 0.999995
1484 0.999996
1485 0.999996
1486 0.999996
1487 0.999996
1488 0.999996
1489 0.999997
1490 0.999997
1491 0.999997
1492 0.999997
1493 0.999998
1494 0.999998
1495 0.999998
1496 0.999998
1497 0.999999
1498 0.999999
1499 0.999999
1500 0.999999
1501 1
1502 1
1503 1
1504 1
1505 1
1506 1
1507 1
1508 1
1509 1
1510 1
1511 1
1512 1
1513 1
1514 1
1515 1
1516 1
1517 1
1518 1
1519 1
1520 1
1521 1.00001
1522 1.00001
1523 1.00001
1524 1.00001
1525 1.00001
1526 1.00001
1527 1.00001
1528 1.00001
1529 1.00001
1530 1.00001
1531 1.00001
1532 1.00001
1533 1.00001
1534 1.00001
1535 1.00001
1536 1.00001
1537 1.00001
1538 1.00001
1539 1.00001
1540 1.00001
1541 1.00001
1542 1.00001
1543 1.00001
1544 1.00001
1545 1.00001
1546 1.00001
1547 1.00001
1548 1.00001
1549 1.00001
1550 1.00001
1551 1.00001
1552 1.00001
1553 1.00001
1554 1.00001
1555 1.00001
1556 1.00001
1557 1.00001
1558 1.00001
1559 1.00001
1560 1.00001
1561 1.00001
1562 1.00001
1563 1.00001
1564 1.00001
1565 1.00001
1566 1.00001
1567 1.00001
1568 1.00001
1569 1.00001
1570 1.00001
1571 1.00001
1572 1.00001
1573 1.00001
1574 1.00001
1575 1.00001
1576 1.00001
1577 1.00001
1578 1.00001
1579 1.00001
1580 1.00001
1581 1.00001
1582 1.00001
1583 1.00001
1584 1.00001
1585 1.00001
1586 1.00001
1587 1.00001
1588 1.00001
1589 1.00001
1590 1.00001
1591 1.00001
1592 1.00001
1593 1.00001
1594 1.00001
1595 1.00001
1596 1.00001
1597 1.00001
1598 1.00001
1599 1.00001
1600 1.00001
1601 1.00001
1602 1.00001
1603 1.00001
1604 1.00001
1605 1.00001
1606 1.00001
1607 1.00001
1608 1.00001
1609 1
1610 1
1611 1
1612 1
1613 1
1614 1
1615 1
1616 1
1617 1
1618 1
1619 1
1620 0.999999
1621 0.999999
1622 0.999998
1623 0.999997
1624 0.999997
1625 0.999996
1626 0.999996
1627 0.999995
1628 0.999994
1629 0.999994
1630 0.999993
1631 0.999992
1632 0.999992
1633 0.999991
1634 0.99999
1635 0.99999
1636 0.999989
1637 0.999988
1638 0.999988
1639 0.999987
1640 0.999986
1641 0.999986
1642 0.999985
1643 0.999984
1644 0.999983
1645 0.999983
1646 0.999982
1647 0.999981
1648 0.99998
1649 0.99998
1650 0.999979
1651 0.999978
1652 0.999977
1653 0.999977
1654 0.999976
1655 0.999975
1656 0.999974
1657 0.999974
1658 0.999973
1659 0.999972
1660 0.999971
1661 0.999971
1662 0.99997
1663 0.999969
1664 0.999968
1665 0.999968
1666 0.999967
1667 0.999966
1668 0.999965
1669 0.999965
1670 0.999964
1671 0.999963
1672 0.999963
1673 0.999962
1674 0.999961
1675 0.99996
1676 0.99996
1677 0.999959
1678 0.999958
1679 0.999958
1680 0.999957
1681 0.999956
1682 0.999956
1683 0.999955
1684 0.999954
1685 0.999954
1686 0.999953
1687 0.999952
1688 0.999952
1689 0.999951
1690 0.999951
1691 0.99995
1692 0.999949
1693 0.999949
1694 0.999948
1695 0.999948
1696 0.999947
1697 0.999947
1698 0.999946
1699 0.999946
1700 0.999945
1701 0.999945
1702 0.999944
1703 0.999944
1704 0.999943
1705 0.999943
1706 0.999942
1707 0.999942
1708 0.999942
1709 0.999941
1710 0.999941
1711 0.999941
1712 0.99994
1713 0.99994
1714 0.99994
1715 0.999939
1716 0.999939
1717 0.999939
1718 0.999938
1719 0.999938
1720 0.999938
1721 0.999938
1722 0.999937
1723 0.999937
1724 0.999937
1725 0.999937
1726 0.999937
1727 0.999937
1728 0.999937
1729 0.999936
1730 0.999936
1731 0.999936
1732 0.999936
1733 0.999936
1734 0.999936
1735 0.999936
1736 0.999936
1737 0.999936
1738 0.999936
1739 0.999936
1740 0.999936
1741 0.999936
1742 0.999937
1743 0.999937
1744 0.999937
1745 0.999937
1746 0.999937
1747 0.999937
1748 0.999937
1749 0.999938
1750 0.999938
1751 0.999938
1752 0.999938
1753 0.999939
1754 0.999939
1755 0.999939
1756 0.999939
1757 0.99994
1758 0.99994
1759 0.99994
1760 0.999941
1761 0.999941
1762 0.999941
1763 0.999942
1764 0.999942
1765 0.999943
1766 0.999943
1767 0.999944
1768 0.999944
1769 0.999945
1770 0.999945
1771 0.999945
1772 0.999946
1773 0.999947
1774 0.999947
1775 0.999948
1776 0.999948
1777 0.999949
1778 0.999949
1779 0.99995
1780 0.99995
1781 0.999951
1782 0.999952
1783 0.999952
1784 0.999953
1785 0.999954
1786 0.999954
1787 0.999955
1788 0.999956
1789 0.999956
1790 0.999957
1791 0.999958
1792 0.999958
1793 0.999959
1794 0.99996
1795 0.999961
1796 0.999961
1797 0.999962
1798 0.999963
1799 0.999964
1800 0.999965
1801 0.999965
1802 0.999966
1803 0.999967
1804 0.999968
1805 0.999969
1806 0.999969
1807 0.99997
1808 0.999971
1809 0.999972
1810 0.999973
1811 0.999974
1812 0.999974
1813 0.999975
1814 0.999976
1815 0.999977
1816 0.999978
1817 0.999979
1818 0.99998
1819 0.999981
1820 0.999981
1821 0.999982
1822 0.999983
1823 0.999984
1824 0.999985
1825 0.999986
1826 0.999987
1827 0.999988
1828 0.999989
1829 0.99999
1830 0.999991
1831 0.999991
1832 0.999992
1833 0.999993
1834 0.999994
1835 0.999995
1836 0.999996
1837 0.999997
1838 0.999998
1839 0.999999
1840 1
1841 1
1842 1
1843 1
1844 1
1845 1
1846 1.00001
1847 1.00001
1848 1.00001
1849 1.00001
1850 1.00001
1851 1.00001
1852 1.00001
1853 1.00001
1854 1.00001
1855 1.00001
1856 1.00001
1857 1.00002
1858 1.00002
1859 1.00002
1860 1.00002
1861 1.00002
1862 1.00002
1863 1.00002
1864 1.00002
1865 1.00002
1866 1.00002
1867 1.00002
1868 1.00003
1869 1.00003
1870 1.00003
1871 1.00003
1872 1.00003
1873 1.00003
1874 1.00003
1875 1.00003
1876 1.00003
1877 1.00003
1878 1.00003
1879 1.00003
1880 1.00004
1881 1.00004
1882 1.00004
1883 1.00004
1884 1.00004
1885 1.00004
1886 1.00004
1887 1.00004
1888 1.00004
1889 1.00004
1890 1.00004
1891 1.00004
1892 1.00004
1893 1.00005
1894 1.00005
1895 1.00005
1896 1.00005
1897 1.00005
1898 1.00005
1899 1.00005
1900 1.00005
1901 1.00005
1902 1.00005
1903 1.00005
1904 1.00005
1905 1.00005
1906 1.00005
1907 1.00005
1908 1.00005
1909 1.00006
1910 1.00006
1911 1.00006
1912 1.00006
1913 1.00006
1914 1.00006
1915 1.00006
1916 1.00006
1917 1.00006
1918 1.00006
1919 1.00006
1920 1.00006
1921 1.00006
1922 1.00006
1923 1.00006
1924 1.00006
1925 1.00006
1926 1.00006
1927 1.00006
1928 1.00006
1929 1.00006
1930 1.00007
1931 1.00007
1932 1.00007
1933 1.00007
1934 1.00007
1935 1.00007
1936 1.00007
1937 1.00007
1938 1.00007
1939 1.00007
1940 1.00007
1941 1.00007
1942 1.00007
1943 1.00007
1944 1.00007
1945 1.00007
1946 1.00007
1947 1.00007
1948 1.00007
1949 1.00007
1950 1.00007
1951 1.00007
1952 1.00007
1953 1.00007
1954 1.00007
1955 1.00007
1956 1.00007
1957 1.00007
1958 1.00007
1959 1.00007
1960 1.00007
1961 1.00007
1962 1.00007
1963 1.00007
1964 1.00007
1965 1.00007
1966 1.00007
1967 1.00007
1968 1.00007
1969 1.00007
1970 1.00007
1971 1.00007
1972 1.00007
1973 1.00007
1974 1.00007
1975 1.00007
1976 1.00007
1977 1.00007
1978 1.00007
1979 1.00007
1980 1.00007
1981 1.00007
1982 1.00007
1983 1.00007
1984 1.00007
1985 1.00007
1986 1.00007
1987 1.00007
1988 1.00007
1989 1.00007
1990 1.00007
1991 1.00007
1992 1.00007
1993 1.00006
1994 1.00006
1995 1.00006
1996 1.00006
1997 1.00006
1998 1.00006
1999 1.00006
2000 1.00006
2001 1.00006
2002 1.00006
2003 1.00006
2004 1.00006
2005 1.00006
2006 1.00006
2007 1.00006
2008 1.00006
2009 1.00006
2010 1.00006
2011 1.00006
2012 1.00006
2013 1.00006
2014 1.00005
2015 1.00005
2016 1.00005
2017 1.00005
2018 1.00005
2019 1.00005
2020 1.00005
2021 1.00005
2022 1.00005
2023 1.00005
2024 1.00005
2025 1.00005
2026 1.00005
2027 1.00005
2028 1.00005
2029 1.00005
2030 1.00005
2031 1.00004
2032 1.00004
2033 1.00004
2034 1.00004
2035 1.00004
2036 1.00004
2037 1.00004
2038 1.00004
2039 1.00004
2040 1.00004
2041 1.00004
2042 1.00004
2043 1.00004
2044 1.00004
2045 1.00003
2046 1.00003
2047 1.00003
2048 1.00003
2049 1.00003
2050 1.00003
2051 1.00003
2052 1.00003
2053 1.00003
2054 1.00003
2055 1.00003
2056 1.00003
2057 1.00003
2058 1.00002
2059 1.00002
2060 1.00002
2061 1.00002
2062 1.00002
2063 1.00002
2064 1.00002
2065 1.00002
2066 1.00002
2067 1.00002
2068 1.00002
2069 1.00002
2070 1.00002
2071 1.00002
2072 1.00001
2073 1.00001
2074 1.00001
2075 1.00001
2076 1.00001
2077 1.00001
2078 1.00001
2079 1.00001
2080 1.00001
2081 1.00001
2082 1.00001
2083 1.00001
2084 1.00001
2085 1.00001
2086 1
2087 1
2088 1
2089 1
2090 1
2091 1
2092 1
2093 1
2094 0.999999
2095 0.999998
2096 0.999998
2097 0.999997
2098 0.999996
2099 0.999996
2100 0.999995
2101 0.999994
2102 0.999994
2103 0.999993
2104 0.999992
2105 0.999992
2106 0.999991
2107 0.99999
2108 0.99999
2109 0.999989
2110 0.999989
2111 0.999988
2112 0.999987
2113 0.999987
2114 0.999986
2115 0.999986
2116 0.999985
2117 0.999984
2118 0.999984
2119 0.999983
2120 0.999983
2121 0.999982
2122 0.999982
2123 0.999981
2124 0.999981
2125 0.99998
2126 0.999979
2127 0.999979
2128 0.999978
2129 0.999978
2130 0.999977
2131 0.999977
2132 0.999976
2133 0.999976
2134 0.999975
2135 0.999975
2136 0.999974
2137 0.999974
2138 0.999973
2139 0.999973
2140 0.999972
2141 0.999972
2142 0.999971
2143 0.999971
2144 0.99997
2145 0.99997
2146 0.99997
2147 0.999969
2148 0.999969
2149 0.999968
2150 0.999968
2151 0.999967
2152 0.999967
2153 0.999966
2154 0.999966
2155 0.999966
2156 0.999965
2157 0.999965
2158 0.999964
2159 0.999964
2160 0.999963
2161 0.999963
2162 0.999963
2163 0.999962
2164 0.999962
2165 0.999961
2166 0.999961
2167 0.999961
2168 0.99996
2169 0.99996
2170 0.999959
2171 0.999959
2172 0.999959
2173 0.999958
2174 0.999958
2175 0.999957
2176 0.999957
2177 0.999957
2178 0.999956
2179 0.999956
2180 0.999955
2181 0.999955
2182 0.999955
2183 0.999954
2184 0.999954
2185 0.999953
2186 0.999953
2187 0.999953
2188 0.999952
2189 0.999952
2190 0.999951
2191 0.999951
2192 0.999951
2193 0.99995
2194 0.99995
2195 0.99995
2196 0.999949
2197 0.999949
2198 0.999948
2199 0.999948
2200 0.999948
2201 0.999947
2202 0.999947
2203 0.999947
2204 0.999946
2205 0.999946
2206 0.999945
2207 0.999945
2208 0.999945
2209 0.999944
2210 0.999944
2211 0.999944
2212 0.999943
2213 0.999943
2214 0.999942
2215 0.999942
2216 0.999942
2217 0.999941
2218 0.999941
2219 0.999941
2220 0.99994
2221 0.99994
2222 0.999939
2223 0.999939
2224 0.999939
2225 0.999938
2226 0.999938
2227 0.999938
2228 0.999937
2229 0.999937
2230 0.999937
2231 0.999936
2232 0.999936
2233 0.999935
2234 0.999935
2235 0.999935
2236 0.999934
2237 0.999934
2238 0.999934
2239 0.999933
2240 0.999933
2241 0.999933
2242 0.999932
2243 0.999932
2244 0.999932
2245 0.999931
2246 0.999931
2247 0.999931
2248 0.99993
2249 0.99993
2250 0.99993
2251 0.999929
2252 0.999929
2253 0.999929
2254 0.999928
2255 0.999928
2256 0.999928
2257 0.999928
2258 0.999927
2259 0.999927
2260 0.999927
2261 0.999926
2262 0.999926
2263 0.999926
2264 0.999926
2265 0.999925
2266 0.999925
2267 0.999925
2268 0.999925
2269 0.999924
2270 0.999924
2271 0.999924
2272 0.999924
2273 0.999923
2274 0.999923
2275 0.999923
2276 0.999923
2277 0.999922
2278 0.999922
2279 0.999922
2280 0.999922
2281 0.999922
2282 0.999921
2283 0.999921
2284 0.999921
2285 0.999921
2286 0.999921
2287 0.999921
2288 0.999921
2289 0.99992
2290 0.99992
2291 0.99992
2292 0.99992
2293 0.99992
2294 0.99992
2295 0.99992
2296 0.99992
2297 0.999919
2298 0.999919
2299 0.999919
2300 0.999919
2301 0.999919
2302 0.999919
2303 0.999919
2304 0.999919
2305 0.999919
2306 0.999919
2307 0.999919
2308 0.999919
2309 0.999919
2310 0.999919
2311 0.999919
2312 0.999919
2313 0.999919
2314 0.999919
2315 0.999919
2316 0.999919
2317 0.999919
2318 0.999919
2319 0.999919
2320 0.999919
2321 0.999919
2322 0.999919
2323 0.99992
2324 0.99992
2325 0.99992
2326 0.99992
2327 0.99992
2328 0.99992
2329 0.99992
2330 0.99992
2331 0.999921
2332 0.999921
2333 0.999921
2334 0.999921
2335 0.999921
2336 0.999922
2337 0.999922
2338 0.999922
2339 0.999922
2340 0.999922
2341 0.999923
2342 0.999923
2343 0.999923
2344 0.999923
2345 0.999924
2346 0.999924
2347 0.999924
2348 0.999925
2349 0.999925
2350 0.999925
2351 0.999926
2352 0.999926
2353 0.999926
2354 0.999926
2355 0.999927
2356 0.999927
2357 0.999928
2358 0.999928
2359 0.999928
2360 0.999929
2361 0.999929
2362 0.999929
2363 0.99993
2364 0.99993
2365 0.999931
2366 0.999931
2367 0.999932
2368 0.999932
2369 0.999932
2370 0.999933
2371 0.999933
2372 0.999934
2373 0.999934
2374 0.999935
2375 0.999935
2376 0.999936
2377 0.999936
2378 0.999937
2379 0.999937
2380 0.999938
2381 0.999938
2382 0.999939
2383 0.999939
2384 0.99994
2385 0.99994
2386 0.999941
2387 0.999942
2388 0.999942
2389 0.999943
2390 0.999943
2391 0.999944
2392 0.999944
2393 0.999945
2394 0.999946
2395 0.999946
2396 0.999947
2397 0.999947
2398 0.999948
2399 0.999949
2400 0.999949
2401 0.99995
2402 0.999951
2403 0.999951
2404 0.999952
2405 0.999953
2406 0.999953
2407 0.999954
2408 0.999954
2409 0.999955
2410 0.999956
2411 0.999956
2412 0.999957
2413 0.999958
2414 0.999958
2415 0.999959
2416 0.99996
2417 0.999961
2418 0.999961
2419 0.999962
2420 0.999963
2421 0.999963
2422 0.999964
2423 0.999965
2424 0.999965
2425 0.999966
2426 0.999967
2427 0.999968
2428 0.999968
2429 0.999969
2430 0.99997
2431 0.99997
2432 0.999971
2433 0.999972
2434 0.999973
2435 0.999973
2436 0.999974
2437 0.999975
2438 0.999975
2439 0.999976
2440 0.999977
2441 0.999978
2442 0.999978
2443 0.999979
2444 0.99998
2445 0.99998
2446 0.999981
2447 0.999982
2448 0.999983
2449 0.999983
2450 0.999984
2451 0.999985
2452 0.999985
2453 0.999986
2454 0.999987
2455 0.999988
2456 0.999988
2457 0.999989
2458 0.99999
2459 0.99999
2460 0.999991
2461 0.999992
2462 0.999992
2463 0.999993
2464 0.999994
2465 0.999995
2466 0.999995
2467 0.999996
2468 0.999997
2469 0.999997
2470 0.999998
2471 0.999999
2472 0.999999
2473 1
2474 1
2475 1
2476 1
2477 1
2478 1
2479 1
2480 1
2481 1
2482 1.00001
2483 1.00001
2484 1.00001
2485 1.00001
2486 1.00001
2487 1.00001
2488 1.00001
2489 1.00001
2490 1.00001
2491 1.00001
2492 1.00001
2493 1.00001
2494 1.00001
2495 1.00001
2496 1.00001
2497 1.00001
2498 1.00001
2499 1.00001
2500 1.00002
2501 1.00002
2502 1.00002
2503 1.00002
2504 1.00002
2505 1.00002
2506 1.00002
2507 1.00002
2508 1.00002
2509 1.00002
2510 1.00002
2511 1.00002
2512 1.00002
2513 1.00002
2514 1.00002
2515 1.00002
2516 1.00002
2517 1.00002
2518 1.00002
2519 1.00002
2520 1.00002
2521 1.00002
2522 1.00002
2523 1.00002
2524 1.00002
2525 1.00002
2526 1.00002
2527 1.00002
2528 1.00003
2529 1.00003
2530 1.00003
2531 1.00003
2532 1.00003
2533 1.00003
2534 1.00003
2535 1.00003
2536 1.00003
2537 1.00003
2538 1.00003
2539 1.00003
2540 1.00003
2541 1.00003
2542 1.00003
2543 1.00003
2544 1.00003
2545 1.00003
2546 1.00003
2547 1.00003
2548 1.00003
2549 1.00003
2550 1.00003
2551 1.00003
2552 1.00003
2553 1.00003
2554 1.00003
2555 1.00003
2556 1.00003
2557 1.00003
2558 1.00003
2559 1.00003
2560 1.00003
2561 1.00003
2562 1.00003
2563 1.00003
2564 1.00003
2565 1.00003
2566 1.00003
2567 1.00003
2568 1.00003
2569 1.00003
2570 1.00003
2571 1.00003
2572 1.00002
2573 1.00002
2574 1.00002
2575 1.00002
2576 1.00002
2577 1.00002
2578 1.00002
2579 1.00002
2580 1.00002
2581 1.00002
2582 1.00002
2583 1.00002
2584 1.00002
2585 1.00002
2586 1.00002
2587 1.00002
2588 1.00002
2589 1.00002
2590 1.00002
2591 1.00002
2592 1.00002
2593 1.00002
2594 1.00002
2595 1.00002
2596 1.00002
2597 1.00002
2598 1.00002
2599 1.00002
2600 1.00002
2601 1.00002
2602 1.00002
2603 1.00001
2604 1.00001
2605 1.00001
2606 1.00001
2607 1.00001
2608 1.00001
2609 1.00001
2610 1.00001
2611 1.00001
2612 1.00001
2613 1.00001
2614 1.00001
2615 1.00001
2616 1.00001
2617 1.00001
2618 1.00001
2619 1.00001
2620 1.00001
2621 1.00001
2622 1.00001
2623 1.00001
2624 1.00001
2625 1
2626 1
2627 1
2628 1
2629 1
2630 1
2631 1
2632 1
2633 1
2634 1
2635 1
2636 1
2637 0.999999
2638 0.999999
2639 0.999998
2640 0.999998
2641 0.999997
2642 0.999997
2643 0.999997
2644 0.999996
2645 0.999996
2646 0.999995
2647 0.999995
2648 0.999994
2649 0.999994
2650 0.999994
2651 0.999993
2652 0.999993
2653 0.999992
2654 0.999992
2655 0.999992
2656 0.999991
2657 0.999991
2658 0.99999
2659 0.99999
2660 0.99999
2661 0.999989
2662 0.999989
2663 0.999989
2664 0.999988
2665 0.999988
2666 0.999988
2667 0.999987
2668 0.999987
2669 0.999987
2670 0.999986
2671 0.999986
2672 0.999986
2673 0.999986
2674 0.999985
2675 0.999985
2676 0.999985
2677 0.999985
2678 0.999984
2679 0.999984
2680 0.999984
2681 0.999984
2682 0.999984
2683 0.999983
2684 0.999983
2685 0.999983
2686 0.999983
2687 0.999983
2688 0.999983
2689 0.999982
2690 0.999982
2691 0.999982
2692 0.999982
2693 0.999982
2694 0.999982
2695 0.999982
2696 0.999982
2697 0.999982
2698 0.999982
2699 0.999982
2700 0.999982
2701 0.999981
2702 0.999981
2703 0.999981
2704 0.999981
2705 0.999981
2706 0.999982
2707 0.999982
2708 0.999982
2709 0.999982
2710 0.999982
2711 0.999982
2712 0.999982
2713 0.999982
2714 0.999982
2715 0.999982
2716 0.999982
2717 0.999982
2718 0.999983
2719 0.999983
2720 0.999983
2721 0.999983
2722 0.999983
2723 0.999983
2724 0.999984
2725 0.999984
2726 0.999984
2727 0.999984
2728 0.999984
2729 0.999985
2730 0.999985
2731 0.999985
2732 0.999986
2733 0.999986
2734 0.999986
2735 0.999986
2736 0.999987
2737 0.999987
2738 0.999987
2739 0.999988
2740 0.999988
2741 0.999988
2742 0.999989
2743 0.999989
2744 0.999989
2745 0.99999
2746 0.99999
2747 0.99999
2748 0.999991
2749 0.999991
2750 0.999992
2751 0.999992
2752 0.999992
2753 0.999993
2754 0.999993
2755 0.999994
2756 0.999994
2757 0.999995
2758 0.999995
2759 0.999995
2760 0.999996
2761 0.999996
2762 0.999997
2763 0.999997
2764 0.999998
2765 0.999998
2766 0.999999
2767 0.999999
2768 1
2769 1
2770 1
2771 1
2772 1
2773 1
2774 1
2775 1
2776 1
2777 1
2778 1
2779 1.00001
2780 1.00001
2781 1.00001
2782 1.00001
2783 1.00001
2784 1.00001
2785 1.00001
2786 1.00001
2787 1.00001
2788 1.00001
2789 1.00001
2790 1.00001
2791 1.00001
2792 1.00001
2793 1.00001
2794 1.00001
2795 1.00001
2796 1.00001
2797 1.00001
2798 1.00001
2799 1.00002
2800 1.00002
2801 1.00002
2802 1.00002
2803 1.00002
2804 1.00002
2805 1.00002
2806 1.00002
2807 1.00002
2808 1.00002
2809 1.00002
2810 1.00002
2811 1.00002
2812 1.00002
2813 1.00002
2814 1.00002
2815 1.00002
2816 1.00002
2817 1.00002
2818 1.00002
2819 1.00002
2820 1.00003
2821 1.00003
2822 1.00003
2823 1.00003
2824 1.00003
2825 1.00003
2826 1.00003
2827 1.00003
2828 1.00003
2829 1.00003
2830 1.00003
2831 1.00003
2832 1.00003
2833 1.00003
2834 1.00003
2835 1.00003
2836 1.00003
2837 1.00003
2838 1.00003
2839 1.00003
2840 1.00003
2841 1.00003
2842 1.00003
2843 1.00003
2844 1.00003
2845 1.00003
2846 1.00003
2847 1.00003
2848 1.00003
2849 1.00003
2850 1.00003
2851 1.00004
2852 1.00004
2853 1.00004
2854 1.00004
2855 1.00004
2856 1.00004
2857 1.00004
2858 1.00004
2859 1.00004
2860 1.00004
2861 1.00004
2862 1.00004
2863 1.00004
2864 1.00004
2865 1.00004
2866 1.00004
2867 1.00004
2868 1.00004
2869 1.00004
2870 1.00004
2871 1.00004
2872 1.00004
2873 1.00004
2874 1.00004
2875 1.00004
2876 1.00004
2877 1.00004
2878 1.00004
2879 1.00004
2880 1.00004
2881 1.00004
2882 1.00004
2883 1.00004
2884 1.00004
2885 1.00004
2886 1.00004
2887 1.00004
2888 1.00004
2889 1.00004
2890 1.00004
2891 1.00004
2892 1.00004
2893 1.00004
2894 1.00004
2895 1.00004
2896 1.00004
2897 1.00004
2898 1.00003
2899 1.00003
2900 1.00003
2901 1.00003
2902 1.00003
2903 1.00003
2904 1.00003
2905 1.00003
2906 1.00003
2907 1.00003
2908 1.00003
2909 1.00003
2910 1.00003
2911 1.00003
2912 1.00003
2913 1.00003
2914 1.00003
2915 1.00003
2916 1.00003
2917 1.00003
2918 1.00003
2919 1.00003
2920 1.00003
2921 1.00003
2922 1.00003
2923 1.00003
2924 1.00003
2925 1.00003
2926 1.00003
2927 1.00003
2928 1.00003
2929 1.00003
2930 1.00002
2931 1.00002
2932 1.00002
2933 1.00002
2934 1.00002
2935 1.00002
2936 1.00002
2937 1.00002
2938 1.00002
2939 1.00002
2940 1.00002
2941 1.00002
2942 1.00002
2943 1.00002
2944 1.00002
2945 1.00002
2946 1.00002
2947 1.00002
2948 1.00002
2949 1.00002
2950 1.00002
2951 1.00002
2952 1.00002
2953 1.00001
2954 1.00001
2955 1.00001
2956 1.00001
2957 1.00001
2958 1.00001
2959 1.00001
2960 1.00001
2961 1.00001
2962 1.00001
2963 1.00001
2964 1.00001
2965 1.00001
2966 1.00001
2967 1.00001
2968 1.00001
2969 1.00001
2970 1.00001
2971 1.00001
2972 1.00001
2973 1.00001
2974 1.00001
2975 1.00001
2976 1.00001
2977 1
2978 1
2979 1
2980 1
2981 1
2982 1
2983 1
2984 1
2985 1
2986 1
2987 1
2988 1
2989 1
2990 1
2991 0.999999
2992 0.999999
2993 0.999999
2994 0.999998
2995 0.999998
2996 0.999998
2997 0.999997
2998 0.999997
2999 0.999997
3000 0.999997
3001 0.999996
3002 0.999996
3003 0.999996
3004 0.999995
3005 0.999995
3006 0.999995
3007 0.999995
3008 0.999994
3009 0.999994
3010 0.999994
3011 0.999994
3012 0.999994
3013 0.999993
3014 0.999993
3015 0.999993
3016 0.999993
3017 0.999993
3018 0.999992
3019 0.999992
3020 0.999992
3021 0.999992
3022 0.999992
3023 0.999992
3024 0.999992
3025 0.999991
3026 0.999991
3027 0.999991
3028 0.999991
3029 0.999991
3030 0.999991
3031 0.999991
3032 0.999991
3033 0.999991
3034 0.999991
3035 0.999991
3036 0.999991
3037 0.999991
3038 0.999991
3039 0.999991
3040 0.999991
3041 0.999991
3042 0.999991
3043 0.999991
3044 0.999991
3045 0.999991
3046 0.999991
3047 0.999991
3048 0.999991
3049 0.999991
3050 0.999991
3051 0.999991
3052 0.999991
3053 0.999991
3054 0.999991
3055 0.999991
3056 0.999992
3057 0.999992
3058 0.999992
3059 0.999992
3060 0.999992
3061 0.999992
3062 0.999992
3063 0.999993
3064 0.999993
3065 0.999993
3066 0.999993
3067 0.999993
3068 0.999993
3069 0.999994
3070 0.999994
3071 0.999994
3072 0.999994
3073 0.999994
3074 0.999995
3075 0.999995
3076 0.999995
3077 0.999995
3078 0.999996
3079 0.999996
3080 0.999996
3081 0.999996
3082 0.999997
3083 0.999997
3084 0.999997
3085 0.999997
3086 0.999998
3087 0.999998
3088 0.999998
3089 0.999999
3090 0.999999
3091 0.999999
3092 0.999999
3093 1
3094 1
3095 1
3096 1
3097 1
3098 1
3099 1
3100 1
3101 1
3102 1
3103 1
3104 1
3105 1
3106 1
3107 1
3108 1
3109 1
3110 1.00001
3111 1.00001
3112 1.00001
3113 1.00001
3114 1.00001
3115 1.00001
3116 1.00001
3117 1.00001
3118 1.00001
3119 1.00001
3120 1.00001
3121 1.00001
3122 1.00001
3123 1.00001
3124 1.00001
3125 1.00001
3126 1.00001
3127 1.00001
3128 1.00001
3129 1.00001
3130 1.00001
3131 1.00001
3132 1.00001
3133 1.00001
3134 1.00001
3135 1.00001
3136 1.00001
3137 1.00001
3138 1.00001
3139 1.00001
3140 1.00001
3141 1.00001
3142 1.00001
3143 1.00002
3144 1.00002
3145 1.00002
3146 1.00002
3147 1.00002
3148 1.00002
3149 1.00002
3150 1.00002
3151 1.00002
3152 1.00002
3153 1.00002
3154 1.00002
3155 1.00002
3156 1.00002
3157 1.00002
3158 1.00002
3159 1.00002
3160 1.00002
3161 1.00002
3162 1.00002
3163 1.00002
3164 1.00002
3165 1.00002
3166 1.00002
3167 1.00002
3168 1.00002
3169 1.00002
3170 1.00002
3171 1.00002
3172 1.00002
3173 1.00002
3174 1.00002
3175 1.00002
3176 1.00002
3177 1.00002
3178 1.00002
3179 1.00002
3180 1.00002
3181 1.00002
3182 1.00002
3183 1.00002
3184 1.00002
3185 1.00002
3186 1.00002
3187 1.00002
3188 1.00002
3189 1.00002
3190 1.00002
3191 1.00002
3192 1.00002
3193 1.00002
3194 1.00002
3195 1.00002
3196 1.00002
3197 1.00002
3198 1.00002
3199 1.00002
3200 1.00002
3201 1.00002
3202 1.00002
3203 1.00002
3204 1.00002
3205 1.00002
3206 1.00002
3207 1.00002
3208 1.00002
3209 1.00002
3210 1.00002
3211 1.00002
3212 1.00002
3213 1.00002
3214 1.00002
3215 1.00002
3216 1.00002
3217 1.00002
3218 1.00002
3219 1.00002
3220 1.00002
3221 1.00002
3222 1.00002
3223 1.00002
3224 1.00002
3225 1.00002
3226 1.00002
3227 1.00002
3228 1.00002
3229 1.00002
3230 1.00002
3231 1.00002
3232 1.00002
3233 1.00002
3234 1.00002
3235 1.00002
3236 1.00002
3237 1.00002
3238 1.00002
3239 1.00002
3240 1.00002
3241 1.00001
3242 1.00001
3243 1.00001
3244 1.00001
3245 1.00001
3246 1.00001
3247 1.00001
3248 1.00001
3249 1.00001
3250 1.00001
3251 1.00001
3252 1.00001
3253 1.00001
3254 1.00001
3255 1.00001
3256 1.00001
3257 1.00001
3258 1.00001
3259 1.00001
3260 1.00001
3261 1.00001
3262 1.00001
3263 1.00001
3264 1.00001
3265 1.00001
3266 1.00001
3267 1.00001
3268 1.00001
3269 1.00001
3270 1.00001
3271 1.00001
3272 1.00001
3273 1.00001
3274 1
3275 1
3276 1
3277 1
3278 1
3279 1
3280 1
3281 1
3282 1
3283 1
3284 1
3285 1
3286 1
3287 1
3288 1
3289 1
3290 1
3291 1
3292 0.999999
3293 0.999999
3294 0.999999
3295 0.999998
3296 0.999998
3297 0.999998
3298 0.999997
3299 0.999997
3300 0.999997
3301 0.999997
3302 0.999996
3303 0.999996
3304 0.999996
3305 0.999996
3306 0.999995
3307 0.999995
3308 0.999995
3309 0.999994
3310 0.999994
3311 0.999994
3312 0.999994
3313 0.999993
3314 0.999993
3315 0.999993
3316 0.999993
3317 0.999992
3318 0.999992
3319 0.999992
3320 0.999992
3321 0.999992
3322 0.999991
3323 0.999991
3324 0.999991
3325 0.999991
3326 0.999991
3327 0.99999
3328 0.99999
3329 0.99999
3330 0.99999
3331 0.99999
3332 0.999989
3333 0.999989
3334 0.999989
3335 0.999989
3336 0.999989
3337 0.999989
3338 0.999988
3339 0.999988
3340 0.999988
3341 0.999988
3342 0.999988
3343 0.999988
3344 0.999988
3345 0.999988
3346 0.999987
3347 0.999987
3348 0.999987
3349 0.999987
3350 0.999987
3351 0.999987
3352 0.999987
3353 0.999987
3354 0.999987
3355 0.999987
3356 0.999986
3357 0.999986
3358 0.999986
3359 0.999986
3360 0.999986
3361 0.999986
3362 0.999986
3363 0.999986
3364 0.999986
3365 0.999986
3366 0.999986
3367 0.999986
3368 0.999986
3369 0.999986
3370 0.999986
3371 0.999986
3372 0.999986
3373 0.999986
3374 0.999986
3375 0.999986
3376 0.999986
3377 0.999986
3378 0.999986
3379 0.999986
3380 0.999986
3381 0.999986
3382 0.999986
3383 0.999986
3384 0.999986
3385 0.999986
3386 0.999986
3387 0.999986
3388 0.999986
3389 0.999986
3390 0.999986
3391 0.999986
3392 0.999986
3393 0.999986
3394 0.999986
3395 0.999986
3396 0.999987
3397 0.999987
3398 0.999987
3399 0.999987
3400 0.999987
3401 0.999987
3402 0.999987
3403 0.999987
3404 0.999987
3405 0.999987
3406 0.999987
3407 0.999987
3408 0.999987
3409 0.999987
3410 0.999988
3411 0.999988
3412 0.999988
3413 0.999988
3414 0.999988
3415 0.999988
3416 0.999988
3417 0.999988
3418 0.999988
3419 0.999988
3420 0.999988
3421 0.999989
3422 0.999989
3423 0.999989
3424 0.999989
3425 0.999989
3426 0.999989
3427 0.999989
3428 0.999989
3429 0.999989
3430 0.999989
3431 0.999989
3432 0.99999
3433 0.99999
3434 0.99999
3435 0.99999
3436 0.99999
3437 0.99999
3438 0.99999
3439 0.99999
3440 0.99999
3441 0.99999
3442 0.99999
3443 0.999991
3444 0.999991
3445 0.999991
3446 0.999991
3447 0.999991
3448 0.999991
3449 0.999991
3450 0.999991
3451 0.999991
3452 0.999991
3453 0.999991
3454 0.999991
3455 0.999991
3456 0.999992
3457 0.999992
3458 0.999992
3459 0.999992
3460 0.999992
3461 0.999992
3462 0.999992
3463 0.999992
3464 0.999992
3465 0.999992
3466 0.999992
3467 0.999992
3468 0.999992
3469 0.999992
3470 0.999992
3471 0.999992
3472 0.999992
3473 0.999992
3474 0.999992
3475 0.999992
3476 0.999992
3477 0.999992
3478 0.999992
3479 0.999992
3480 0.999992
3481 0.999992
3482 0.999992
3483 0.999992
3484 0.999992
3485 0.999992
3486 0.999992
3487 0.999992
3488 0.999992
3489 0.999992
3490 0.999992
3491 0.999992
3492 0.999992
3493 0.999992
3494 0.999992
3495 0.999992
3496 0.999992
3497 0.999992
3498 0.999992
3499 0.999992
3500 0.999992
3501 0.999992
3502 0.999992
3503 0.999992
3504 0.999992
3505 0.999991
3506 0.999991
3507 0.999991
3508 0.999991
3509 0.999991
3510 0.999991
3511 0.999991
3512 0.999991
3513 0.999991
3514 0.999991
3515 0.999991
3516 0.999991
3517 0.99999
3518 0.99999
3519 0.99999
3520 0.99999
3521 0.99999
3522 0.99999
3523 0.99999
3524 0.99999
3525 0.999989
3526 0.999989
3527 0.999989
3528 0.999989
3529 0.999989
3530 0.999989
3531 0.999989
3532 0.999989
3533 0.999988
3534 0.999988
3535 0.999988
3536 0.999988
3537 0.999988
3538 0.999988
3539 0.999987
3540 0.999987
3541 0.999987
3542 0.999987
3543 0.999987
3544 0.999987
3545 0.999986
3546 0.999986
3547 0.999986
3548 0.999986
3549 0.999986
3550 0.999986
3551 0.999985
3552 0.999985
3553 0.999985
3554 0.999985
3555 0.999985
3556 0.999985
3557 0.999984
3558 0.999984
3559 0.999984
3560 0.999984
3561 0.999984
3562 0.999984
3563 0.999983
3564 0.999983
3565 0.999983
3566 0.999983
3567 0.999983
3568 0.999982
3569 0.999982
3570 0.999982
3571 0.999982
3572 0.999982
3573 0.999981
3574 0.999981
3575 0.999981
3576 0.999981
3577 0.999981
3578 0.999981
3579 0.99998
3580 0.99998
3581 0.99998
3582 0.99998
3583 0.99998
3584 0.99998
3585 0.999979
3586 0.999979
3587 0.999979
3588 0.999979
3589 0.999979
3590 0.999979
3591 0.999978
3592 0.999978
3593 0.999978
3594 0.999978
3595 0.999978
3596 0.999978
3597 0.999977
3598 0.999977
3599 0.999977
3600 0.999977
3601 0.999977
3602 0.999977
3603 0.999976
3604 0.999976
3605 0.999976
3606 0.999976
3607 0.999976
3608 0.999976
3609 0.999976
3610 0.999976
3611 0.999975
3612 0.999975
3613 0.999975
3614 0.999975
3615 0.999975
3616 0.999975
3617 0.999975
3618 0.999975
3619 0.999975
3620 0.999974
3621 0.999974
3622 0.999974
3623 0.999974
3624 0.999974
3625 0.999974
3626 0.999974
3627 0.999974
3628 0.999974
3629 0.999974
3630 0.999974
3631 0.999974
3632 0.999973
3633 0.999973
3634 0.999973
3635 0.999973
3636 0.999973
3637 0.999973
3638 0.999973
3639 0.999973
3640 0.999973
3641 0.999973
3642 0.999973
3643 0.999973
3644 0.999973
3645 0.999973
3646 0.999973
3647 0.999973
3648 0.999973
3649 0.999973
3650 0.999973
3651 0.999973
3652 0.999973
3653 0.999973
3654 0.999973
3655 0.999973
3656 0.999973
3657 0.999973
3658 0.999973
3659 0.999973
3660 0.999973
3661 0.999973
3662 0.999973
3663 0.999973
3664 0.999973
3665 0.999973
3666 0.999973
3667 0.999973
3668 0.999973
3669 0.999973
3670 0.999974
3671 0.999974
3672 0.999974
3673 0.999974
3674 0.999974
3675 0.999974
3676 0.999974
3677 0.999974
3678 0.999974
3679 0.999974
3680 0.999974
3681 0.999974
3682 0.999975
3683 0.999975
3684 0.999975
3685 0.999975
3686 0.999975
3687 0.999975
3688 0.999975
3689 0.999975
3690 0.999975
3691 0.999976
3692 0.999976
3693 0.999976
3694 0.999976
3695 0.999976
3696 0.999976
3697 0.999976
3698 0.999976
3699 0.999977
3700 0.999977
3701 0.999977
3702 0.999977
3703 0.999977
3704 0.999977
3705 0.999977
3706 0.999978
3707 0.999978
3708 0.999978
3709 0.999978
3710 0.999978
3711 0.999978
3712 0.999979
3713 0.999979
3714 0.999979
3715 0.999979
3716 0.999979
3717 0.999979
3718 0.99998
3719 0.99998
3720 0.99998
3721 0.99998
3722 0.99998
3723 0.99998
3724 0.999981
3725 0.999981
3726 0.999981
3727 0.999981
3728 0.999981
3729 0.999981
3730 0.999982
3731 0.999982
3732 0.999982
3733 0.999982
3734 0.999982
3735 0.999983
3736 0.999983
3737 0.999983
3738 0.999983
3739 0.999983
3740 0.999983
3741 0.999984
3742 0.999984
3743 0.999984
3744 0.999984
3745 0.999984
3746 0.999984
3747 0.999985
3748 0.999985
3749 0.999985
3750 0.999985
3751 0.999985
3752 0.999985
3753 0.999986
3754 0.999986
3755 0.999986
3756 0.999986
3757 0.999986
3758 0.999986
3759 0.999987
3760 0.999987
3761 0.999987
3762 0.999987
3763 0.999987
3764 0.999987
3765 0.999987
3766 0.999988
3767 0.999988
3768 0.999988
3769 0.999988
3770 0.999988
3771 0.999988
3772 0.999988
3773 0.999989
3774 0.999989
3775 0.999989
3776 0.999989
3777 0.999989
3778 0.999989
3779 0.999989
3780 0.999989
3781 0.99999
3782 0.99999
3783 0.99999
3784 0.99999
3785 0.99999
3786 0.99999
3787 0.99999
3788 0.99999
3789 0.99999
3790 0.99999
3791 0.999991
3792 0.999991
3793 0.999991
3794 0.999991
3795 0.999991
3796 0.999991
3797 0.999991
3798 0.999991
3799 0.999991
3800 0.999991
3801 0.999991
3802 0.999991
3803 0.999991
3804 0.999991
3805 0.999992
3806 0.999992
3807 0.999992
3808 0.999992
3809 0.999992
3810 0.999992
3811 0.999992
3812 0.999992
3813 0.999992
3814 0.999992
3815 0.999992
3816 0.999992
3817 0.999992
3818 0.999992
3819 0.999992
3820 0.999992
3821 0.999992
3822 0.999992
3823 0.999992
3824 0.999992
3825 0.999992
3826 0.999992
3827 0.999992
3828 0.999992
3829 0.999992
3830 0.999992
3831 0.999992
3832 0.999992
3833 0.999992
3834 0.999992
3835 0.999992
3836 0.999992
3837 0.999992
3838 0.999992
3839 0.999992
3840 0.999992
3841 0.999992
3842 0.999991
3843 0.999991
3844 0.999991
3845 0.999991
3846 0.999991
3847 0.999991
3848 0.999991
3849 0.999991
3850 0.999991
3851 0.999991
3852 0.999991
3853 0.999991
3854 0.999991
3855 0.999991
3856 0.999991
3857 0.99999
3858 0.99999
3859 0.99999
3860 0.99999
3861 0.99999
3862 0.99999
3863 0.99999
3864 0.99999
3865 0.99999
3866 0.99999
3867 0.99999
3868 0.999989
3869 0.999989
3870 0.999989
3871 0.999989
3872 0.999989
3873 0.999989
3874 0.999989
3875 0.999989
3876 0.999989
3877 0.999989
3878 0.999988
3879 0.999988
3880 0.999988
3881 0.999988
3882 0.999988
3883 0.999988
3884 0.999988
3885 0.999988
3886 0.999988
3887 0.999987
3888 0.999987
3889 0.999987
3890 0.999987
3891 0.999987
3892 0.999987
3893 0.999987
3894 0.999987
3895 0.999986
3896 0.999986
3897 0.999986
3898 0.999986
3899 0.999986
3900 0.999986
3901 0.999986
3902 0.999986
3903 0.999986
3904 0.999985
3905 0.999985
3906 0.999985
3907 0.999985
3908 0.999985
3909 0.999985
3910 0.999985
3911 0.999985
3912 0.999984
3913 0.999984
3914 0.999984
3915 0.999984
3916 0.999984
3917 0.999984
3918 0.999984
3919 0.999984
3920 0.999984
3921 0.999984
3922 0.999983
3923 0.999983
3924 0.999983
3925 0.999983
3926 0.999983
3927 0.999983
3928 0.999983
3929 0.999983
3930 0.999983
3931 0.999983
3932 0.999982
3933 0.999982
3934 0.999982
3935 0.999982
3936 0.999982
3937 0.999982
3938 0.999982
3939 0.999982
3940 0.999982
3941 0.999982
3942 0.999982
3943 0.999982
3944 0.999982
3945 0.999982
3946 0.999981
3947 0.999981
3948 0.999981
3949 0.999981
3950 0.999981
3951 0.999981
3952 0.999981
3953 0.999981
3954 0.999981
3955 0.999981
3956 0.999981
3957 0.999981
3958 0.999981
3959 0.999981
3960 0.999981
3961 0.999981
3962 0.999981
3963 0.999981
3964 0.999981
3965 0.999981
3966 0.999981
3967 0.999981
3968 0.999981
3969 0.999981
3970 0.999981
3971 0.999981
3972 0.999981
3973 0.999981
3974 0.999981
3975 0.999981
3976 0.999981
3977 0.999981
3978 0.999981
3979 0.999981
3980 0.999981
3981 0.999981
3982 0.999981
3983 0.999981
3984 0.999981
3985 0.999981
3986 0.999981
3987 0.999981
3988 0.999981
3989 0.999981
3990 0.999981
3991 0.999981
3992 0.999981
3993 0.999981
3994 0.999981
3995 0.999981
3996 0.999981
3997 0.999982
3998 0.999982
3999 0.999982
4000 0.999982
4001 0.999982
4002 0.999982
4003 0.999982
4004 0.999982
4005 0.999982
4006 0.999982
4007 0.999982
4008 0.999982
4009 0.999982
4010 0.999983
4011 0.999983
4012 0.999983
4013 0.999983
4014 0.999983
4015 0.999983
4016 0.999983
4017 0.999983
4018 0.999983
4019 0.999983
4020 0.999984
4021 0.999984
4022 0.999984
4023 0.999984
4024 0.999984
4025 0.999984
4026 0.999984
4027 0.999984
4028 0.999985
4029 0.999985
4030 0.999985
4031 0.999985
4032 0.999985
4033 0.999985
4034 0.999985
4035 0.999985
4036 0.999986
4037 0.999986
4038 0.999986
4039 0.999986
4040 0.999986
4041 0.999986
4042 0.999986
4043 0.999987
4044 0.999987
4045 0.999987
4046 0.999987
4047 0.999987
4048 0.999987
4049 0.999987
4050 0.999988
4051 0.999988
4052 0.999988
4053 0.999988
4054 0.999988
4055 0.999988
4056 0.999988
4057 0.999989
4058 0.999989
4059 0.999989
4060 0.999989
4061 0.999989
4062 0.999989
4063 0.999989
4064 0.99999
4065 0.99999
4066 0.99999
4067 0.99999
4068 0.99999
4069 0.99999
4070 0.99999
4071 0.999991
4072 0.999991
4073 0.999991
4074 0.999991
4075 0.999991
4076 0.999991
4077 0.999991
4078 0.999992
4079 0.999992
4080 0.999992
4081 0.999992
4082 0.999992
4083 0.999992
4084 0.999992
4085 0.999992
4086 0.999993
4087 0.999993
4088 0.999993
4089 0.999993
4090 0.999993
4091 0.999993
4092 0.999993
4093 0.999993
4094 0.999994
4095 0.999994
4096 0.999994
4097 0.999994
4098 0.999994
4099 0.999994
4100 0.999994
4101 0.999994
4102 0.999994
4103 0.999995
4104 0.999995
4105 0.999995
4106 0.999995
4107 0.999995
4108 0.999995
4109 0.999995
4110 0.999995
4111 0.999995
4112 0.999995
4113 0.999996
4114 0.999996
4115 0.999996
4116 0.999996
4117 0.999996
4118 0.999996
4119 0.999996
4120 0.999996
4121 0.999996
4122 0.999996
4123 0.999996
4124 0.999996
4125 0.999996
4126 0.999996
4127 0.999996
4128 0.999996
4129 0.999997
4130 0.999997
4131 0.999997
4132 0.999997
4133 0.999997
4134 0.999997
4135 0.999997
4136 0.999997
4137 0.999997
4138 0.999997
4139 0.999997
4140 0.999997
4141 0.999997
4142 0.999997
4143 0.999997
4144 0.999997
4145 0.999997
4146 0.999997
4147 0.999997
4148 0.999997
4149 0.999997
4150 0.999997
4151 0.999997
4152 0.999997
4153 0.999997
4154 0.999997
4155 0.999997
4156 0.999997
4157 0.999997
4158 0.999997
4159 0.999997
4160 0.999997
4161 0.999996
4162 0.999996
4163 0.999996
4164 0.999996
4165 0.999996
4166 0.999996
4167 0.999996
4168 0.999996
4169 0.999996
4170 0.999996
4171 0.999996
4172 0.999996
4173 0.999996
4174 0.999996
4175 0.999996
4176 0.999995
4177 0.999995
4178 0.999995
4179 0.999995
4180 0.999995
4181 0.999995
4182 0.999995
4183 0.999995
4184 0.999995
4185 0.999995
4186 0.999995
4187 0.999994
4188 0.999994
4189 0.999994
4190 0.999994
4191 0.999994
4192 0.999994
4193 0.999994
4194 0.999994
4195 0.999993
4196 0.999993
4197 0.999993
4198 0.999993
4199 0.999993
4200 0.999993
4201 0.999993
4202 0.999993
4203 0.999992
4204 0.999992
4205 0.999992
4206 0.999992
4207 0.999992
4208 0.999992
4209 0.999992
4210 0.999991
4211 0.999991
4212 0.999991
4213 0.999991
4214 0.999991
4215 0.999991
4216 0.99999
4217 0.99999
4218 0.99999
4219 0.99999
4220 0.99999
4221 0.99999
4222 0.999989
4223 0.999989
4224 0.999989
4225 0.999989
4226 0.999989
4227 0.999989
4228 0.999988
4229 0.999988
4230 0.999988
4231 0.999988
4232 0.999988
4233 0.999988
4234 0.999987
4235 0.999987
4236 0.999987
4237 0.999987
4238 0.999987
4239 0.999987
4240 0.999986
4241 0.999986
4242 0.999986
4243 0.999986
4244 0.999986
4245 0.999985
4246 0.999985
4247 0.999985
4248 0.999985
4249 0.999985
4250 0.999985
4251 0.999984
4252 0.999984
4253 0.999984
4254 0.999984
4255 0.999984
4256 0.999984
4257 0.999983
4258 0.999983
4259 0.999983
4260 0.999983
4261 0.999983
4262 0.999983
4263 0.999982
4264 0.999982
4265 0.999982
4266 0.999982
4267 0.999982
4268 0.999982
4269 0.999981
4270 0.999981
4271 0.999981
4272 0.999981
4273 0.999981
4274 0.999981
4275 0.99998
4276 0.99998
4277 0.99998
4278 0.99998
4279 0.99998
4280 0.99998
4281 0.99998
4282 0.999979
4283 0.999979
4284 0.999979
4285 0.999979
4286 0.999979
4287 0.999979
4288 0.999979
4289 0.999978
4290 0.999978
4291 0.999978
4292 0.999978
4293 0.999978
4294 0.999978
4295 0.999978
4296 0.999978
4297 0.999977
4298 0.999977
4299 0.999977
4300 0.999977
4301 0.999977
4302 0.999977
4303 0.999977
4304 0.999977
4305 0.999977
4306 0.999976
4307 0.999976
4308 0.999976
4309 0.999976
4310 0.999976
4311 0.999976
4312 0.999976
4313 0.999976
4314 0.999976
4315 0.999976
4316 0.999975
4317 0.999975
4318 0.999975
4319 0.999975
4320 0.999975
4321 0.999975
4322 0.999975
4323 0.999975
4324 0.999975
4325 0.999975
4326 0.999975
4327 0.999975
4328 0.999975
4329 0.999974
4330 0.999974
4331 0.999974
4332 0.999974
4333 0.999974
4334 0.999974
4335 0.999974
4336 0.999974
4337 0.999974
4338 0.999974
4339 0.999974
4340 0.999974
4341 0.999974
4342 0.999974
4343 0.999974
4344 0.999974
4345 0.999974
4346 0.999974
4347 0.999974
4348 0.999974
4349 0.999974
4350 0.999974
4351 0.999974
4352 0.999973
4353 0.999973
4354 0.999973
4355 0.999973
4356 0.999973
4357 0.999973
4358 0.999973
4359 0.999973
4360 0.999973
4361 0.999973
4362 0.999973
4363 0.999973
4364 0.999973
4365 0.999973
4366 0.999973
4367 0.999973
4368 0.999973
4369 0.999973
4370 0.999973
4371 0.999973
4372 0.999973
4373 0.999973
4374 0.999973
4375 0.999973
4376 0.999973
4377 0.999973
4378 0.999973
4379 0.999973
4380 0.999973
4381 0.999973
4382 0.999973
4383 0.999973
4384 0.999973
4385 0.999973
4386 0.999973
4387 0.999973
4388 0.999973
4389 0.999973
4390 0.999973
4391 0.999973
4392 0.999973
4393 0.999973
4394 0.999973
4395 0.999973
4396 0.999973
4397 0.999973
4398 0.999973
4399 0.999973
4400 0.999973
4401 0.999973
4402 0.999973
4403 0.999973
4404 0.999973
4405 0.999973
4406 0.999973
4407 0.999973
4408 0.999973
4409 0.999973
4410 0.999973
4411 0.999973
4412 0.999973
4413 0.999973
4414 0.999973
4415 0.999973
4416 0.999973
4417 0.999973
4418 0.999972
4419 0.999972
4420 0.999972
4421 0.999972
4422 0.999972
4423 0.999972
4424 0.999972
4425 0.999972
4426 0.999972
4427 0.999972
4428 0.999972
4429 0.999972
4430 0.999972
4431 0.999972
4432 0.999972
4433 0.999972
4434 0.999972
4435 0.999972
4436 0.999972
4437 0.999972
4438 0.999971
4439 0.999971
4440 0.999971
4441 0.999971
4442 0.999971
4443 0.999971
4444 0.999971
4445 0.999971
4446 0.999971
4447 0.999971
4448 0.999971
4449 0.999971
4450 0.99997
4451 0.99997
4452 0.99997
4453 0.99997
4454 0.99997
4455 0.99997
4456 0.99997
4457 0.99997
4458 0.99997
4459 0.999969
4460 0.999969
4461 0.999969
4462 0.999969
4463 0.999969
4464 0.999969
4465 0.999969
4466 0.999969
4467 0.999969
4468 0.999968
4469 0.999968
4470 0.999968
4471 0.999968
4472 0.999968
4473 0.999968
4474 0.999968
4475 0.999967
4476 0.999967
4477 0.999967
4478 0.999967
4479 0.999967
4480 0.999967
4481 0.999967
4482 0.999966
4483 0.999966
4484 0.999966
4485 0.999966
4486 0.999966
4487 0.999966
4488 0.999966
4489 0.999965
4490 0.999965
4491 0.999965
4492 0.999965
4493 0.999965
4494 0.999965
4495 0.999965
4496 0.999964
4497 0.999964
4498 0.999964
4499 0.999964
4500 0.999964
4501 0.999964
4502 0.999964
4503 0.999964
4504 0.999963
4505 0.999963
4506 0.999963
4507 0.999963
4508 0.999963
4509 0.999963
4510 0.999963
4511 0.999963
4512 0.999962
4513 0.999962
4514 0.999962
4515 0.999962
4516 0.999962
4517 0.999962
4518 0.999962
4519 0.999962
4520 0.999962
4521 0.999962
4522 0.999962
4523 0.999962
4524 0.999962
4525 0.999962
4526 0.999961
4527 0.999961
4528 0.999961
4529 0.999961
4530 0.999961
4531 0.999961
4532 0.999961
4533 0.999961
4534 0.999961
4535 0.999961
4536 0.999962
4537 0.999962
4538 0.999962
4539 0.999962
4540 0.999962
4541 0.999962
4542 0.999962
4543 0.999962
4544 0.999962
4545 0.999962
4546 0.999962
4547 0.999963
4548 0.999963
4549 0.999963
4550 0.999963
4551 0.999963
4552 0.999963
4553 0.999964
4554 0.999964
4555 0.999964
4556 0.999964
4557 0.999965
4558 0.999965
4559 0.999965
4560 0.999965
4561 0.999966
4562 0.999966
4563 0.999966
4564 0.999967
4565 0.999967
4566 0.999967
4567 0.999968
4568 0.999968
4569 0.999969
4570 0.999969
4571 0.99997
4572 0.99997
4573 0.999971
4574 0.999971
4575 0.999972
4576 0.999972
4577 0.999973
4578 0.999973
4579 0.999974
4580 0.999974
4581 0.999975
4582 0.999976
4583 0.999976
4584 0.999977
4585 0.999978
4586 0.999978
4587 0.999979
4588 0.99998
4589 0.999981
4590 0.999981
4591 0.999982
4592 0.999983
4593 0.999984
4594 0.999985
4595 0.999985
4596 0.999986
4597 0.999987
4598 0.999988
4599 0.999989
4600 0.99999
4601 0.999991
4602 0.999992
4603 0.999993
4604 0.999994
4605 0.999995
4606 0.999996
4607 0.999997
4608 0.999998
4609 0.999999
4610 1
4611 1
4612 1
4613 1
4614 1
4615 1.00001
4616 1.00001
4617 1.00001
4618 1.00001
4619 1.00001
4620 1.00001
4621 1.00001
4622 1.00001
4623 1.00002
4624 1.00002
4625 1.00002
4626 1.00002
4627 1.00002
4628 1.00002
4629 1.00002
4630 1.00003
4631 1.00003
4632 1.00003
4633 1.00003
4634 1.00003
4635 1.00003
4636 1.00003
4637 1.00004
4638 1.00004
4639 1.00004
4640 1.00004
4641 1.00004
4642 1.00004
4643 1.00004
4644 1.00005
4645 1.00005
4646 1.00005
4647 1.00005
4648 1.00005
4649 1.00005
4650 1.00005
4651 1.00006
4652 1.00006
4653 1.00006
4654 1.00006
4655 1.00006
4656 1.00006
4657 1.00006
4658 1.00007
4659 1.00007
4660 1.00007
4661 1.00007
4662 1.00007
4663 1.00007
4664 1.00008
4665 1.00008
4666 1.00008
4667 1.00008
4668 1.00008
4669 1.00008
4670 1.00008
4671 1.00008
4672 1.00009
4673 1.00009
4674 1.00009
4675 1.00009
4676 1.00009
4677 1.00009
4678 1.00009
4679 1.0001
4680 1.0001
4681 1.0001
4682 1.0001
4683 1.0001
4684 1.0001
4685 1.0001
4686 1.0001
4687 1.0001
4688 1.00011
4689 1.00011
4690 1.00011
4691 1.00011
4692 1.00011
4693 1.00011
4694 1.00011
4695 1.00011
4696 1.00011
4697 1.00011
4698 1.00011
4699 1.00011
4700 1.00011
4701 1.00012
4702 1.00012
4703 1.00012
4704 1.00012
4705 1.00012
4706 1.00012
4707 1.00012
4708 1.00012
4709 1.00012
4710 1.00012
4711 1.00012
4712 1.00012
4713 1.00012
4714 1.00012
4715 1.00012
4716 1.00012
4717 1.00012
4718 1.00012
4719 1.00012
4720 1.00012
4721 1.00012
4722 1.00012
4723 1.00012
4724 1.00012
4725 1.00012
4726 1.00012
4727 1.00012
4728 1.00012
4729 1.00012
4730 1.00011
4731 1.00011
4732 1.00011
4733 1.00011
4734 1.00011
4735 1.00011
4736 1.00011
4737 1.00011
4738 1.00011
4739 1.00011
4740 1.0001
4741 1.0001
4742 1.0001
4743 1.0001
4744 1.0001
4745 1.0001
4746 1.0001
4747 1.00009
4748 1.00009
4749 1.00009
4750 1.00009
4751 1.00009
4752 1.00009
4753 1.00008
4754 1.00008
4755 1.00008
4756 1.00008
4757 1.00008
4758 1.00007
4759 1.00007
4760 1.00007
4761 1.00007
4762 1.00006
4763 1.00006
4764 1.00006
4765 1.00006
4766 1.00005
4767 1.00005
4768 1.00005
4769 1.00005
4770 1.00004
4771 1.00004
4772 1.00004
4773 1.00003
4774 1.00003
4775 1.00003
4776 1.00003
4777 1.00002
4778 1.00002
4779 1.00002
4780 1.00001
4781 1.00001
4782 1.00001
4783 1
4784 1
4785 0.999997
4786 0.999993
4787 0.99999
4788 0.999986
4789 0.999983
4790 0.999979
4791 0.999976
4792 0.999972
4793 0.999969
4794 0.999965
4795 0.999961
4796 0.999958
4797 0.999954
4798 0.99995
4799 0.999947
4800 0.999943
4801 0.999939
4802 0.999935
4803 0.999932
4804 0.999928
4805 0.999924
4806 0.99992
4807 0.999916
4808 0.999912
4809 0.999909
4810 0.999905
4811 0.999901
4812 0.999897
4813 0.999893
4814 0.999889
4815 0.999885
4816 0.999882
4817 0.999878
4818 0.999874
4819 0.99987
4820 0.999866
4821 0.999862
4822 0.999859
4823 0.999855
4824 0.999851
4825 0.999847
4826 0.999843
4827 0.99984
4828 0.999836
4829 0.999832
4830 0.999828
4831 0.999825
4832 0.999821
4833 0.999817
4834 0.999814
4835 0.99981
4836 0.999807
4837 0.999803
4838 0.9998
4839 0.999796
4840 0.999793
4841 0.999789
4842 0.999786
4843 0.999783
4844 0.999779
4845 0.999776
4846 0.999773
4847 0.999769
4848 0.999766
4849 0.999763
4850 0.99976
4851 0.999757
4852 0.999754
4853 0.999751
4854 0.999748
4855 0.999745
4856 0.999743
4857 0.99974
4858 0.999737
4859 0.999734
4860 0.999732
4861 0.999729
4862 0.999727
4863 0.999724
4864 0.999722
4865 0.999719
4866 0.999717
4867 0.999715
4868 0.999713
4869 0.99971
4870 0.999708
4871 0.999706
4872 0.999704
4873 0.999702
4874 0.999701
4875 0.999699
4876 0.999697
4877 0.999695
4878 0.999694
4879 0.999692
4880 0.999691
4881 0.999689
4882 0.999688
4883 0.999686
4884 0.999685
4885 0.999684
4886 0.999683
4887 0.999682
4888 0.999681
4889 0.99968
4890 0.999679
4891 0.999678
4892 0.999677
4893 0.999677
4894 0.999676
4895 0.999675
4896 0.999675
4897 0.999674
4898 0.999674
4899 0.999674
4900 0.999673
4901 0.999673
4902 0.999673
4903 0.999673
4904 0.999673
4905 0.999673
4906 0.999673
4907 0.999673
4908 0.999673
4909 0.999674
4910 0.999674
4911 0.999674
4912 0.999675
4913 0.999675
4914 0.999676
4915 0.999676
4916 0.999677
4917 0.999678
4918 0.999679
4919 0.99968
4920 0.99968
4921 0.999681
4922 0.999682
4923 0.999683
4924 0.999685
4925 0.999686
4926 0.999687
4927 0.999688
4928 0.99969
4929 0.999691
4930 0.999692
4931 0.999694
4932 0.999695
4933 0.999697
4934 0.999698
4935 0.9997
4936 0.999702
4937 0.999704
4938 0.999705
4939 0.999707
4940 0.999709
4941 0.999711
4942 0.999713
4943 0.999715
4944 0.999717
4945 0.999719
4946 0.999721
4947 0.999723
4948 0.999726
4949 0.999728
4950 0.99973
4951 0.999732
4952 0.999735
4953 0.999737
4954 0.99974
4955 0.999742
4956 0.999744
4957 0.999747
4958 0.99975
4959 0.999752
4960 0.999755
4961 0.999757
4962 0.99976
4963 0.999763
4964 0.999765
4965 0.999768
4966 0.999771
4967 0.999774
4968 0.999777
4969 0.999779
4970 0.999782
4971 0.999785
4972 0.999788
4973 0.999791
4974 0.999794
4975 0.999797
4976 0.9998
4977 0.999803
4978 0.999806
4979 0.999809
4980 0.999812
4981 0.999815
4982 0.999818
4983 0.999821
4984 0.999825
4985 0.999828
4986 0.999831
4987 0.999834
4988 0.999837
4989 0.999841
4990 0.999844
4991 0.999847
4992 0.99985
4993 0.999854
4994 0.999857
4995 0.99986
4996 0.999863
4997 0.999867
4998 0.99987
4999 0.999873
5000 0.999877
