1 0.999992
2 0.999992
3 0.999992
4 0.999992
5 0.999991
6 0.999991
7 0.999991
8 0.999991
9 0.999991
10 0.999991
11 0.999991
12 0.999991
13 0.99999
14 0.99999
15 0.99999
16 0.99999
17 0.99999
18 0.99999
19 0.99999
20 0.999989
21 0.999989
22 0.999989
23 0.999989
24 0.999989
25 0.999989
26 0.999988
27 0.999988
28 0.999988
29 0.999988
30 0.999988
31 0.999988
32 0.999987
33 0.999987
34 0.999987
35 0.999987
36 0.999987
37 0.999986
38 0.999986
39 0.999986
40 0.999986
41 0.999986
42 0.999985
43 0.999985
44 0.999985
45 0.999985
46 0.999985
47 0.999984
48 0.999984
49 0.999984
50 0.999984
51 0.999984
52 0.999983
53 0.999983
54 0.999983
55 0.999983
56 0.999982
57 0.999982
58 0.999982
59 0.999982
60 0.999981
61 0.999981
62 0.999981
63 0.999981
64 0.99998
65 0.99998
66 0.99998
67 0.99998
68 0.999979
69 0.999979
70 0.999979
71 0.999978
72 0.999978
73 0.999978
74 0.999978
75 0.999977
76 0.999977
77 0.999977
78 0.999976
79 0.999976
80 0.999976
81 0.999975
82 0.999975
83 0.999975
84 0.999975
85 0.999974
86 0.999974
87 0.999974
88 0.999973
89 0.999973
90 0.999973
91 0.999972
92 0.999972
93 0.999971
94 0.999971
95 0.999971
96 0.99997
97 0.99997
98 0.99997
99 0.999969
100 0.999969
101 0.999969
102 0.999968
103 0.999968
104 0.999967
105 0.999967
106 0.999967
107 0.999966
108 0.999966
109 0.999966
110 0.999965
111 0.999965
112 0.999964
113 0.999964
114 0.999963
115 0.999963
116 0.999963
117 0.999962
118 0.999962
119 0.999961
120 0.999961
121 0.99996
122 0.99996
123 0.99996
124 0.999959
125 0.999959
126 0.999958
127 0.999958
128 0.999957
129 0.999957
130 0.999956
131 0.999956
132 0.999955
133 0.999955
134 0.999954
135 0.999954
136 0.999953
137 0.999953
138 0.999952
139 0.999952
140 0.999951
141 0.999951
142 0.99995
143 0.99995
144 0.999949
145 0.999949
146 0.999948
147 0.999948
148 0.999947
149 0.999947
150 0.999946
151 0.999946
152 0.999945
153 0.999944
154 0.999944
155 0.999943
156 0.999943
157 0.999942
158 0.999941
159 0.999941
160 0.99994
161 0.99994
162 0.999939
163 0.999939
164 0.999938
165 0.999937
166 0.999937
167 0.999936
168 0.999935
169 0.999935
170 0.999934
171 0.999933
172 0.999933
173 0.999932
174 0.999932
175 0.999931
176 0.99993
177 0.99993
178 0.999929
179 0.999928
180 0.999928
181 0.999927
182 0.999926
183 0.999925
184 0.999925
185 0.999924
186 0.999923
187 0.999923
188 0.999922
189 0.999921
190 0.99992
191 0.99992
192 0.999919
193 0.999918
194 0.999917
195 0.999917
196 0.999916
197 0.999915
198 0.999914
199 0.999914
200 0.999913
201 0.999912
202 0.999911
203 0.99991
204 0.99991
205 0.999909
206 0.999908
207 0.999907
208 0.999906
209 0.999906
210 0.999905
211 0.999904
212 0.999903
213 0.999902
214 0.999901
215 0.999901
216 0.9999
217 0.999899
218 0.999898
219 0.999897
220 0.999896
221 0.999895
222 0.999894
223 0.999893
224 0.999893
225 0.999892
226 0.999891
227 0.99989
228 0.999889
229 0.999888
230 0.999887
231 0.999886
232 0.999885
233 0.999884
234 0.999883
235 0.999882
236 0.999881
237 0.99988
238 0.999879
239 0.999878
240 0.999877
241 0.999876
242 0.999875
243 0.999874
244 0.999873
245 0.999872
246 0.999871
247 0.99987
248 0.999869
249 0.999868
250 0.999867
251 0.999866
252 0.999865
253 0.999864
254 0.999863
255 0.999861
256 0.99986
257 0.999859
258 0.999858
259 0.999857
260 0.999856
261 0.999855
262 0.999854
263 0.999853
264 0.999851
265 0.99985
266 0.999849
267 0.999848
268 0.999847
269 0.999846
270 0.999844
271 0.999843
272 0.999842
273 0.999841
274 0.99984
275 0.999838
276 0.999837
277 0.999836
278 0.999835
279 0.999833
280 0.999832
281 0.999831
282 0.99983
283 0.999828
284 0.999827
285 0.999826
286 0.999824
287 0.999823
288 0.999822
289 0.99982
290 0.999819
291 0.999818
292 0.999817
293 0.999815
294 0.999814
295 0.999812
296 0.999811
297 0.99981
298 0.999808
299 0.999807
300 0.999806
301 0.999804
302 0.999803
303 0.999801
304 0.9998
305 0.999798
306 0.999797
307 0.999796
308 0.999794
309 0.999793
310 0.999791
311 0.99979
312 0.999788
313 0.999787
314 0.999785
315 0.999784
316 0.999782
317 0.999781
318 0.999779
319 0.999778
320 0.999776
321 0.999775
322 0.999773
323 0.999771
324 0.99977
325 0.999768
326 0.999767
327 0.999765
328 0.999763
329 0.999762
330 0.99976
331 0.999759
332 0.999757
333 0.999755
334 0.999754
335 0.999752
336 0.99975
337 0.999749
338 0.999747
339 0.999745
340 0.999743
341 0.999742
342 0.99974
343 0.999738
344 0.999737
345 0.999735
346 0.999733
347 0.999731
348 0.99973
349 0.999728
350 0.999726
351 0.999724
352 0.999722
353 0.999721
354 0.999719
355 0.999717
356 0.999715
357 0.999713
358 0.999711
359 0.99971
360 0.999708
361 0.999706
362 0.999704
363 0.999702
364 0.9997
365 0.999698
366 0.999696
367 0.999694
368 0.999692
369 0.99969
370 0.999688
371 0.999686
372 0.999684
373 0.999682
374 0.99968
375 0.999678
376 0.999676
377 0.999674
378 0.999672
379 0.99967
380 0.999668
381 0.999666
382 0.999664
383 0.999662
384 0.99966
385 0.999658
386 0.999656
387 0.999654
388 0.999652
389 0.999649
390 0.999647
391 0.999645
392 0.999643
393 0.999641
394 0.999639
395 0.999636
396 0.999634
397 0.999632
398 0.99963
399 0.999628
400 0.999625
401 0.999623
402 0.999621
403 0.999619
404 0.999616
405 0.999614
406 0.999612
407 0.999609
408 0.999607
409 0.999605
410 0.999602
411 0.9996
412 0.999598
413 0.999595
414 0.999593
415 0.999591
416 0.999588
417 0.999586
418 0.999583
419 0.999581
420 0.999579
421 0.999576
422 0.999574
423 0.999571
424 0.999569
425 0.999566
426 0.999564
427 0.999561
428 0.999559
429 0.999556
430 0.999554
431 0.999551
432 0.999549
433 0.999546
434 0.999543
435 0.999541
436 0.999538
437 0.999536
438 0.999533
439 0.99953
440 0.999528
441 0.999525
442 0.999522
443 0.99952
444 0.999517
445 0.999514
446 0.999512
447 0.999509
448 0.999506
449 0.999503
450 0.999501
451 0.999498
452 0.999495
453 0.999492
454 0.99949
455 0.999487
456 0.999484
457 0.999481
458 0.999478
459 0.999475
460 0.999473
461 0.99947
462 0.999467
463 0.999464
464 0.999461
465 0.999458
466 0.999455
467 0.999452
468 0.999449
469 0.999446
470 0.999443
471 0.99944
472 0.999437
473 0.999434
474 0.999431
475 0.999428
476 0.999425
477 0.999422
478 0.999419
479 0.999416
480 0.999413
481 0.99941
482 0.999407
483 0.999404
484 0.999401
485 0.999398
486 0.999394
487 0.999391
488 0.999388
489 0.999385
490 0.999382
491 0.999378
492 0.999375
493 0.999372
494 0.999369
495 0.999366
496 0.999362
497 0.999359
498 0.999356
499 0.999352
500 0.999349
501 0.999346
502 0.999342
503 0.999339
504 0.999336
505 0.999332
506 0.999329
507 0.999326
508 0.999322
509 0.999319
510 0.999315
511 0.999312
512 0.999308
513 0.999305
514 0.999301
515 0.999298
516 0.999294
517 0.999291
518 0.999287
519 0.999284
520 0.99928
521 0.999277
522 0.999273
523 0.99927
524 0.999266
525 0.999262
526 0.999259
527 0.999255
528 0.999251
529 0.999248
530 0.999244
531 0.99924
532 0.999237
533 0.999233
534 0.999229
535 0.999225
536 0.999222
537 0.999218
538 0.999214
539 0.99921
540 0.999207
541 0.999203
542 0.999199
543 0.999195
544 0.999191
545 0.999187
546 0.999183
547 0.999179
548 0.999176
549 0.999172
550 0.999168
551 0.999164
552 0.99916
553 0.999156
554 0.999152
555 0.999148
556 0.999144
557 0.99914
558 0.999136
559 0.999132
560 0.999128
561 0.999124
562 0.999119
563 0.999115
564 0.999111
565 0.999107
566 0.999103
567 0.999099
568 0.999095
569 0.99909
570 0.999086
571 0.999082
572 0.999078
573 0.999074
574 0.999069
575 0.999065
576 0.999061
577 0.999056
578 0.999052
579 0.999048
580 0.999043
581 0.999039
582 0.999035
583 0.99903
584 0.999026
585 0.999022
586 0.999017
587 0.999013
588 0.999008
589 0.999004
590 0.998999
591 0.998995
592 0.99899
593 0.998986
594 0.998981
595 0.998977
596 0.998972
597 0.998968
598 0.998963
599 0.998958
600 0.998954
601 0.998949
602 0.998945
603 0.99894
604 0.998935
605 0.998931
606 0.998926
607 0.998921
608 0.998916
609 0.998912
610 0.998907
611 0.998902
612 0.998897
613 0.998893
614 0.998888
615 0.998883
616 0.998878
617 0.998873
618 0.998868
619 0.998863
620 0.998859
621 0.998854
622 0.998849
623 0.998844
624 0.998839
625 0.998834
626 0.998829
627 0.998824
628 0.998819
629 0.998814
630 0.998809
631 0.998804
632 0.998799
633 0.998794
634 0.998788
635 0.998783
636 0.998778
637 0.998773
638 0.998768
639 0.998763
640 0.998758
641 0.998752
642 0.998747
643 0.998742
644 0.998737
645 0.998731
646 0.998726
647 0.998721
648 0.998715
649 0.99871
650 0.998705
651 0.998699
652 0.998694
653 0.998689
654 0.998683
655 0.998678
656 0.998672
657 0.998667
658 0.998661
659 0.998656
660 0.998651
661 0.998645
662 0.998639
663 0.998634
664 0.998628
665 0.998623
666 0.998617
667 0.998612
668 0.998606
669 0.9986
670 0.998595
671 0.998589
672 0.998583
673 0.998578
674 0.998572
675 0.998566
676 0.998561
677 0.998555
678 0.998549
679 0.998543
680 0.998537
681 0.998532
682 0.998526
683 0.99852
684 0.998514
685 0.998508
686 0.998502
687 0.998496
688 0.99849
689 0.998484
690 0.998479
691 0.998473
692 0.998467
693 0.998461
694 0.998455
695 0.998448
696 0.998442
697 0.998436
698 0.99843
699 0.998424
700 0.998418
701 0.998412
702 0.998406
703 0.9984
704 0.998393
705 0.998387
706 0.998381
707 0.998375
708 0.998368
709 0.998362
710 0.998356
711 0.99835
712 0.998343
713 0.998337
714 0.998331
715 0.998324
716 0.998318
717 0.998312
718 0.998305
719 0.998299
720 0.998292
721 0.998286
722 0.998279
723 0.998273
724 0.998266
725 0.99826
726 0.998253
727 0.998247
728 0.99824
729 0.998234
730 0.998227
731 0.99822
732 0.998214
733 0.998207
734 0.9982
735 0.998194
736 0.998187
737 0.99818
738 0.998173
739 0.998167
740 0.99816
741 0.998153
742 0.998146
743 0.998139
744 0.998133
745 0.998126
746 0.998119
747 0.998112
748 0.998105
749 0.998098
750 0.998091
751 0.998084
752 0.998077
753 0.99807
754 0.998063
755 0.998056
756 0.998049
757 0.998042
758 0.998035
759 0.998028
760 0.998021
761 0.998014
762 0.998007
763 0.997999
764 0.997992
765 0.997985
766 0.997978
767 0.997971
768 0.997963
769 0.997956
770 0.997949
771 0.997941
772 0.997934
773 0.997927
774 0.997919
775 0.997912
776 0.997905
777 0.997897
778 0.99789
779 0.997882
780 0.997875
781 0.997867
782 0.99786
783 0.997852
784 0.997845
785 0.997837
786 0.99783
787 0.997822
788 0.997815
789 0.997807
790 0.997799
791 0.997792
792 0.997784
793 0.997776
794 0.997769
795 0.997761
796 0.997753
797 0.997745
798 0.997738
799 0.99773
800 0.997722
801 0.997714
802 0.997706
803 0.997698
804 0.997691
805 0.997683
806 0.997675
807 0.997667
808 0.997659
809 0.997651
810 0.997643
811 0.997635
812 0.997627
813 0.997619
814 0.997611
815 0.997603
816 0.997594
817 0.997586
818 0.997578
819 0.99757
820 0.997562
821 0.997554
822 0.997545
823 0.997537
824 0.997529
825 0.997521
826 0.997512
827 0.997504
828 0.997496
829 0.997487
830 0.997479
831 0.997471
832 0.997462
833 0.997454
834 0.997445
835 0.997437
836 0.997428
837 0.99742
838 0.997411
839 0.997403
840 0.997394
841 0.997386
842 0.997377
843 0.997369
844 0.99736
845 0.997351
846 0.997343
847 0.997334
848 0.997325
849 0.997317
850 0.997308
851 0.997299
852 0.99729
853 0.997281
854 0.997273
855 0.997264
856 0.997255
857 0.997246
858 0.997237
859 0.997228
860 0.997219
861 0.99721
862 0.997201
863 0.997192
864 0.997183
865 0.997174
866 0.997165
867 0.997156
868 0.997147
869 0.997138
870 0.997129
871 0.99712
872 0.997111
873 0.997101
874 0.997092
875 0.997083
876 0.997074
877 0.997064
878 0.997055
879 0.997046
880 0.997036
881 0.997027
882 0.997018
883 0.997008
884 0.996999
885 0.996989
886 0.99698
887 0.996971
888 0.996961
889 0.996952
890 0.996942
891 0.996932
892 0.996923
893 0.996913
894 0.996904
895 0.996894
896 0.996884
897 0.996875
898 0.996865
899 0.996855
900 0.996845
901 0.996836
902 0.996826
903 0.996816
904 0.996806
905 0.996796
906 0.996787
907 0.996777
908 0.996767
909 0.996757
910 0.996747
911 0.996737
912 0.996727
913 0.996717
914 0.996707
915 0.996697
916 0.996687
917 0.996677
918 0.996666
919 0.996656
920 0.996646
921 0.996636
922 0.996626
923 0.996615
924 0.996605
925 0.996595
926 0.996585
927 0.996574
928 0.996564
929 0.996554
930 0.996543
931 0.996533
932 0.996522
933 0.996512
934 0.996501
935 0.996491
936 0.99648
937 0.99647
938 0.996459
939 0.996448
940 0.996438
941 0.996427
942 0.996417
943 0.996406
944 0.996395
945 0.996384
946 0.996374
947 0.996363
948 0.996352
949 0.996341
950 0.99633
951 0.996319
952 0.996308
953 0.996297
954 0.996286
955 0.996276
956 0.996264
957 0.996253
958 0.996242
959 0.996231
960 0.99622
961 0.996209
962 0.996198
963 0.996187
964 0.996175
965 0.996164
966 0.996153
967 0.996142
968 0.99613
969 0.996119
970 0.996108
971 0.996096
972 0.996085
973 0.996073
974 0.996062
975 0.99605
976 0.996039
977 0.996027
978 0.996016
979 0.996004
980 0.995992
981 0.995981
982 0.995969
983 0.995957
984 0.995945
985 0.995934
986 0.995922
987 0.99591
988 0.995898
989 0.995886
990 0.995874
991 0.995862
992 0.99585
993 0.995838
994 0.995826
995 0.995814
996 0.995802
997 0.99579
998 0.995778
999 0.995765
1000 0.995753
1001 0.995741
1002 0.995729
1003 0.995716
1004 0.995704
1005 0.995691
1006 0.995679
1007 0.995667
1008 0.995654
1009 0.995642
1010 0.995629
1011 0.995616
1012 0.995604
1013 0.995591
1014 0.995578
1015 0.995566
1016 0.995553
1017 0.99554
1018 0.995527
1019 0.995514
1020 0.995502
1021 0.995489
1022 0.995476
1023 0.995463
1024 0.99545
1025 0.995437
1026 0.995423
1027 0.99541
1028 0.995397
1029 0.995384
1030 0.995371
1031 0.995357
1032 0.995344
1033 0.995331
1034 0.995317
1035 0.995304
1036 0.99529
1037 0.995277
1038 0.995263
1039 0.99525
1040 0.995236
1041 0.995222
1042 0.995208
1043 0.995195
1044 0.995181
1045 0.995167
1046 0.995153
1047 0.995139
1048 0.995125
1049 0.995111
1050 0.995097
1051 0.995083
1052 0.995069
1053 0.995055
1054 0.99504
1055 0.995026
1056 0.995012
1057 0.994997
1058 0.994983
1059 0.994969
1060 0.994954
1061 0.994939
1062 0.994925
1063 0.99491
1064 0.994895
1065 0.994881
1066 0.994866
1067 0.994851
1068 0.994836
1069 0.994821
1070 0.994806
1071 0.994791
1072 0.994776
1073 0.994761
1074 0.994746
1075 0.99473
1076 0.994715
1077 0.9947
1078 0.994684
1079 0.994669
1080 0.994653
1081 0.994638
1082 0.994622
1083 0.994607
1084 0.994591
1085 0.994575
1086 0.994559
1087 0.994543
1088 0.994527
1089 0.994511
1090 0.994495
1091 0.994479
1092 0.994463
1093 0.994446
1094 0.99443
1095 0.994414
1096 0.994397
1097 0.994381
1098 0.994364
1099 0.994348
1100 0.994331
1101 0.994314
1102 0.994297
1103 0.99428
1104 0.994263
1105 0.994246
1106 0.994229
1107 0.994212
1108 0.994195
1109 0.994178
1110 0.99416
1111 0.994143
1112 0.994125
1113 0.994108
1114 0.99409
1115 0.994072
1116 0.994055
1117 0.994037
1118 0.994019
1119 0.994001
1120 0.993983
1121 0.993965
1122 0.993946
1123 0.993928
1124 0.99391
1125 0.993891
1126 0.993873
1127 0.993854
1128 0.993835
1129 0.993817
1130 0.993798
1131 0.993779
1132 0.99376
1133 0.993741
1134 0.993722
1135 0.993702
1136 0.993683
1137 0.993664
1138 0.993644
1139 0.993624
1140 0.993605
1141 0.993585
1142 0.993565
1143 0.993545
1144 0.993525
1145 0.993505
1146 0.993485
1147 0.993464
1148 0.993444
1149 0.993423
1150 0.993403
1151 0.993382
1152 0.993361
1153 0.993341
1154 0.99332
1155 0.993299
1156 0.993277
1157 0.993256
1158 0.993235
1159 0.993213
1160 0.993192
1161 0.99317
1162 0.993148
1163 0.993126
1164 0.993104
1165 0.993082
1166 0.99306
1167 0.993038
1168 0.993016
1169 0.992993
1170 0.99297
1171 0.992948
1172 0.992925
1173 0.992902
1174 0.992879
1175 0.992856
1176 0.992832
1177 0.992809
1178 0.992786
1179 0.992762
1180 0.992738
1181 0.992714
1182 0.992691
1183 0.992666
1184 0.992642
1185 0.992618
1186 0.992594
1187 0.992569
1188 0.992544
1189 0.99252
1190 0.992495
1191 0.99247
1192 0.992445
1193 0.992419
1194 0.992394
1195 0.992368
1196 0.992343
1197 0.992317
1198 0.992291
1199 0.992265
1200 0.992239
1201 0.992212
1202 0.992186
1203 0.992159
1204 0.992133
1205 0.992106
1206 0.992079
1207 0.992052
1208 0.992025
1209 0.991997
1210 0.99197
1211 0.991942
1212 0.991914
1213 0.991886
1214 0.991858
1215 0.99183
1216 0.991802
1217 0.991773
1218 0.991745
1219 0.991716
1220 0.991687
1221 0.991658
1222 0.991629
1223 0.991599
1224 0.99157
1225 0.99154
1226 0.99151
1227 0.99148
1228 0.99145
1229 0.99142
1230 0.991389
1231 0.991359
1232 0.991328
1233 0.991297
1234 0.991266
1235 0.991235
1236 0.991204
1237 0.991172
1238 0.99114
1239 0.991109
1240 0.991077
1241 0.991044
1242 0.991012
1243 0.99098
1244 0.990947
1245 0.990914
1246 0.990881
1247 0.990848
1248 0.990815
1249 0.990781
1250 0.990748
1251 0.990714
1252 0.99068
1253 0.990646
1254 0.990611
1255 0.990577
1256 0.990542
1257 0.990508
1258 0.990473
1259 0.990437
1260 0.990402
1261 0.990366
1262 0.990331
1263 0.990295
1264 0.990259
1265 0.990223
1266 0.990186
1267 0.99015
1268 0.990113
1269 0.990076
1270 0.990039
1271 0.990002
1272 0.989964
1273 0.989926
1274 0.989889
1275 0.989851
1276 0.989812
1277 0.989774
1278 0.989735
1279 0.989697
1280 0.989658
1281 0.989619
1282 0.989579
1283 0.98954
1284 0.9895
1285 0.98946
1286 0.98942
1287 0.98938
1288 0.989339
1289 0.989299
1290 0.989258
1291 0.989217
1292 0.989176
1293 0.989134
1294 0.989093
1295 0.989051
1296 0.989009
1297 0.988967
1298 0.988924
1299 0.988882
1300 0.988839
1301 0.988796
1302 0.988753
1303 0.988709
1304 0.988666
1305 0.988622
1306 0.988578
1307 0.988534
1308 0.98849
1309 0.988445
1310 0.9884
1311 0.988355
1312 0.98831
1313 0.988265
1314 0.988219
1315 0.988174
1316 0.988128
1317 0.988082
1318 0.988035
1319 0.987989
1320 0.987942
1321 0.987895
1322 0.987848
1323 0.9878
1324 0.987753
1325 0.987705
1326 0.987657
1327 0.987609
1328 0.987561
1329 0.987512
1330 0.987463
1331 0.987414
1332 0.987365
1333 0.987316
1334 0.987266
1335 0.987216
1336 0.987166
1337 0.987116
1338 0.987066
1339 0.987015
1340 0.986964
1341 0.986913
1342 0.986862
1343 0.986811
1344 0.986759
1345 0.986707
1346 0.986655
1347 0.986603
1348 0.98655
1349 0.986498
1350 0.986445
1351 0.986392
1352 0.986338
1353 0.986285
1354 0.986231
1355 0.986177
1356 0.986123
1357 0.986069
1358 0.986014
1359 0.985959
1360 0.985905
1361 0.985849
1362 0.985794
1363 0.985739
1364 0.985683
1365 0.985627
1366 0.985571
1367 0.985514
1368 0.985458
1369 0.985401
1370 0.985344
1371 0.985287
1372 0.985229
1373 0.985172
1374 0.985114
1375 0.985056
1376 0.984998
1377 0.984939
1378 0.984881
1379 0.984822
1380 0.984763
1381 0.984704
1382 0.984644
1383 0.984585
1384 0.984525
1385 0.984465
1386 0.984405
1387 0.984344
1388 0.984284
1389 0.984223
1390 0.984162
1391 0.984101
1392 0.98404
1393 0.983978
1394 0.983916
1395 0.983854
1396 0.983792
1397 0.98373
1398 0.983667
1399 0.983604
1400 0.983541
1401 0.983478
1402 0.983415
1403 0.983352
1404 0.983288
1405 0.983224
1406 0.98316
1407 0.983096
1408 0.983031
1409 0.982966
1410 0.982902
1411 0.982837
1412 0.982771
1413 0.982706
1414 0.98264
1415 0.982575
1416 0.982509
1417 0.982442
1418 0.982376
1419 0.98231
1420 0.982243
1421 0.982176
1422 0.982109
1423 0.982042
1424 0.981974
1425 0.981907
1426 0.981839
1427 0.981771
1428 0.981703
1429 0.981635
1430 0.981566
1431 0.981497
1432 0.981429
1433 0.98136
1434 0.98129
1435 0.981221
1436 0.981152
1437 0.981082
1438 0.981012
1439 0.980942
1440 0.980872
1441 0.980801
1442 0.980731
1443 0.98066
1444 0.980589
1445 0.980518
1446 0.980447
1447 0.980376
1448 0.980304
1449 0.980233
1450 0.980161
1451 0.980089
1452 0.980017
1453 0.979944
1454 0.979872
1455 0.979799
1456 0.979726
1457 0.979654
1458 0.97958
1459 0.979507
1460 0.979434
1461 0.97936
1462 0.979287
1463 0.979213
1464 0.979139
1465 0.979065
1466 0.97899
1467 0.978916
1468 0.978841
1469 0.978767
1470 0.978692
1471 0.978617
1472 0.978542
1473 0.978466
1474 0.978391
1475 0.978315
1476 0.97824
1477 0.978164
1478 0.978088
1479 0.978012
1480 0.977936
1481 0.977859
1482 0.977783
1483 0.977706
1484 0.977629
1485 0.977553
1486 0.977476
1487 0.977398
1488 0.977321
1489 0.977244
1490 0.977166
1491 0.977089
1492 0.977011
1493 0.976933
1494 0.976855
1495 0.976777
1496 0.976699
1497 0.97662
1498 0.976542
1499 0.976463
1500 0.976385
1501 0.976306
1502 0.976227
1503 0.976148
1504 0.976069
1505 0.97599
1506 0.97591
1507 0.975831
1508 0.975751
1509 0.975672
1510 0.975592
1511 0.975512
1512 0.975432
1513 0.975352
1514 0.975272
1515 0.975192
1516 0.975111
1517 0.975031
1518 0.97495
1519 0.97487
1520 0.974789
1521 0.974708
1522 0.974627
1523 0.974546
1524 0.974465
1525 0.974384
1526 0.974303
1527 0.974221
1528 0.97414
1529 0.974058
1530 0.973977
1531 0.973895
1532 0.973813
1533 0.973732
1534 0.97365
1535 0.973568
1536 0.973486
1537 0.973404
1538 0.973321
1539 0.973239
1540 0.973157
1541 0.973074
1542 0.972992
1543 0.972909
1544 0.972827
1545 0.972744
1546 0.972661
1547 0.972578
1548 0.972495
1549 0.972413
1550 0.97233
1551 0.972246
1552 0.972163
1553 0.97208
1554 0.971997
1555 0.971914
1556 0.97183
1557 0.971747
1558 0.971663
1559 0.97158
1560 0.971496
1561 0.971413
1562 0.971329
1563 0.971245
1564 0.971162
1565 0.971078
1566 0.970994
1567 0.97091
1568 0.970826
1569 0.970742
1570 0.970658
1571 0.970574
1572 0.97049
1573 0.970406
1574 0.970322
1575 0.970238
1576 0.970153
1577 0.970069
1578 0.969985
1579 0.9699
1580 0.969816
1581 0.969732
1582 0.969647
1583 0.969563
1584 0.969478
1585 0.969394
1586 0.969309
1587 0.969225
1588 0.96914
1589 0.969056
1590 0.968971
1591 0.968886
1592 0.968802
1593 0.968717
1594 0.968632
1595 0.968548
1596 0.968463
1597 0.968378
1598 0.968293
1599 0.968209
1600 0.968124
1601 0.968039
1602 0.967954
1603 0.967869
1604 0.967785
1605 0.9677
1606 0.967615
1607 0.96753
1608 0.967445
1609 0.96736
1610 0.967276
1611 0.967191
1612 0.967106
1613 0.967021
1614 0.966936
1615 0.966851
1616 0.966767
1617 0.966682
1618 0.966597
1619 0.966512
1620 0.966427
1621 0.966342
1622 0.966258
1623 0.966173
1624 0.966088
1625 0.966003
1626 0.965918
1627 0.965834
1628 0.965749
1629 0.965664
1630 0.965579
1631 0.965495
1632 0.96541
1633 0.965325
1634 0.965241
1635 0.965156
1636 0.965071
1637 0.964987
1638 0.964902
1639 0.964818
1640 0.964733
1641 0.964648
1642 0.964564
1643 0.964479
1644 0.964395
1645 0.964311
1646 0.964226
1647 0.964142
1648 0.964057
1649 0.963973
1650 0.963889
1651 0.963805
1652 0.96372
1653 0.963636
1654 0.963552
1655 0.963468
1656 0.963384
1657 0.9633
1658 0.963216
1659 0.963132
1660 0.963048
1661 0.962964
1662 0.96288
1663 0.962796
1664 0.962712
1665 0.962628
1666 0.962545
1667 0.962461
1668 0.962377
1669 0.962294
1670 0.96221
1671 0.962126
1672 0.962043
1673 0.961959
1674 0.961876
1675 0.961793
1676 0.961709
1677 0.961626
1678 0.961543
1679 0.96146
1680 0.961377
1681 0.961294
1682 0.96121
1683 0.961128
1684 0.961045
1685 0.960962
1686 0.960879
1687 0.960796
1688 0.960713
1689 0.960631
1690 0.960548
1691 0.960465
1692 0.960383
1693 0.960301
1694 0.960218
1695 0.960136
1696 0.960053
1697 0.959971
1698 0.959889
1699 0.959807
1700 0.959725
1701 0.959643
1702 0.959561
1703 0.959479
1704 0.959397
1705 0.959315
1706 0.959234
1707 0.959152
1708 0.959071
1709 0.958989
1710 0.958908
1711 0.958826
1712 0.958745
1713 0.958664
1714 0.958582
1715 0.958501
1716 0.95842
1717 0.958339
1718 0.958258
1719 0.958177
1720 0.958097
1721 0.958016
1722 0.957935
1723 0.957855
1724 0.957774
1725 0.957694
1726 0.957613
1727 0.957533
1728 0.957453
1729 0.957372
1730 0.957292
1731 0.957212
1732 0.957132
1733 0.957052
1734 0.956973
1735 0.956893
1736 0.956813
1737 0.956734
1738 0.956654
1739 0.956575
1740 0.956495
1741 0.956416
1742 0.956337
1743 0.956258
1744 0.956178
1745 0.956099
1746 0.956021
1747 0.955942
1748 0.955863
1749 0.955784
1750 0.955706
1751 0.955627
1752 0.955549
1753 0.95547
1754 0.955392
1755 0.955314
1756 0.955236
1757 0.955157
1758 0.955079
1759 0.955002
1760 0.954924
1761 0.954846
1762 0.954768
1763 0.954691
1764 0.954613
1765 0.954536
1766 0.954458
1767 0.954381
1768 0.954304
1769 0.954227
1770 0.95415
1771 0.954073
1772 0.953996
1773 0.953919
1774 0.953843
1775 0.953766
1776 0.953689
1777 0.953613
1778 0.953537
1779 0.95346
1780 0.953384
1781 0.953308
1782 0.953232
1783 0.953156
1784 0.95308
1785 0.953005
1786 0.952929
1787 0.952853
1788 0.952778
1789 0.952702
1790 0.952627
1791 0.952552
1792 0.952477
1793 0.952402
1794 0.952327
1795 0.952252
1796 0.952177
1797 0.952102
1798 0.952027
1799 0.951953
1800 0.951878
1801 0.951804
1802 0.95173
1803 0.951656
1804 0.951581
1805 0.951507
1806 0.951433
1807 0.95136
1808 0.951286
1809 0.951212
1810 0.951139
1811 0.951065
1812 0.950992
1813 0.950918
1814 0.950845
1815 0.950772
1816 0.950699
1817 0.950626
1818 0.950553
1819 0.95048
1820 0.950408
1821 0.950335
1822 0.950262
1823 0.95019
1824 0.950118
1825 0.950045
1826 0.949973
1827 0.949901
1828 0.949829
1829 0.949757
1830 0.949685
1831 0.949614
1832 0.949542
1833 0.949471
1834 0.949399
1835 0.949328
1836 0.949256
1837 0.949185
1838 0.949114
1839 0.949043
1840 0.948972
1841 0.948901
1842 0.948831
1843 0.94876
1844 0.94869
1845 0.948619
1846 0.948549
1847 0.948478
1848 0.948408
1849 0.948338
1850 0.948268
1851 0.948198
1852 0.948128
1853 0.948059
1854 0.947989
1855 0.94792
1856 0.94785
1857 0.947781
1858 0.947711
1859 0.947642
1860 0.947573
1861 0.947504
1862 0.947435
1863 0.947366
1864 0.947298
1865 0.947229
1866 0.94716
1867 0.947092
1868 0.947023
1869 0.946955
1870 0.946887
1871 0.946819
1872 0.946751
1873 0.946683
1874 0.946615
1875 0.946547
1876 0.94648
1877 0.946412
1878 0.946345
1879 0.946277
1880 0.94621
1881 0.946143
1882 0.946076
1883 0.946008
1884 0.945942
1885 0.945875
1886 0.945808
1887 0.945741
1888 0.945675
1889 0.945608
1890 0.945542
1891 0.945475
1892 0.945409
1893 0.945343
1894 0.945277
1895 0.945211
1896 0.945145
1897 0.945079
1898 0.945014
1899 0.944948
1900 0.944882
1901 0.944817
1902 0.944752
1903 0.944686
1904 0.944621
1905 0.944556
1906 0.944491
1907 0.944426
1908 0.944361
1909 0.944297
1910 0.944232
1911 0.944167
1912 0.944103
1913 0.944038
1914 0.943974
1915 0.94391
1916 0.943846
1917 0.943782
1918 0.943718
1919 0.943654
1920 0.94359
1921 0.943526
1922 0.943463
1923 0.943399
1924 0.943336
1925 0.943273
1926 0.943209
1927 0.943146
1928 0.943083
1929 0.94302
1930 0.942957
1931 0.942894
1932 0.942831
1933 0.942769
1934 0.942706
1935 0.942644
1936 0.942581
1937 0.942519
1938 0.942457
1939 0.942394
1940 0.942332
1941 0.94227
1942 0.942208
1943 0.942147
1944 0.942085
1945 0.942023
1946 0.941962
1947 0.9419
1948 0.941839
1949 0.941777
1950 0.941716
1951 0.941655
1952 0.941594
1953 0.941533
1954 0.941472
1955 0.941411
1956 0.94135
1957 0.94129
1958 0.941229
1959 0.941169
1960 0.941108
1961 0.941048
1962 0.940988
1963 0.940927
1964 0.940867
1965 0.940807
1966 0.940747
1967 0.940688
1968 0.940628
1969 0.940568
1970 0.940508
1971 0.940449
1972 0.940389
1973 0.94033
1974 0.940271
1975 0.940211
1976 0.940152
1977 0.940093
1978 0.940034
1979 0.939975
1980 0.939917
1981 0.939858
1982 0.939799
1983 0.939741
1984 0.939682
1985 0.939624
1986 0.939565
1987 0.939507
1988 0.939449
1989 0.939391
1990 0.939333
1991 0.939275
1992 0.939217
1993 0.939159
1994 0.939101
1995 0.939043
1996 0.938986
1997 0.938928
1998 0.938871
1999 0.938814
2000 0.938756
2001 0.938699
2002 0.938642
2003 0.938585
2004 0.938528
2005 0.938471
2006 0.938414
2007 0.938357
2008 0.938301
2009 0.938244
2010 0.938188
2011 0.938131
2012 0.938075
2013 0.938018
2014 0.937962
2015 0.937906
2016 0.93785
2017 0.937794
2018 0.937738
2019 0.937682
2020 0.937626
2021 0.93757
2022 0.937515
2023 0.937459
2024 0.937404
2025 0.937348
2026 0.937293
2027 0.937237
2028 0.937182
2029 0.937127
2030 0.937072
2031 0.937017
2032 0.936962
2033 0.936907
2034 0.936852
2035 0.936797
2036 0.936743
2037 0.936688
2038 0.936634
2039 0.936579
2040 0.936525
2041 0.93647
2042 0.936416
2043 0.936362
2044 0.936308
2045 0.936254
2046 0.9362
2047 0.936146
2048 0.936092
2049 0.936038
2050 0.935984
2051 0.935931
2052 0.935877
2053 0.935824
2054 0.93577
2055 0.935717
2056 0.935663
2057 0.93561
2058 0.935557
2059 0.935504
2060 0.935451
2061 0.935398
2062 0.935345
2063 0.935292
2064 0.935239
2065 0.935186
2066 0.935134
2067 0.935081
2068 0.935029
2069 0.934976
2070 0.934924
2071 0.934871
2072 0.934819
2073 0.934767
2074 0.934714
2075 0.934662
2076 0.93461
2077 0.934558
2078 0.934506
2079 0.934455
2080 0.934403
2081 0.934351
2082 0.934299
2083 0.934248
2084 0.934196
2085 0.934145
2086 0.934093
2087 0.934042
2088 0.93399
2089 0.933939
2090 0.933888
2091 0.933837
2092 0.933786
2093 0.933735
2094 0.933684
2095 0.933633
2096 0.933582
2097 0.933531
2098 0.93348
2099 0.93343
2100 0.933379
2101 0.933329
2102 0.933278
2103 0.933228
2104 0.933177
2105 0.933127
2106 0.933077
2107 0.933026
2108 0.932976
2109 0.932926
2110 0.932876
2111 0.932826
2112 0.932776
2113 0.932726
2114 0.932676
2115 0.932627
2116 0.932577
2117 0.932527
2118 0.932478
2119 0.932428
2120 0.932379
2121 0.932329
2122 0.93228
2123 0.93223
2124 0.932181
2125 0.932132
2126 0.932083
2127 0.932034
2128 0.931985
2129 0.931935
2130 0.931887
2131 0.931838
2132 0.931789
2133 0.93174
2134 0.931691
2135 0.931642
2136 0.931594
2137 0.931545
2138 0.931497
2139 0.931448
2140 0.9314
2141 0.931351
2142 0.931303
2143 0.931254
2144 0.931206
2145 0.931158
2146 0.93111
2147 0.931062
2148 0.931014
2149 0.930966
2150 0.930918
2151 0.93087
2152 0.930822
2153 0.930774
2154 0.930726
2155 0.930679
2156 0.930631
2157 0.930583
2158 0.930536
2159 0.930488
2160 0.930441
2161 0.930393
2162 0.930346
2163 0.930298
2164 0.930251
2165 0.930204
2166 0.930156
2167 0.930109
2168 0.930062
2169 0.930015
2170 0.929968
2171 0.929921
2172 0.929874
2173 0.929827
2174 0.92978
2175 0.929733
2176 0.929687
2177 0.92964
2178 0.929593
2179 0.929547
2180 0.9295
2181 0.929453
2182 0.929407
2183 0.92936
2184 0.929314
2185 0.929268
2186 0.929221
2187 0.929175
2188 0.929129
2189 0.929082
2190 0.929036
2191 0.92899
2192 0.928944
2193 0.928898
2194 0.928852
2195 0.928806
2196 0.92876
2197 0.928714
2198 0.928668
2199 0.928622
2200 0.928576
2201 0.928531
2202 0.928485
2203 0.928439
2204 0.928394
2205 0.928348
2206 0.928303
2207 0.928257
2208 0.928211
2209 0.928166
2210 0.928121
2211 0.928075
2212 0.92803
2213 0.927985
2214 0.927939
2215 0.927894
2216 0.927849
2217 0.927804
2218 0.927759
2219 0.927714
2220 0.927668
2221 0.927623
2222 0.927578
2223 0.927534
2224 0.927489
2225 0.927444
2226 0.927399
2227 0.927354
2228 0.927309
2229 0.927265
2230 0.92722
2231 0.927175
2232 0.927131
2233 0.927086
2234 0.927041
2235 0.926997
2236 0.926952
2237 0.926908
2238 0.926863
2239 0.926819
2240 0.926775
2241 0.92673
2242 0.926686
2243 0.926642
2244 0.926597
2245 0.926553
2246 0.926509
2247 0.926465
2248 0.926421
2249 0.926377
2250 0.926332
2251 0.926288
2252 0.926244
2253 0.9262
2254 0.926157
2255 0.926113
2256 0.926069
2257 0.926025
2258 0.925981
2259 0.925937
2260 0.925893
2261 0.92585
2262 0.925806
2263 0.925762
2264 0.925719
2265 0.925675
2266 0.925631
2267 0.925588
2268 0.925544
2269 0.925501
2270 0.925457
2271 0.925414
2272 0.92537
2273 0.925327
2274 0.925283
2275 0.92524
2276 0.925197
2277 0.925153
2278 0.92511
2279 0.925067
2280 0.925023
2281 0.92498
2282 0.924937
2283 0.924894
2284 0.924851
2285 0.924808
2286 0.924764
2287 0.924721
2288 0.924678
2289 0.924635
2290 0.924592
2291 0.924549
2292 0.924506
2293 0.924463
2294 0.924421
2295 0.924378
2296 0.924335
2297 0.924292
2298 0.924249
2299 0.924206
2300 0.924164
2301 0.924121
2302 0.924078
2303 0.924035
2304 0.923993
2305 0.92395
2306 0.923907
2307 0.923865
2308 0.923822
2309 0.923779
2310 0.923737
2311 0.923694
2312 0.923652
2313 0.923609
2314 0.923567
2315 0.923524
2316 0.923482
2317 0.923439
2318 0.923397
2319 0.923355
2320 0.923312
2321 0.92327
2322 0.923227
2323 0.923185
2324 0.923143
2325 0.923101
2326 0.923058
2327 0.923016
2328 0.922974
2329 0.922932
2330 0.922889
2331 0.922847
2332 0.922805
2333 0.922763
2334 0.922721
2335 0.922679
2336 0.922636
2337 0.922594
2338 0.922552
2339 0.92251
2340 0.922468
2341 0.922426
2342 0.922384
2343 0.922342
2344 0.9223
2345 0.922258
2346 0.922216
2347 0.922174
2348 0.922132
2349 0.92209
2350 0.922049
2351 0.922007
2352 0.921965
2353 0.921923
2354 0.921881
2355 0.921839
2356 0.921797
2357 0.921756
2358 0.921714
2359 0.921672
2360 0.92163
2361 0.921589
2362 0.921547
2363 0.921505
2364 0.921463
2365 0.921422
2366 0.92138
2367 0.921338
2368 0.921297
2369 0.921255
2370 0.921213
2371 0.921172
2372 0.92113
2373 0.921089
2374 0.921047
2375 0.921005
2376 0.920964
2377 0.920922
2378 0.920881
2379 0.920839
2380 0.920798
2381 0.920756
2382 0.920714
2383 0.920673
2384 0.920631
2385 0.92059
2386 0.920548
2387 0.920507
2388 0.920466
2389 0.920424
2390 0.920383
2391 0.920341
2392 0.9203
2393 0.920258
2394 0.920217
2395 0.920175
2396 0.920134
2397 0.920093
2398 0.920051
2399 0.92001
2400 0.919969
2401 0.919927
2402 0.919886
2403 0.919844
2404 0.919803
2405 0.919762
2406 0.91972
2407 0.919679
2408 0.919638
2409 0.919596
2410 0.919555
2411 0.919514
2412 0.919473
2413 0.919431
2414 0.91939
2415 0.919349
2416 0.919307
2417 0.919266
2418 0.919225
2419 0.919184
2420 0.919142
2421 0.919101
2422 0.91906
2423 0.919019
2424 0.918977
2425 0.918936
2426 0.918895
2427 0.918854
2428 0.918812
2429 0.918771
2430 0.91873
2431 0.918689
2432 0.918648
2433 0.918606
2434 0.918565
2435 0.918524
2436 0.918483
2437 0.918442
2438 0.9184
2439 0.918359
2440 0.918318
2441 0.918277
2442 0.918236
2443 0.918194
2444 0.918153
2445 0.918112
2446 0.918071
2447 0.91803
2448 0.917989
2449 0.917947
2450 0.917906
2451 0.917865
2452 0.917824
2453 0.917783
2454 0.917742
2455 0.9177
2456 0.917659
2457 0.917618
2458 0.917577
2459 0.917536
2460 0.917495
2461 0.917453
2462 0.917412
2463 0.917371
2464 0.91733
2465 0.917289
2466 0.917248
2467 0.917206
2468 0.917165
2469 0.917124
2470 0.917083
2471 0.917042
2472 0.917001
2473 0.916959
2474 0.916918
2475 0.916877
2476 0.916836
2477 0.916795
2478 0.916753
2479 0.916712
2480 0.916671
2481 0.91663
2482 0.916589
2483 0.916548
2484 0.916506
2485 0.916465
2486 0.916424
2487 0.916383
2488 0.916342
2489 0.9163
2490 0.916259
2491 0.916218
2492 0.916177
2493 0.916135
2494 0.916094
2495 0.916053
2496 0.916012
2497 0.915971
2498 0.915929
2499 0.915888
2500 0.915847
2501 0.915806
2502 0.915764
2503 0.915723
2504 0.915682
2505 0.915641
2506 0.915599
2507 0.915558
2508 0.915517
2509 0.915475
2510 0.915434
2511 0.915393
2512 0.915352
2513 0.91531
2514 0.915269
2515 0.915228
2516 0.915186
2517 0.915145
2518 0.915104
2519 0.915062
2520 0.915021
2521 0.91498
2522 0.914938
2523 0.914897
2524 0.914855
2525 0.914814
2526 0.914773
2527 0.914731
2528 0.91469
2529 0.914649
2530 0.914607
2531 0.914566
2532 0.914524
2533 0.914483
2534 0.914441
2535 0.9144
2536 0.914359
2537 0.914317
2538 0.914276
2539 0.914234
2540 0.914193
2541 0.914151
2542 0.91411
2543 0.914068
2544 0.914027
2545 0.913985
2546 0.913944
2547 0.913902
2548 0.913861
2549 0.913819
2550 0.913778
2551 0.913736
2552 0.913694
2553 0.913653
2554 0.913611
2555 0.91357
2556 0.913528
2557 0.913486
2558 0.913445
2559 0.913403
2560 0.913362
2561 0.91332
2562 0.913278
2563 0.913237
2564 0.913195
2565 0.913153
2566 0.913112
2567 0.91307
2568 0.913028
2569 0.912986
2570 0.912945
2571 0.912903
2572 0.912861
2573 0.91282
2574 0.912778
2575 0.912736
2576 0.912694
2577 0.912652
2578 0.912611
2579 0.912569
2580 0.912527
2581 0.912485
2582 0.912443
2583 0.912401
2584 0.91236
2585 0.912318
2586 0.912276
2587 0.912234
2588 0.912192
2589 0.91215
2590 0.912108
2591 0.912066
2592 0.912024
2593 0.911982
2594 0.91194
2595 0.911898
2596 0.911856
2597 0.911814
2598 0.911772
2599 0.91173
2600 0.911688
2601 0.911646
2602 0.911604
2603 0.911562
2604 0.91152
2605 0.911478
2606 0.911436
2607 0.911394
2608 0.911352
2609 0.911309
2610 0.911267
2611 0.911225
2612 0.911183
2613 0.911141
2614 0.911099
2615 0.911056
2616 0.911014
2617 0.910972
2618 0.91093
2619 0.910887
2620 0.910845
2621 0.910803
2622 0.91076
2623 0.910718
2624 0.910676
2625 0.910634
2626 0.910591
2627 0.910549
2628 0.910506
2629 0.910464
2630 0.910422
2631 0.910379
2632 0.910337
2633 0.910294
2634 0.910252
2635 0.910209
2636 0.910167
2637 0.910124
2638 0.910082
2639 0.910039
2640 0.909997
2641 0.909954
2642 0.909912
2643 0.909869
2644 0.909827
2645 0.909784
2646 0.909741
2647 0.909699
2648 0.909656
2649 0.909614
2650 0.909571
2651 0.909528
2652 0.909485
2653 0.909443
2654 0.9094
2655 0.909357
2656 0.909315
2657 0.909272
2658 0.909229
2659 0.909186
2660 0.909143
2661 0.909101
2662 0.909058
2663 0.909015
2664 0.908972
2665 0.908929
2666 0.908886
2667 0.908843
2668 0.9088
2669 0.908758
2670 0.908715
2671 0.908672
2672 0.908629
2673 0.908586
2674 0.908543
2675 0.9085
2676 0.908457
2677 0.908414
2678 0.90837
2679 0.908327
2680 0.908284
2681 0.908241
2682 0.908198
2683 0.908155
2684 0.908112
2685 0.908069
2686 0.908025
2687 0.907982
2688 0.907939
2689 0.907896
2690 0.907853
2691 0.907809
2692 0.907766
2693 0.907723
2694 0.907679
2695 0.907636
2696 0.907593
2697 0.907549
2698 0.907506
2699 0.907463
2700 0.907419
2701 0.907376
2702 0.907332
2703 0.907289
2704 0.907245
2705 0.907202
2706 0.907159
2707 0.907115
2708 0.907071
2709 0.907028
2710 0.906984
2711 0.906941
2712 0.906897
2713 0.906854
2714 0.90681
2715 0.906766
2716 0.906723
2717 0.906679
2718 0.906635
2719 0.906592
2720 0.906548
2721 0.906504
2722 0.906461
2723 0.906417
2724 0.906373
2725 0.906329
2726 0.906285
2727 0.906242
2728 0.906198
2729 0.906154
2730 0.90611
2731 0.906066
2732 0.906022
2733 0.905978
2734 0.905934
2735 0.90589
2736 0.905846
2737 0.905803
2738 0.905759
2739 0.905715
2740 0.90567
2741 0.905626
2742 0.905582
2743 0.905538
2744 0.905494
2745 0.90545
2746 0.905406
2747 0.905362
2748 0.905318
2749 0.905273
2750 0.905229
2751 0.905185
2752 0.905141
2753 0.905097
2754 0.905052
2755 0.905008
2756 0.904964
2757 0.904919
2758 0.904875
2759 0.904831
2760 0.904786
2761 0.904742
2762 0.904698
2763 0.904653
2764 0.904609
2765 0.904564
2766 0.90452
2767 0.904475
2768 0.904431
2769 0.904386
2770 0.904342
2771 0.904297
2772 0.904253
2773 0.904208
2774 0.904164
2775 0.904119
2776 0.904074
2777 0.90403
2778 0.903985
2779 0.90394
2780 0.903896
2781 0.903851
2782 0.903806
2783 0.903762
2784 0.903717
2785 0.903672
2786 0.903627
2787 0.903582
2788 0.903538
2789 0.903493
2790 0.903448
2791 0.903403
2792 0.903358
2793 0.903313
2794 0.903268
2795 0.903223
2796 0.903178
2797 0.903133
2798 0.903088
2799 0.903043
2800 0.902998
2801 0.902953
2802 0.902908
2803 0.902863
2804 0.902818
2805 0.902773
2806 0.902728
2807 0.902683
2808 0.902638
2809 0.902592
2810 0.902547
2811 0.902502
2812 0.902457
2813 0.902412
2814 0.902366
2815 0.902321
2816 0.902276
2817 0.90223
2818 0.902185
2819 0.90214
2820 0.902094
2821 0.902049
2822 0.902004
2823 0.901958
2824 0.901913
2825 0.901867
2826 0.901822
2827 0.901776
2828 0.901731
2829 0.901685
2830 0.90164
2831 0.901594
2832 0.901549
2833 0.901503
2834 0.901457
2835 0.901412
2836 0.901366
2837 0.901321
2838 0.901275
2839 0.901229
2840 0.901183
2841 0.901138
2842 0.901092
2843 0.901046
2844 0.901001
2845 0.900955
2846 0.900909
2847 0.900863
2848 0.900817
2849 0.900771
2850 0.900726
2851 0.90068
2852 0.900634
2853 0.900588
2854 0.900542
2855 0.900496
2856 0.90045
2857 0.900404
2858 0.900358
2859 0.900312
2860 0.900266
2861 0.90022
2862 0.900174
2863 0.900128
2864 0.900082
2865 0.900035
2866 0.899989
2867 0.899943
2868 0.899897
2869 0.899851
2870 0.899805
2871 0.899758
2872 0.899712
2873 0.899666
2874 0.89962
2875 0.899573
2876 0.899527
2877 0.899481
2878 0.899434
2879 0.899388
2880 0.899342
2881 0.899295
2882 0.899249
2883 0.899202
2884 0.899156
2885 0.899109
2886 0.899063
2887 0.899016
2888 0.89897
2889 0.898923
2890 0.898877
2891 0.89883
2892 0.898784
2893 0.898737
2894 0.898691
2895 0.898644
2896 0.898597
2897 0.898551
2898 0.898504
2899 0.898457
2900 0.898411
2901 0.898364
2902 0.898317
2903 0.89827
2904 0.898224
2905 0.898177
2906 0.89813
2907 0.898083
2908 0.898036
2909 0.897989
2910 0.897943
2911 0.897896
2912 0.897849
2913 0.897802
2914 0.897755
2915 0.897708
2916 0.897661
2917 0.897614
2918 0.897567
2919 0.89752
2920 0.897473
2921 0.897426
2922 0.897379
2923 0.897332
2924 0.897285
2925 0.897237
2926 0.89719
2927 0.897143
2928 0.897096
2929 0.897049
2930 0.897002
2931 0.896954
2932 0.896907
2933 0.89686
2934 0.896813
2935 0.896765
2936 0.896718
2937 0.896671
2938 0.896623
2939 0.896576
2940 0.896529
2941 0.896481
2942 0.896434
2943 0.896387
2944 0.896339
2945 0.896292
2946 0.896244
2947 0.896197
2948 0.896149
2949 0.896102
2950 0.896054
2951 0.896007
2952 0.895959
2953 0.895912
2954 0.895864
2955 0.895816
2956 0.895769
2957 0.895721
2958 0.895674
2959 0.895626
2960 0.895578
2961 0.895531
2962 0.895483
2963 0.895435
2964 0.895387
2965 0.89534
2966 0.895292
2967 0.895244
2968 0.895196
2969 0.895148
2970 0.895101
2971 0.895053
2972 0.895005
2973 0.894957
2974 0.894909
2975 0.894861
2976 0.894813
2977 0.894765
2978 0.894717
2979 0.894669
2980 0.894621
2981 0.894573
2982 0.894525
2983 0.894477
2984 0.894429
2985 0.894381
2986 0.894333
2987 0.894285
2988 0.894237
2989 0.894189
2990 0.894141
2991 0.894093
2992 0.894044
2993 0.893996
2994 0.893948
2995 0.8939
2996 0.893852
2997 0.893803
2998 0.893755
2999 0.893707
3000 0.893658
3001 0.89361
3002 0.893562
3003 0.893513
3004 0.893465
3005 0.893417
3006 0.893368
3007 0.89332
3008 0.893272
3009 0.893223
3010 0.893175
3011 0.893126
3012 0.893078
3013 0.893029
3014 0.892981
3015 0.892932
3016 0.892884
3017 0.892835
3018 0.892787
3019 0.892738
3020 0.892689
3021 0.892641
3022 0.892592
3023 0.892544
3024 0.892495
3025 0.892446
3026 0.892398
3027 0.892349
3028 0.8923
3029 0.892251
3030 0.892203
3031 0.892154
3032 0.892105
3033 0.892056
3034 0.892008
3035 0.891959
3036 0.89191
3037 0.891861
3038 0.891812
3039 0.891763
3040 0.891715
3041 0.891666
3042 0.891617
3043 0.891568
3044 0.891519
3045 0.89147
3046 0.891421
3047 0.891372
3048 0.891323
3049 0.891274
3050 0.891225
3051 0.891176
3052 0.891127
3053 0.891078
3054 0.891029
3055 0.89098
3056 0.890931
3057 0.890881
3058 0.890832
3059 0.890783
3060 0.890734
3061 0.890685
3062 0.890636
3063 0.890586
3064 0.890537
3065 0.890488
3066 0.890439
3067 0.890389
3068 0.89034
3069 0.890291
3070 0.890242
3071 0.890192
3072 0.890143
3073 0.890094
3074 0.890044
3075 0.889995
3076 0.889946
3077 0.889896
3078 0.889847
3079 0.889797
3080 0.889748
3081 0.889698
3082 0.889649
3083 0.8896
3084 0.88955
3085 0.889501
3086 0.889451
3087 0.889401
3088 0.889352
3089 0.889302
3090 0.889253
3091 0.889203
3092 0.889154
3093 0.889104
3094 0.889054
3095 0.889005
3096 0.888955
3097 0.888905
3098 0.888856
3099 0.888806
3100 0.888756
3101 0.888707
3102 0.888657
3103 0.888607
3104 0.888558
3105 0.888508
3106 0.888458
3107 0.888408
3108 0.888358
3109 0.888309
3110 0.888259
3111 0.888209
3112 0.888159
3113 0.888109
3114 0.888059
3115 0.888009
3116 0.88796
3117 0.88791
3118 0.88786
3119 0.88781
3120 0.88776
3121 0.88771
3122 0.88766
3123 0.88761
3124 0.88756
3125 0.88751
3126 0.88746
3127 0.88741
3128 0.88736
3129 0.88731
3130 0.88726
3131 0.887209
3132 0.887159
3133 0.887109
3134 0.887059
3135 0.887009
3136 0.886959
3137 0.886909
3138 0.886858
3139 0.886808
3140 0.886758
3141 0.886708
3142 0.886658
3143 0.886607
3144 0.886557
3145 0.886507
3146 0.886457
3147 0.886406
3148 0.886356
3149 0.886306
3150 0.886255
3151 0.886205
3152 0.886155
3153 0.886104
3154 0.886054
3155 0.886004
3156 0.885953
3157 0.885903
3158 0.885852
3159 0.885802
3160 0.885752
3161 0.885701
3162 0.885651
3163 0.8856
3164 0.88555
3165 0.885499
3166 0.885449
3167 0.885398
3168 0.885348
3169 0.885297
3170 0.885247
3171 0.885196
3172 0.885145
3173 0.885095
3174 0.885044
3175 0.884994
3176 0.884943
3177 0.884892
3178 0.884842
3179 0.884791
3180 0.88474
3181 0.88469
3182 0.884639
3183 0.884588
3184 0.884538
3185 0.884487
3186 0.884436
3187 0.884385
3188 0.884335
3189 0.884284
3190 0.884233
3191 0.884182
3192 0.884132
3193 0.884081
3194 0.88403
3195 0.883979
3196 0.883928
3197 0.883877
3198 0.883827
3199 0.883776
3200 0.883725
3201 0.883674
3202 0.883623
3203 0.883572
3204 0.883521
3205 0.88347
3206 0.883419
3207 0.883368
3208 0.883317
3209 0.883266
3210 0.883215
3211 0.883164
3212 0.883113
3213 0.883062
3214 0.883011
3215 0.88296
3216 0.882909
3217 0.882858
3218 0.882807
3219 0.882756
3220 0.882705
3221 0.882654
3222 0.882603
3223 0.882552
3224 0.8825
3225 0.882449
3226 0.882398
3227 0.882347
3228 0.882296
3229 0.882245
3230 0.882193
3231 0.882142
3232 0.882091
3233 0.88204
3234 0.881989
3235 0.881937
3236 0.881886
3237 0.881835
3238 0.881783
3239 0.881732
3240 0.881681
3241 0.88163
3242 0.881578
3243 0.881527
3244 0.881476
3245 0.881424
3246 0.881373
3247 0.881322
3248 0.88127
3249 0.881219
3250 0.881167
3251 0.881116
3252 0.881065
3253 0.881013
3254 0.880962
3255 0.88091
3256 0.880859
3257 0.880807
3258 0.880756
3259 0.880704
3260 0.880653
3261 0.880601
3262 0.88055
3263 0.880498
3264 0.880447
3265 0.880395
3266 0.880344
3267 0.880292
3268 0.880241
3269 0.880189
3270 0.880138
3271 0.880086
3272 0.880034
3273 0.879983
3274 0.879931
3275 0.879879
3276 0.879828
3277 0.879776
3278 0.879725
3279 0.879673
3280 0.879621
3281 0.87957
3282 0.879518
3283 0.879466
3284 0.879414
3285 0.879363
3286 0.879311
3287 0.879259
3288 0.879208
3289 0.879156
3290 0.879104
3291 0.879052
3292 0.879
3293 0.878949
3294 0.878897
3295 0.878845
3296 0.878793
3297 0.878741
3298 0.87869
3299 0.878638
3300 0.878586
3301 0.878534
3302 0.878482
3303 0.87843
3304 0.878378
3305 0.878327
3306 0.878275
3307 0.878223
3308 0.878171
3309 0.878119
3310 0.878067
3311 0.878015
3312 0.877963
3313 0.877911
3314 0.877859
3315 0.877807
3316 0.877755
3317 0.877703
3318 0.877651
3319 0.877599
3320 0.877547
3321 0.877495
3322 0.877443
3323 0.877391
3324 0.877339
3325 0.877287
3326 0.877235
3327 0.877183
3328 0.877131
3329 0.877079
3330 0.877027
3331 0.876975
3332 0.876922
3333 0.87687
3334 0.876818
3335 0.876766
3336 0.876714
3337 0.876662
3338 0.87661
3339 0.876558
3340 0.876505
3341 0.876453
3342 0.876401
3343 0.876349
3344 0.876297
3345 0.876244
3346 0.876192
3347 0.87614
3348 0.876088
3349 0.876035
3350 0.875983
3351 0.875931
3352 0.875879
3353 0.875826
3354 0.875774
3355 0.875722
3356 0.87567
3357 0.875617
3358 0.875565
3359 0.875513
3360 0.87546
3361 0.875408
3362 0.875356
3363 0.875303
3364 0.875251
3365 0.875199
3366 0.875146
3367 0.875094
3368 0.875042
3369 0.874989
3370 0.874937
3371 0.874884
3372 0.874832
3373 0.87478
3374 0.874727
3375 0.874675
3376 0.874622
3377 0.87457
3378 0.874517
3379 0.874465
3380 0.874412
3381 0.87436
3382 0.874308
3383 0.874255
3384 0.874203
3385 0.87415
3386 0.874098
3387 0.874045
3388 0.873993
3389 0.87394
3390 0.873887
3391 0.873835
3392 0.873782
3393 0.87373
3394 0.873677
3395 0.873625
3396 0.873572
3397 0.87352
3398 0.873467
3399 0.873414
3400 0.873362
3401 0.873309
3402 0.873257
3403 0.873204
3404 0.873151
3405 0.873099
3406 0.873046
3407 0.872993
3408 0.872941
3409 0.872888
3410 0.872836
3411 0.872783
3412 0.87273
3413 0.872677
3414 0.872625
3415 0.872572
3416 0.872519
3417 0.872467
3418 0.872414
3419 0.872361
3420 0.872309
3421 0.872256
3422 0.872203
3423 0.87215
3424 0.872098
3425 0.872045
3426 0.871992
3427 0.871939
3428 0.871887
3429 0.871834
3430 0.871781
3431 0.871728
3432 0.871675
3433 0.871623
3434 0.87157
3435 0.871517
3436 0.871464
3437 0.871411
3438 0.871359
3439 0.871306
3440 0.871253
3441 0.8712
3442 0.871147
3443 0.871094
3444 0.871041
3445 0.870989
3446 0.870936
3447 0.870883
3448 0.87083
3449 0.870777
3450 0.870724
3451 0.870671
3452 0.870618
3453 0.870565
3454 0.870513
3455 0.87046
3456 0.870407
3457 0.870354
3458 0.870301
3459 0.870248
3460 0.870195
3461 0.870142
3462 0.870089
3463 0.870036
3464 0.869983
3465 0.86993
3466 0.869877
3467 0.869824
3468 0.869771
3469 0.869718
3470 0.869665
3471 0.869612
3472 0.869559
3473 0.869506
3474 0.869453
3475 0.8694
3476 0.869347
3477 0.869294
3478 0.869241
3479 0.869188
3480 0.869135
3481 0.869082
3482 0.869029
3483 0.868976
3484 0.868922
3485 0.868869
3486 0.868816
3487 0.868763
3488 0.86871
3489 0.868657
3490 0.868604
3491 0.868551
3492 0.868498
3493 0.868445
3494 0.868391
3495 0.868338
3496 0.868285
3497 0.868232
3498 0.868179
3499 0.868126
3500 0.868073
3501 0.868019
3502 0.867966
3503 0.867913
3504 0.86786
3505 0.867807
3506 0.867754
3507 0.8677
3508 0.867647
3509 0.867594
3510 0.867541
3511 0.867488
3512 0.867434
3513 0.867381
3514 0.867328
3515 0.867275
3516 0.867222
3517 0.867168
3518 0.867115
3519 0.867062
3520 0.867009
3521 0.866955
3522 0.866902
3523 0.866849
3524 0.866796
3525 0.866742
3526 0.866689
3527 0.866636
3528 0.866582
3529 0.866529
3530 0.866476
3531 0.866423
3532 0.866369
3533 0.866316
3534 0.866263
3535 0.866209
3536 0.866156
3537 0.866103
3538 0.866049
3539 0.865996
3540 0.865943
3541 0.865889
3542 0.865836
3543 0.865783
3544 0.865729
3545 0.865676
3546 0.865623
3547 0.865569
3548 0.865516
3549 0.865463
3550 0.865409
3551 0.865356
3552 0.865302
3553 0.865249
3554 0.865196
3555 0.865142
3556 0.865089
3557 0.865036
3558 0.864982
3559 0.864929
3560 0.864875
3561 0.864822
3562 0.864769
3563 0.864715
3564 0.864662
3565 0.864608
3566 0.864555
3567 0.864501
3568 0.864448
3569 0.864394
3570 0.864341
3571 0.864288
3572 0.864234
3573 0.864181
3574 0.864127
3575 0.864074
3576 0.86402
3577 0.863967
3578 0.863913
3579 0.86386
3580 0.863806
3581 0.863753
3582 0.863699
3583 0.863646
3584 0.863592
3585 0.863539
3586 0.863485
3587 0.863432
3588 0.863378
3589 0.863325
3590 0.863271
3591 0.863218
3592 0.863164
3593 0.863111
3594 0.863057
3595 0.863004
3596 0.86295
3597 0.862897
3598 0.862843
3599 0.86279
3600 0.862736
3601 0.862682
3602 0.862629
3603 0.862575
3604 0.862522
3605 0.862468
3606 0.862415
3607 0.862361
3608 0.862308
3609 0.862254
3610 0.8622
3611 0.862147
3612 0.862093
3613 0.86204
3614 0.861986
3615 0.861932
3616 0.861879
3617 0.861825
3618 0.861772
3619 0.861718
3620 0.861664
3621 0.861611
3622 0.861557
3623 0.861504
3624 0.86145
3625 0.861396
3626 0.861343
3627 0.861289
3628 0.861235
3629 0.861182
3630 0.861128
3631 0.861075
3632 0.861021
3633 0.860967
3634 0.860914
3635 0.86086
3636 0.860806
3637 0.860753
3638 0.860699
3639 0.860645
3640 0.860592
3641 0.860538
3642 0.860484
3643 0.860431
3644 0.860377
3645 0.860323
3646 0.86027
3647 0.860216
3648 0.860162
3649 0.860108
3650 0.860055
3651 0.860001
3652 0.859947
3653 0.859894
3654 0.85984
3655 0.859786
3656 0.859733
3657 0.859679
3658 0.859625
3659 0.859571
3660 0.859518
3661 0.859464
3662 0.85941
3663 0.859357
3664 0.859303
3665 0.859249
3666 0.859195
3667 0.859142
3668 0.859088
3669 0.859034
3670 0.85898
3671 0.858927
3672 0.858873
3673 0.858819
3674 0.858765
3675 0.858712
3676 0.858658
3677 0.858604
3678 0.85855
3679 0.858497
3680 0.858443
3681 0.858389
3682 0.858335
3683 0.858282
3684 0.858228
3685 0.858174
3686 0.85812
3687 0.858066
3688 0.858013
3689 0.857959
3690 0.857905
3691 0.857851
3692 0.857798
3693 0.857744
3694 0.85769
3695 0.857636
3696 0.857582
3697 0.857529
3698 0.857475
3699 0.857421
3700 0.857367
3701 0.857313
3702 0.857259
3703 0.857206
3704 0.857152
3705 0.857098
3706 0.857044
3707 0.85699
3708 0.856937
3709 0.856883
3710 0.856829
3711 0.856775
3712 0.856721
3713 0.856667
3714 0.856614
3715 0.85656
3716 0.856506
3717 0.856452
3718 0.856398
3719 0.856344
3720 0.856291
3721 0.856237
3722 0.856183
3723 0.856129
3724 0.856075
3725 0.856021
3726 0.855967
3727 0.855914
3728 0.85586
3729 0.855806
3730 0.855752
3731 0.855698
3732 0.855644
3733 0.85559
3734 0.855537
3735 0.855483
3736 0.855429
3737 0.855375
3738 0.855321
3739 0.855267
3740 0.855213
3741 0.855159
3742 0.855106
3743 0.855052
3744 0.854998
3745 0.854944
3746 0.85489
3747 0.854836
3748 0.854782
3749 0.854728
3750 0.854674
3751 0.854621
3752 0.854567
3753 0.854513
3754 0.854459
3755 0.854405
3756 0.854351
3757 0.854297
3758 0.854243
3759 0.854189
3760 0.854135
3761 0.854082
3762 0.854028
3763 0.853974
3764 0.85392
3765 0.853866
3766 0.853812
3767 0.853758
3768 0.853704
3769 0.85365
3770 0.853596
3771 0.853542
3772 0.853488
3773 0.853435
3774 0.853381
3775 0.853327
3776 0.853273
3777 0.853219
3778 0.853165
3779 0.853111
3780 0.853057
3781 0.853003
3782 0.852949
3783 0.852895
3784 0.852841
3785 0.852787
3786 0.852733
3787 0.852679
3788 0.852625
3789 0.852572
3790 0.852518
3791 0.852464
3792 0.85241
3793 0.852356
3794 0.852302
3795 0.852248
3796 0.852194
3797 0.85214
3798 0.852086
3799 0.852032
3800 0.851978
3801 0.851924
3802 0.85187
3803 0.851816
3804 0.851762
3805 0.851708
3806 0.851654
3807 0.8516
3808 0.851546
3809 0.851492
3810 0.851438
3811 0.851385
3812 0.851331
3813 0.851277
3814 0.851223
3815 0.851169
3816 0.851115
3817 0.851061
3818 0.851007
3819 0.850953
3820 0.850899
3821 0.850845
3822 0.850791
3823 0.850737
3824 0.850683
3825 0.850629
3826 0.850575
3827 0.850521
3828 0.850467
3829 0.850413
3830 0.850359
3831 0.850305
3832 0.850251
3833 0.850197
3834 0.850143
3835 0.850089
3836 0.850035
3837 0.849981
3838 0.849927
3839 0.849873
3840 0.849819
3841 0.849765
3842 0.849711
3843 0.849657
3844 0.849603
3845 0.849549
3846 0.849495
3847 0.849441
3848 0.849387
3849 0.849333
3850 0.849279
3851 0.849225
3852 0.849171
3853 0.849117
3854 0.849063
3855 0.849009
3856 0.848955
3857 0.848901
3858 0.848847
3859 0.848793
3860 0.848739
3861 0.848685
3862 0.848631
3863 0.848577
3864 0.848523
3865 0.848469
3866 0.848415
3867 0.848361
3868 0.848307
3869 0.848253
3870 0.848199
3871 0.848145
3872 0.848091
3873 0.848037
3874 0.847983
3875 0.847929
3876 0.847875
3877 0.847821
3878 0.847767
3879 0.847713
3880 0.847659
3881 0.847605
3882 0.847551
3883 0.847497
3884 0.847443
3885 0.847389
3886 0.847335
3887 0.847281
3888 0.847227
3889 0.847173
3890 0.847119
3891 0.847065
3892 0.847011
3893 0.846957
3894 0.846903
3895 0.846849
3896 0.846795
3897 0.846741
3898 0.846687
3899 0.846633
3900 0.846579
3901 0.846525
3902 0.846471
3903 0.846416
3904 0.846362
3905 0.846308
3906 0.846254
3907 0.8462
3908 0.846146
3909 0.846092
3910 0.846038
3911 0.845984
3912 0.84593
3913 0.845876
3914 0.845822
3915 0.845768
3916 0.845714
3917 0.84566
3918 0.845606
3919 0.845552
3920 0.845498
3921 0.845444
3922 0.84539
3923 0.845336
3924 0.845282
3925 0.845228
3926 0.845174
3927 0.84512
3928 0.845066
3929 0.845012
3930 0.844958
3931 0.844904
3932 0.84485
3933 0.844796
3934 0.844742
3935 0.844688
3936 0.844633
3937 0.844579
3938 0.844525
3939 0.844471
3940 0.844417
3941 0.844363
3942 0.844309
3943 0.844255
3944 0.844201
3945 0.844147
3946 0.844093
3947 0.844039
3948 0.843985
3949 0.843931
3950 0.843877
3951 0.843823
3952 0.843769
3953 0.843715
3954 0.843661
3955 0.843607
3956 0.843553
3957 0.843499
3958 0.843445
3959 0.843391
3960 0.843337
3961 0.843282
3962 0.843228
3963 0.843174
3964 0.84312
3965 0.843066
3966 0.843012
3967 0.842958
3968 0.842904
3969 0.84285
3970 0.842796
3971 0.842742
3972 0.842688
3973 0.842634
3974 0.84258
3975 0.842526
3976 0.842472
3977 0.842418
3978 0.842364
3979 0.84231
3980 0.842256
3981 0.842202
3982 0.842148
3983 0.842093
3984 0.842039
3985 0.841985
3986 0.841931
3987 0.841877
3988 0.841823
3989 0.841769
3990 0.841715
3991 0.841661
3992 0.841607
3993 0.841553
3994 0.841499
3995 0.841445
3996 0.841391
3997 0.841337
3998 0.841283
3999 0.841229
4000 0.841175
4001 0.841121
4002 0.841067
4003 0.841012
4004 0.840958
4005 0.840904
4006 0.84085
4007 0.840796
4008 0.840742
4009 0.840688
4010 0.840634
4011 0.84058
4012 0.840526
4013 0.840472
4014 0.840418
4015 0.840364
4016 0.84031
4017 0.840256
4018 0.840202
4019 0.840147
4020 0.840093
4021 0.840039
4022 0.839985
4023 0.839931
4024 0.839877
4025 0.839823
4026 0.839769
4027 0.839715
4028 0.839661
4029 0.839607
4030 0.839553
4031 0.839499
4032 0.839445
4033 0.839391
4034 0.839336
4035 0.839282
4036 0.839228
4037 0.839174
4038 0.83912
4039 0.839066
4040 0.839012
4041 0.838958
4042 0.838904
4043 0.83885
4044 0.838796
4045 0.838742
4046 0.838688
4047 0.838634
4048 0.838579
4049 0.838525
4050 0.838471
4051 0.838417
4052 0.838363
4053 0.838309
4054 0.838255
4055 0.838201
4056 0.838147
4057 0.838093
4058 0.838039
4059 0.837985
4060 0.83793
4061 0.837876
4062 0.837822
4063 0.837768
4064 0.837714
4065 0.83766
4066 0.837606
4067 0.837552
4068 0.837498
4069 0.837444
4070 0.837389
4071 0.837335
4072 0.837281
4073 0.837227
4074 0.837173
4075 0.837119
4076 0.837065
4077 0.837011
4078 0.836957
4079 0.836903
4080 0.836848
4081 0.836794
4082 0.83674
4083 0.836686
4084 0.836632
4085 0.836578
4086 0.836524
4087 0.83647
4088 0.836415
4089 0.836361
4090 0.836307
4091 0.836253
4092 0.836199
4093 0.836145
4094 0.836091
4095 0.836037
4096 0.835982
4097 0.835928
4098 0.835874
4099 0.83582
4100 0.835766
4101 0.835712
4102 0.835658
4103 0.835603
4104 0.835549
4105 0.835495
4106 0.835441
4107 0.835387
4108 0.835333
4109 0.835279
4110 0.835224
4111 0.83517
4112 0.835116
4113 0.835062
4114 0.835008
4115 0.834954
4116 0.834899
4117 0.834845
4118 0.834791
4119 0.834737
4120 0.834683
4121 0.834629
4122 0.834574
4123 0.83452
4124 0.834466
4125 0.834412
4126 0.834358
4127 0.834303
4128 0.834249
4129 0.834195
4130 0.834141
4131 0.834087
4132 0.834032
4133 0.833978
4134 0.833924
4135 0.83387
4136 0.833816
4137 0.833761
4138 0.833707
4139 0.833653
4140 0.833599
4141 0.833544
4142 0.83349
4143 0.833436
4144 0.833382
4145 0.833327
4146 0.833273
4147 0.833219
4148 0.833165
4149 0.83311
4150 0.833056
4151 0.833002
4152 0.832948
4153 0.832893
4154 0.832839
4155 0.832785
4156 0.832731
4157 0.832676
4158 0.832622
4159 0.832568
4160 0.832513
4161 0.832459
4162 0.832405
4163 0.832351
4164 0.832296
4165 0.832242
4166 0.832188
4167 0.832133
4168 0.832079
4169 0.832025
4170 0.83197
4171 0.831916
4172 0.831862
4173 0.831807
4174 0.831753
4175 0.831699
4176 0.831644
4177 0.83159
4178 0.831535
4179 0.831481
4180 0.831427
4181 0.831372
4182 0.831318
4183 0.831264
4184 0.831209
4185 0.831155
4186 0.8311
4187 0.831046
4188 0.830992
4189 0.830937
4190 0.830883
4191 0.830828
4192 0.830774
4193 0.830719
4194 0.830665
4195 0.830611
4196 0.830556
4197 0.830502
4198 0.830447
4199 0.830393
4200 0.830338
4201 0.830284
4202 0.830229
4203 0.830175
4204 0.83012
4205 0.830066
4206 0.830011
4207 0.829957
4208 0.829902
4209 0.829848
4210 0.829793
4211 0.829739
4212 0.829684
4213 0.82963
4214 0.829575
4215 0.82952
4216 0.829466
4217 0.829411
4218 0.829357
4219 0.829302
4220 0.829247
4221 0.829193
4222 0.829138
4223 0.829084
4224 0.829029
4225 0.828974
4226 0.82892
4227 0.828865
4228 0.82881
4229 0.828756
4230 0.828701
4231 0.828646
4232 0.828592
4233 0.828537
4234 0.828482
4235 0.828428
4236 0.828373
4237 0.828318
4238 0.828263
4239 0.828209
4240 0.828154
4241 0.828099
4242 0.828044
4243 0.82799
4244 0.827935
4245 0.82788
4246 0.827825
4247 0.82777
4248 0.827716
4249 0.827661
4250 0.827606
4251 0.827551
4252 0.827496
4253 0.827441
4254 0.827387
4255 0.827332
4256 0.827277
4257 0.827222
4258 0.827167
4259 0.827112
4260 0.827057
4261 0.827002
4262 0.826947
4263 0.826892
4264 0.826837
4265 0.826782
4266 0.826727
4267 0.826672
4268 0.826617
4269 0.826562
4270 0.826507
4271 0.826452
4272 0.826397
4273 0.826342
4274 0.826287
4275 0.826232
4276 0.826177
4277 0.826122
4278 0.826067
4279 0.826011
4280 0.825956
4281 0.825901
4282 0.825846
4283 0.825791
4284 0.825736
4285 0.82568
4286 0.825625
4287 0.82557
4288 0.825515
4289 0.825459
4290 0.825404
4291 0.825349
4292 0.825294
4293 0.825238
4294 0.825183
4295 0.825128
4296 0.825072
4297 0.825017
4298 0.824962
4299 0.824906
4300 0.824851
4301 0.824795
4302 0.82474
4303 0.824685
4304 0.824629
4305 0.824574
4306 0.824518
4307 0.824463
4308 0.824407
4309 0.824352
4310 0.824296
4311 0.82424
4312 0.824185
4313 0.824129
4314 0.824074
4315 0.824018
4316 0.823962
4317 0.823907
4318 0.823851
4319 0.823795
4320 0.82374
4321 0.823684
4322 0.823628
4323 0.823573
4324 0.823517
4325 0.823461
4326 0.823405
4327 0.823349
4328 0.823294
4329 0.823238
4330 0.823182
4331 0.823126
4332 0.82307
4333 0.823014
4334 0.822958
4335 0.822902
4336 0.822846
4337 0.82279
4338 0.822734
4339 0.822678
4340 0.822622
4341 0.822566
4342 0.82251
4343 0.822454
4344 0.822398
4345 0.822342
4346 0.822286
4347 0.82223
4348 0.822173
4349 0.822117
4350 0.822061
4351 0.822005
4352 0.821949
4353 0.821892
4354 0.821836
4355 0.82178
4356 0.821723
4357 0.821667
4358 0.821611
4359 0.821554
4360 0.821498
4361 0.821441
4362 0.821385
4363 0.821328
4364 0.821272
4365 0.821215
4366 0.821159
4367 0.821102
4368 0.821046
4369 0.820989
4370 0.820932
4371 0.820876
4372 0.820819
4373 0.820762
4374 0.820706
4375 0.820649
4376 0.820592
4377 0.820535
4378 0.820479
4379 0.820422
4380 0.820365
4381 0.820308
4382 0.820251
4383 0.820194
4384 0.820137
4385 0.82008
4386 0.820023
4387 0.819966
4388 0.819909
4389 0.819852
4390 0.819795
4391 0.819738
4392 0.819681
4393 0.819623
4394 0.819566
4395 0.819509
4396 0.819452
4397 0.819395
4398 0.819337
4399 0.81928
4400 0.819223
4401 0.819165
4402 0.819108
4403 0.81905
4404 0.818993
4405 0.818935
4406 0.818878
4407 0.81882
4408 0.818763
4409 0.818705
4410 0.818648
4411 0.81859
4412 0.818532
4413 0.818474
4414 0.818417
4415 0.818359
4416 0.818301
4417 0.818243
4418 0.818186
4419 0.818128
4420 0.81807
4421 0.818012
4422 0.817954
4423 0.817896
4424 0.817838
4425 0.81778
4426 0.817722
4427 0.817664
4428 0.817606
4429 0.817547
4430 0.817489
4431 0.817431
4432 0.817373
4433 0.817314
4434 0.817256
4435 0.817198
4436 0.817139
4437 0.817081
4438 0.817022
4439 0.816964
4440 0.816905
4441 0.816847
4442 0.816788
4443 0.81673
4444 0.816671
4445 0.816612
4446 0.816554
4447 0.816495
4448 0.816436
4449 0.816377
4450 0.816319
4451 0.81626
4452 0.816201
4453 0.816142
4454 0.816083
4455 0.816024
4456 0.815965
4457 0.815906
4458 0.815847
4459 0.815788
4460 0.815728
4461 0.815669
4462 0.81561
4463 0.815551
4464 0.815491
4465 0.815432
4466 0.815373
4467 0.815313
4468 0.815254
4469 0.815194
4470 0.815135
4471 0.815075
4472 0.815016
4473 0.814956
4474 0.814896
4475 0.814837
4476 0.814777
4477 0.814717
4478 0.814657
4479 0.814597
4480 0.814537
4481 0.814478
4482 0.814418
4483 0.814358
4484 0.814298
4485 0.814237
4486 0.814177
4487 0.814117
4488 0.814057
4489 0.813997
4490 0.813936
4491 0.813876
4492 0.813816
4493 0.813755
4494 0.813695
4495 0.813635
4496 0.813574
4497 0.813513
4498 0.813453
4499 0.813392
4500 0.813332
4501 0.813271
4502 0.81321
4503 0.813149
4504 0.813088
4505 0.813028
4506 0.812967
4507 0.812906
4508 0.812845
4509 0.812784
4510 0.812723
4511 0.812662
4512 0.8126
4513 0.812539
4514 0.812478
4515 0.812417
4516 0.812355
4517 0.812294
4518 0.812232
4519 0.812171
4520 0.81211
4521 0.812048
4522 0.811986
4523 0.811925
4524 0.811863
4525 0.811801
4526 0.81174
4527 0.811678
4528 0.811616
4529 0.811554
4530 0.811492
4531 0.81143
4532 0.811368
4533 0.811306
4534 0.811244
4535 0.811182
4536 0.81112
4537 0.811057
4538 0.810995
4539 0.810933
4540 0.81087
4541 0.810808
4542 0.810745
4543 0.810683
4544 0.81062
4545 0.810558
4546 0.810495
4547 0.810432
4548 0.81037
4549 0.810307
4550 0.810244
4551 0.810181
4552 0.810118
4553 0.810055
4554 0.809992
4555 0.809929
4556 0.809866
4557 0.809803
4558 0.80974
4559 0.809676
4560 0.809613
4561 0.80955
4562 0.809486
4563 0.809423
4564 0.809359
4565 0.809296
4566 0.809232
4567 0.809168
4568 0.809105
4569 0.809041
4570 0.808977
4571 0.808913
4572 0.808849
4573 0.808786
4574 0.808722
4575 0.808657
4576 0.808593
4577 0.808529
4578 0.808465
4579 0.808401
4580 0.808337
4581 0.808272
4582 0.808208
4583 0.808143
4584 0.808079
4585 0.808014
4586 0.80795
4587 0.807885
4588 0.80782
4589 0.807756
4590 0.807691
4591 0.807626
4592 0.807561
4593 0.807496
4594 0.807431
4595 0.807366
4596 0.807301
4597 0.807236
4598 0.807171
4599 0.807106
4600 0.80704
4601 0.806975
4602 0.80691
4603 0.806844
4604 0.806779
4605 0.806713
4606 0.806647
4607 0.806582
4608 0.806516
4609 0.80645
4610 0.806385
4611 0.806319
4612 0.806253
4613 0.806187
4614 0.806121
4615 0.806055
4616 0.805989
4617 0.805922
4618 0.805856
4619 0.80579
4620 0.805724
4621 0.805657
4622 0.805591
4623 0.805524
4624 0.805458
4625 0.805391
4626 0.805325
4627 0.805258
4628 0.805191
4629 0.805124
4630 0.805057
4631 0.80499
4632 0.804924
4633 0.804856
4634 0.804789
4635 0.804722
4636 0.804655
4637 0.804588
4638 0.804521
4639 0.804453
4640 0.804386
4641 0.804318
4642 0.804251
4643 0.804183
4644 0.804116
4645 0.804048
4646 0.80398
4647 0.803913
4648 0.803845
4649 0.803777
4650 0.803709
4651 0.803641
4652 0.803573
4653 0.803505
4654 0.803437
4655 0.803369
4656 0.8033
4657 0.803232
4658 0.803164
4659 0.803095
4660 0.803027
4661 0.802958
4662 0.80289
4663 0.802821
4664 0.802752
4665 0.802684
4666 0.802615
4667 0.802546
4668 0.802477
4669 0.802408
4670 0.802339
4671 0.80227
4672 0.802201
4673 0.802132
4674 0.802062
4675 0.801993
4676 0.801924
4677 0.801854
4678 0.801785
4679 0.801715
4680 0.801646
4681 0.801576
4682 0.801507
4683 0.801437
4684 0.801367
4685 0.801297
4686 0.801227
4687 0.801158
4688 0.801088
4689 0.801017
4690 0.800947
4691 0.800877
4692 0.800807
4693 0.800737
4694 0.800666
4695 0.800596
4696 0.800526
4697 0.800455
4698 0.800385
4699 0.800314
4700 0.800243
4701 0.800173
4702 0.800102
4703 0.800031
4704 0.79996
4705 0.799889
4706 0.799818
4707 0.799747
4708 0.799676
4709 0.799605
4710 0.799534
4711 0.799463
4712 0.799392
4713 0.79932
4714 0.799249
4715 0.799177
4716 0.799106
4717 0.799034
4718 0.798963
4719 0.798891
4720 0.798819
4721 0.798748
4722 0.798676
4723 0.798604
4724 0.798532
4725 0.79846
4726 0.798388
4727 0.798316
4728 0.798244
4729 0.798172
4730 0.798099
4731 0.798027
4732 0.797955
4733 0.797882
4734 0.79781
4735 0.797737
4736 0.797665
4737 0.797592
4738 0.797519
4739 0.797447
4740 0.797374
4741 0.797301
4742 0.797228
4743 0.797155
4744 0.797082
4745 0.797009
4746 0.796936
4747 0.796863
4748 0.79679
4749 0.796717
4750 0.796643
4751 0.79657
4752 0.796497
4753 0.796423
4754 0.79635
4755 0.796276
4756 0.796203
4757 0.796129
4758 0.796055
4759 0.795981
4760 0.795908
4761 0.795834
4762 0.79576
4763 0.795686
4764 0.795612
4765 0.795538
4766 0.795464
4767 0.79539
4768 0.795315
4769 0.795241
4770 0.795167
4771 0.795092
4772 0.795018
4773 0.794944
4774 0.794869
4775 0.794794
4776 0.79472
4777 0.794645
4778 0.794571
4779 0.794496
4780 0.794421
4781 0.794346
4782 0.794271
4783 0.794196
4784 0.794121
4785 0.794046
4786 0.793971
4787 0.793896
4788 0.793821
4789 0.793746
4790 0.79367
4791 0.793595
4792 0.79352
4793 0.793444
4794 0.793369
4795 0.793293
4796 0.793218
4797 0.793142
4798 0.793066
4799 0.792991
4800 0.792915
4801 0.792839
4802 0.792763
4803 0.792687
4804 0.792611
4805 0.792535
4806 0.792459
4807 0.792383
4808 0.792307
4809 0.792231
4810 0.792155
4811 0.792078
4812 0.792002
4813 0.791926
4814 0.791849
4815 0.791773
4816 0.791696
4817 0.79162
4818 0.791543
4819 0.791467
4820 0.79139
4821 0.791313
4822 0.791236
4823 0.79116
4824 0.791083
4825 0.791006
4826 0.790929
4827 0.790852
4828 0.790775
4829 0.790698
4830 0.790621
4831 0.790544
4832 0.790466
4833 0.790389
4834 0.790312
4835 0.790235
4836 0.790157
4837 0.79008
4838 0.790002
4839 0.789925
4840 0.789847
4841 0.78977
4842 0.789692
4843 0.789615
4844 0.789537
4845 0.789459
4846 0.789381
4847 0.789304
4848 0.789226
4849 0.789148
4850 0.78907
4851 0.788992
4852 0.788914
4853 0.788836
4854 0.788758
4855 0.78868
4856 0.788601
4857 0.788523
4858 0.788445
4859 0.788367
4860 0.788288
4861 0.78821
4862 0.788132
4863 0.788053
4864 0.787975
4865 0.787896
4866 0.787818
4867 0.787739
4868 0.78766
4869 0.787582
4870 0.787503
4871 0.787424
4872 0.787345
4873 0.787267
4874 0.787188
4875 0.787109
4876 0.78703
4877 0.786951
4878 0.786872
4879 0.786793
4880 0.786714
4881 0.786635
4882 0.786556
4883 0.786477
4884 0.786397
4885 0.786318
4886 0.786239
4887 0.78616
4888 0.78608
4889 0.786001
4890 0.785922
4891 0.785842
4892 0.785763
4893 0.785683
4894 0.785604
4895 0.785524
4896 0.785444
4897 0.785365
4898 0.785285
4899 0.785205
4900 0.785126
4901 0.785046
4902 0.784966
4903 0.784886
4904 0.784806
4905 0.784727
4906 0.784647
4907 0.784567
4908 0.784487
4909 0.784407
4910 0.784327
4911 0.784247
4912 0.784167
4913 0.784086
4914 0.784006
4915 0.783926
4916 0.783846
4917 0.783766
4918 0.783685
4919 0.783605
4920 0.783525
4921 0.783444
4922 0.783364
4923 0.783284
4924 0.783203
4925 0.783123
4926 0.783042
4927 0.782962
4928 0.782881
4929 0.782801
4930 0.78272
4931 0.782639
4932 0.782559
4933 0.782478
4934 0.782397
4935 0.782317
4936 0.782236
4937 0.782155
4938 0.782074
4939 0.781994
4940 0.781913
4941 0.781832
4942 0.781751
4943 0.78167
4944 0.781589
4945 0.781508
4946 0.781427
4947 0.781346
4948 0.781265
4949 0.781184
4950 0.781103
4951 0.781022
4952 0.780941
4953 0.78086
4954 0.780779
4955 0.780697
4956 0.780616
4957 0.780535
4958 0.780454
4959 0.780372
4960 0.780291
4961 0.78021
4962 0.780129
4963 0.780047
4964 0.779966
4965 0.779884
4966 0.779803
4967 0.779722
4968 0.77964
4969 0.779559
4970 0.779477
4971 0.779396
4972 0.779314
4973 0.779233
4974 0.779151
4975 0.77907
4976 0.778988
4977 0.778906
4978 0.778825
4979 0.778743
4980 0.778661
4981 0.77858
4982 0.778498
4983 0.778416
4984 0.778335
4985 0.778253
4986 0.778171
4987 0.778089
4988 0.778008
4989 0.777926
4990 0.777844
4991 0.777762
4992 0.77768
4993 0.777598
4994 0.777517
4995 0.777435
4996 0.777353
4997 0.777271
4998 0.777189
4999 0.777107
5000 0.777025
