0	0	0
0.0001	7.75459e-009	0.000172232
0.0002	3.77021e-008	0.000442217
0.0003	9.91416e-008	0.000800586
0.0004	2.0048e-007	0.00123884
0.0005	3.49312e-007	0.00174925
0.0006	5.525e-007	0.00232482
0.0007	8.16235e-007	0.00295919
0.0008	1.1461e-006	0.00364657
0.0009	1.54714e-006	0.00438172
0.001	2.02388e-006	0.00515986
0.0011	2.5804e-006	0.00597666
0.0012	3.22037e-006	0.00682817
0.0013	3.94707e-006	0.00771081
0.0014	4.76346e-006	0.0086213
0.0015	5.67216e-006	0.00955667
0.0016	6.67553e-006	0.0105142
0.0017	7.77566e-006	0.0114914
0.0018	8.9744e-006	0.0124861
0.0019	1.02734e-005	0.0134962
0.002	1.16741e-005	0.0145198
0.0021	1.31777e-005	0.0155552
0.0022	1.47855e-005	0.0166008
0.0023	1.64982e-005	0.0176552
0.0024	1.83168e-005	0.018717
0.0025	2.02418e-005	0.0197852
0.0026	2.2274e-005	0.0208584
0.0027	2.44136e-005	0.0219358
0.0028	2.66612e-005	0.0230164
0.0029	2.9017e-005	0.0240993
0.003	3.14811e-005	0.0251837
0.0031	3.40538e-005	0.0262689
0.0032	3.67349e-005	0.0273543
0.0033	3.95246e-005	0.028439
0.0034	4.24227e-005	0.0295227
0.0035	4.54291e-005	0.0306047
0.0036	4.85436e-005	0.0316845
0.0037	5.17659e-005	0.0327616
0.0038	5.50958e-005	0.0338357
0.0039	5.85329e-005	0.0349062
0.004	6.20769e-005	0.0359728
0.0041	6.57273e-005	0.0370352
0.0042	6.94838e-005	0.0380929
0.0043	7.33458e-005	0.0391456
0.0044	7.73127e-005	0.0401931
0.0045	8.13842e-005	0.041235
0.0046	8.55595e-005	0.0422711
0.0047	8.98382e-005	0.043301
0.0048	9.42195e-005	0.0443246
0.0049	9.87029e-005	0.0453415
0.005	0.000103288	0.0463516
0.0051	0.000107973	0.0473547
0.0052	0.000112758	0.0483504
0.0053	0.000117643	0.0493386
0.0054	0.000122626	0.0503192
0.0055	0.000127706	0.0512918
0.0056	0.000132884	0.0522564
0.0057	0.000138157	0.0532127
0.0058	0.000143526	0.0541605
0.0059	0.000148989	0.0550998
0.006	0.000154546	0.0560302
0.0061	0.000160195	0.0569518
0.0062	0.000165936	0.0578642
0.0063	0.000171767	0.0587673
0.0064	0.000177689	0.0596611
0.0065	0.000183699	0.0605453
0.0066	0.000189798	0.0614198
0.0067	0.000195983	0.0622844
0.0068	0.000202254	0.0631391
0.0069	0.000208611	0.0639837
0.007	0.000215051	0.064818
0.0071	0.000221574	0.0656419
0.0072	0.000228179	0.0664553
0.0073	0.000234864	0.0672581
0.0074	0.00024163	0.0680502
0.0075	0.000248474	0.0688313
0.0076	0.000255396	0.0696015
0.0077	0.000262394	0.0703606
0.0078	0.000269468	0.0711084
0.0079	0.000276615	0.0718449
0.008	0.000283836	0.07257
0.0081	0.000291129	0.0732835
0.0082	0.000298493	0.0739854
0.0083	0.000305926	0.0746755
0.0084	0.000313427	0.0753537
0.0085	0.000320996	0.07602
0.0086	0.000328631	0.0766742
0.0087	0.00033633	0.0773163
0.0088	0.000344094	0.0779461
0.0089	0.000351919	0.0785636
0.009	0.000359806	0.0791687
0.0091	0.000367753	0.0797613
0.0092	0.000375758	0.0803412
0.0093	0.00038382	0.0809085
0.0094	0.000391939	0.081463
0.0095	0.000400113	0.0820046
0.0096	0.00040834	0.0825334
0.0097	0.000416619	0.0830491
0.0098	0.000424949	0.0835518
0.0099	0.000433329	0.0840413
0.01	0.000441757	0.0845176
0.0101	0.000450232	0.0849807
0.0102	0.000458752	0.0854303
0.0103	0.000467317	0.0858666
0.0104	0.000475925	0.0862894
0.0105	0.000484575	0.0866987
0.0106	0.000493265	0.0870943
0.0107	0.000501993	0.0874764
0.0108	0.000510759	0.0878447
0.0109	0.000519562	0.0881992
0.011	0.000528399	0.08854
0.0111	0.000537269	0.0888669
0.0112	0.000546172	0.0891799
0.0113	0.000555105	0.0894789
0.0114	0.000564067	0.089764
0.0115	0.000573057	0.0900351
0.0116	0.000582074	0.090292
0.0117	0.000591115	0.0905349
0.0118	0.00060018	0.0907637
0.0119	0.000609267	0.0909783
0.012	0.000618375	0.0911787
0.0121	0.000627503	0.0913648
0.0122	0.000636648	0.0915367
0.0123	0.000645809	0.0916944
0.0124	0.000654986	0.0918377
0.0125	0.000664177	0.0919667
0.0126	0.000673379	0.0920814
0.0127	0.000682592	0.0921818
0.0128	0.000691815	0.0922678
0.0129	0.000701045	0.0923394
0.013	0.000710282	0.0923966
0.0131	0.000719524	0.0924395
0.0132	0.00072877	0.092468
0.0133	0.000738017	0.092482
0.0134	0.000747266	0.0924817
0.0135	0.000756513	0.0924669
0.0136	0.000765759	0.0924378
0.0137	0.000775	0.0923943
0.0138	0.000784237	0.0923364
0.0139	0.000793467	0.0922641
0.014	0.000802689	0.0921775
0.0141	0.000811902	0.0920765
0.0142	0.000821104	0.0919612
0.0143	0.000830294	0.0918316
0.0144	0.00083947	0.0916877
0.0145	0.000848631	0.0915295
0.0146	0.000857775	0.0913571
0.0147	0.000866902	0.0911704
0.0148	0.000876009	0.0909696
0.0149	0.000885095	0.0907546
0.015	0.00089416	0.0905255
0.0151	0.0009032	0.0902822
0.0152	0.000912215	0.0900249
0.0153	0.000921205	0.0897536
0.0154	0.000930166	0.0894683
0.0155	0.000939098	0.089169
0.0156	0.000947999	0.0888559
0.0157	0.000956868	0.0885289
0.0158	0.000965704	0.0881881
0.0159	0.000974506	0.0878336
0.016	0.000983271	0.0874653
0.0161	0.000991998	0.0870834
0.0162	0.00100069	0.0866879
0.0163	0.00100934	0.0862789
0.0164	0.00101794	0.0858564
0.0165	0.00102651	0.0854205
0.0166	0.00103503	0.0849713
0.0167	0.0010435	0.0845088
0.0168	0.00105193	0.084033
0.0169	0.00106031	0.0835441
0.017	0.00106864	0.0830422
0.0171	0.00107691	0.0825272
0.0172	0.00108514	0.0819993
0.0173	0.00109331	0.0814586
0.0174	0.00110143	0.0809051
0.0175	0.00110949	0.0803389
0.0176	0.0011175	0.0797602
0.0177	0.00112545	0.0791688
0.0178	0.00113333	0.0785651
0.0179	0.00114116	0.077949
0.018	0.00114892	0.0773207
0.0181	0.00115662	0.0766802
0.0182	0.00116426	0.0760276
0.0183	0.00117183	0.0753631
0.0184	0.00117933	0.0746866
0.0185	0.00118676	0.0739984
0.0186	0.00119413	0.0732985
0.0187	0.00120142	0.0725871
0.0188	0.00120865	0.0718641
0.0189	0.0012158	0.0711298
0.019	0.00122287	0.0703842
0.0191	0.00122987	0.0696275
0.0192	0.0012368	0.0688597
0.0193	0.00124364	0.068081
0.0194	0.00125041	0.0672914
0.0195	0.0012571	0.0664912
0.0196	0.00126371	0.0656804
0.0197	0.00127024	0.0648591
0.0198	0.00127668	0.0640274
0.0199	0.00128304	0.0631855
0.02	0.00128932	0.0623335
0.0201	0.00129551	0.0614715
0.0202	0.00130161	0.0605997
0.0203	0.00130763	0.0597181
0.0204	0.00131356	0.0588269
0.0205	0.00131939	0.0579263
0.0206	0.00132514	0.0570163
0.0207	0.0013308	0.056097
0.0208	0.00133636	0.0551687
0.0209	0.00134183	0.0542315
0.021	0.00134721	0.0532854
0.0211	0.00135249	0.0523307
0.0212	0.00135767	0.0513675
0.0213	0.00136276	0.0503958
0.0214	0.00136775	0.0494159
0.0215	0.00137264	0.0484279
0.0216	0.00137744	0.0474319
0.0217	0.00138213	0.0464281
0.0218	0.00138672	0.0454166
0.0219	0.00139121	0.0443975
0.022	0.0013956	0.0433711
0.0221	0.00139989	0.0423375
0.0222	0.00140407	0.0412968
0.0223	0.00140815	0.0402491
0.0224	0.00141212	0.0391947
0.0225	0.00141598	0.0381336
0.0226	0.00141974	0.037066
0.0227	0.0014234	0.0359922
0.0228	0.00142694	0.0349121
0.0229	0.00143038	0.0338261
0.023	0.00143371	0.0327342
0.0231	0.00143693	0.0316366
0.0232	0.00144003	0.0305335
0.0233	0.00144303	0.029425
0.0234	0.00144592	0.0283113
0.0235	0.00144869	0.0271925
0.0236	0.00145136	0.0260688
0.0237	0.00145391	0.0249405
0.0238	0.00145635	0.0238075
0.0239	0.00145867	0.0226702
0.024	0.00146088	0.0215286
0.0241	0.00146298	0.0203829
0.0242	0.00146496	0.0192334
0.0243	0.00146682	0.0180801
0.0244	0.00146857	0.0169232
0.0245	0.00147021	0.0157629
0.0246	0.00147172	0.0145994
0.0247	0.00147313	0.0134329
0.0248	0.00147441	0.0122634
0.0249	0.00147558	0.0110912
0.025	0.00147663	0.00991647
0.0251	0.00147756	0.00873933
0.0252	0.00147838	0.00755997
0.0253	0.00147907	0.00637857
0.0254	0.00147965	0.00519529
0.0255	0.00148011	0.0040103
0.0256	0.00148045	0.00282379
0.0257	0.00148068	0.00163591
0.0258	0.00148078	0.000446846
0.0259	0.00148077	-0.000743237
0.026	0.00148063	-0.00193416
0.0261	0.00148038	-0.00312576
0.0262	0.00148001	-0.00431786
0.0263	0.00147952	-0.00551029
0.0264	0.00147891	-0.00670286
0.0265	0.00147818	-0.00789542
0.0266	0.00147733	-0.00908779
0.0267	0.00147636	-0.0102798
0.0268	0.00147527	-0.0114713
0.0269	0.00147406	-0.012662
0.027	0.00147274	-0.0138519
0.0271	0.00147129	-0.0150407
0.0272	0.00146973	-0.0162283
0.0273	0.00146805	-0.0174145
0.0274	0.00146625	-0.0185992
0.0275	0.00146433	-0.019782
0.0276	0.00146229	-0.020963
0.0277	0.00146014	-0.0221419
0.0278	0.00145786	-0.0233186
0.0279	0.00145547	-0.0244928
0.028	0.00145296	-0.0256644
0.0281	0.00145034	-0.0268332
0.0282	0.0014476	-0.0279992
0.0283	0.00144474	-0.029162
0.0284	0.00144177	-0.0303215
0.0285	0.00143868	-0.0314777
0.0286	0.00143547	-0.0326302
0.0287	0.00143215	-0.0337789
0.0288	0.00142871	-0.0349237
0.0289	0.00142516	-0.0360644
0.029	0.0014215	-0.0372008
0.0291	0.00141772	-0.0383328
0.0292	0.00141384	-0.0394602
0.0293	0.00140983	-0.0405828
0.0294	0.00140572	-0.0417005
0.0295	0.00140149	-0.0428131
0.0296	0.00139716	-0.0439204
0.0297	0.00139271	-0.0450224
0.0298	0.00138815	-0.0461188
0.0299	0.00138349	-0.0472094
0.03	0.00137871	-0.0482942
0.0301	0.00137383	-0.049373
0.0302	0.00136884	-0.0504455
0.0303	0.00136374	-0.0515117
0.0304	0.00135853	-0.0525714
0.0305	0.00135322	-0.0536244
0.0306	0.00134781	-0.0546706
0.0307	0.00134229	-0.0557098
0.0308	0.00133667	-0.0567419
0.0309	0.00133094	-0.0577668
0.031	0.00132511	-0.0587842
0.0311	0.00131919	-0.0597941
0.0312	0.00131316	-0.0607963
0.0313	0.00130703	-0.0617906
0.0314	0.0013008	-0.0627769
0.0315	0.00129447	-0.0637551
0.0316	0.00128805	-0.064725
0.0317	0.00128153	-0.0656865
0.0318	0.00127491	-0.0666394
0.0319	0.0012682	-0.0675836
0.032	0.00126139	-0.068519
0.0321	0.0012545	-0.0694454
0.0322	0.00124751	-0.0703627
0.0323	0.00124042	-0.0712708
0.0324	0.00123325	-0.0721695
0.0325	0.00122599	-0.0730587
0.0326	0.00121864	-0.0739382
0.0327	0.0012112	-0.074808
0.0328	0.00120368	-0.075668
0.0329	0.00119607	-0.0765179
0.033	0.00118838	-0.0773577
0.0331	0.0011806	-0.0781872
0.0332	0.00117274	-0.0790063
0.0333	0.0011648	-0.079815
0.0334	0.00115678	-0.080613
0.0335	0.00114867	-0.0814004
0.0336	0.0011405	-0.0821768
0.0337	0.00113224	-0.0829424
0.0338	0.00112391	-0.0836968
0.0339	0.0011155	-0.0844401
0.034	0.00110702	-0.0851721
0.0341	0.00109847	-0.0858927
0.0342	0.00108984	-0.0866019
0.0343	0.00108115	-0.0872994
0.0344	0.00107238	-0.0879852
0.0345	0.00106355	-0.0886593
0.0346	0.00105465	-0.0893214
0.0347	0.00104569	-0.0899716
0.0348	0.00103666	-0.0906096
0.0349	0.00102756	-0.0912355
0.035	0.00101841	-0.0918491
0.0351	0.0010092	-0.0924504
0.0352	0.000999921	-0.0930392
0.0353	0.000990588	-0.0936155
0.0354	0.000981198	-0.0941792
0.0355	0.000971752	-0.0947302
0.0356	0.000962252	-0.0952683
0.0357	0.000952699	-0.0957937
0.0358	0.000943094	-0.0963061
0.0359	0.000933438	-0.0968055
0.036	0.000923733	-0.0972918
0.0361	0.00091398	-0.097765
0.0362	0.000904181	-0.0982249
0.0363	0.000894336	-0.0986716
0.0364	0.000884447	-0.0991049
0.0365	0.000874515	-0.0995248
0.0366	0.000864542	-0.0999312
0.0367	0.00085453	-0.100324
0.0368	0.000844478	-0.100703
0.0369	0.000834389	-0.101069
0.037	0.000824265	-0.101421
0.0371	0.000814106	-0.101759
0.0372	0.000803913	-0.102084
0.0373	0.000793689	-0.102394
0.0374	0.000783435	-0.102691
0.0375	0.000773152	-0.102973
0.0376	0.000762841	-0.103242
0.0377	0.000752504	-0.103497
0.0378	0.000742142	-0.103737
0.0379	0.000731757	-0.103964
0.038	0.00072135	-0.104176
0.0381	0.000710922	-0.104375
0.0382	0.000700475	-0.104559
0.0383	0.000690011	-0.104728
0.0384	0.00067953	-0.104884
0.0385	0.000669034	-0.105025
0.0386	0.000658525	-0.105152
0.0387	0.000648004	-0.105265
0.0388	0.000637473	-0.105364
0.0389	0.000626932	-0.105448
0.039	0.000616384	-0.105517
0.0391	0.000605829	-0.105573
0.0392	0.00059527	-0.105614
0.0393	0.000584707	-0.10564
0.0394	0.000574142	-0.105653
0.0395	0.000563577	-0.105651
0.0396	0.000553012	-0.105634
0.0397	0.00054245	-0.105603
0.0398	0.000531892	-0.105558
0.0399	0.000521339	-0.105498
0.04	0.000510793	-0.105424
0.0401	0.000500255	-0.105336
0.0402	0.000489726	-0.105233
0.0403	0.000479209	-0.105116
0.0404	0.000468704	-0.104985
0.0405	0.000458212	-0.104839
0.0406	0.000447736	-0.104679
0.0407	0.000437277	-0.104505
0.0408	0.000426836	-0.104317
0.0409	0.000416414	-0.104114
0.041	0.000406014	-0.103897
0.0411	0.000395635	-0.103666
0.0412	0.000385281	-0.103421
0.0413	0.000374951	-0.103162
0.0414	0.000364649	-0.102889
0.0415	0.000354374	-0.102602
0.0416	0.000344129	-0.1023
0.0417	0.000333915	-0.101985
0.0418	0.000323732	-0.101657
0.0419	0.000313584	-0.101314
0.042	0.00030347	-0.100957
0.0421	0.000293393	-0.100587
0.0422	0.000283353	-0.100203
0.0423	0.000273353	-0.0998054
0.0424	0.000263392	-0.0993943
0.0425	0.000253474	-0.0989697
0.0426	0.000243599	-0.0985316
0.0427	0.000233768	-0.0980801
0.0428	0.000223983	-0.0976153
0.0429	0.000214246	-0.0971373
0.043	0.000204556	-0.0966461
0.0431	0.000194917	-0.0961417
0.0432	0.000185328	-0.0956243
0.0433	0.000175792	-0.095094
0.0434	0.00016631	-0.0945507
0.0435	0.000156883	-0.0939946
0.0436	0.000147512	-0.0934258
0.0437	0.000138198	-0.0928444
0.0438	0.000128943	-0.0922503
0.0439	0.000119748	-0.0916438
0.044	0.000110615	-0.0910248
0.0441	0.000101544	-0.0903936
0.0442	9.25365e-005	-0.0897501
0.0443	8.35942e-005	-0.0890945
0.0444	7.4718e-005	-0.0884268
0.0445	6.59092e-005	-0.0877472
0.0446	5.71689e-005	-0.0870558
0.0447	4.84984e-005	-0.0863526
0.0448	3.98988e-005	-0.0856378
0.0449	3.13713e-005	-0.0849114
0.045	2.29169e-005	-0.0841736
0.0451	1.45369e-005	-0.0834244
0.0452	6.2324e-006	-0.082664
0.0453	-1.99551e-006	-0.0818925
0.0454	-1.01457e-005	-0.08111
0.0455	-1.82171e-005	-0.0803165
0.0456	-2.62087e-005	-0.0795123
0.0457	-3.41193e-005	-0.0786975
0.0458	-4.19478e-005	-0.077872
0.0459	-4.96933e-005	-0.0770362
0.046	-5.73547e-005	-0.07619
0.0461	-6.4931e-005	-0.0753336
0.0462	-7.24211e-005	-0.0744672
0.0463	-7.98241e-005	-0.0735908
0.0464	-8.71389e-005	-0.0727046
0.0465	-9.43647e-005	-0.0718086
0.0466	-0.0001015	-0.0709032
0.0467	-0.000108545	-0.0699882
0.0468	-0.000115498	-0.069064
0.0469	-0.000122357	-0.0681306
0.047	-0.000129123	-0.0671882
0.0471	-0.000135795	-0.0662368
0.0472	-0.000142371	-0.0652767
0.0473	-0.00014885	-0.0643079
0.0474	-0.000155232	-0.0633307
0.0475	-0.000161516	-0.0623451
0.0476	-0.000167701	-0.0613513
0.0477	-0.000173786	-0.0603494
0.0478	-0.00017977	-0.0593396
0.0479	-0.000185653	-0.058322
0.048	-0.000191434	-0.0572968
0.0481	-0.000197112	-0.0562641
0.0482	-0.000202687	-0.055224
0.0483	-0.000208157	-0.0541767
0.0484	-0.000213522	-0.0531224
0.0485	-0.000218781	-0.0520613
0.0486	-0.000223934	-0.0509933
0.0487	-0.00022898	-0.0499188
0.0488	-0.000233918	-0.0488379
0.0489	-0.000238747	-0.0477507
0.049	-0.000243468	-0.0466573
0.0491	-0.000248078	-0.045558
0.0492	-0.000252579	-0.0444529
0.0493	-0.000256969	-0.0433421
0.0494	-0.000261247	-0.0422259
0.0495	-0.000265414	-0.0411043
0.0496	-0.000269468	-0.0399775
0.0497	-0.000273409	-0.0388457
0.0498	-0.000277237	-0.0377091
0.0499	-0.000280951	-0.0365678
0.05	-0.00028455	-0.035422
0.0501	-0.000288035	-0.0342719
0.0502	-0.000291405	-0.0331175
0.0503	-0.000294658	-0.0319591
0.0504	-0.000297796	-0.0307969
0.0505	-0.000300818	-0.029631
0.0506	-0.000303722	-0.0284615
0.0507	-0.00030651	-0.0272887
0.0508	-0.00030918	-0.0261127
0.0509	-0.000311732	-0.0249337
0.051	-0.000314167	-0.0237518
0.0511	-0.000316483	-0.0225672
0.0512	-0.00031868	-0.0213802
0.0513	-0.000320758	-0.0201907
0.0514	-0.000322718	-0.0189992
0.0515	-0.000324558	-0.0178056
0.0516	-0.000326279	-0.0166102
0.0517	-0.00032788	-0.0154131
0.0518	-0.000329362	-0.0142145
0.0519	-0.000330723	-0.0130147
0.052	-0.000331965	-0.0118137
0.0521	-0.000333086	-0.0106117
0.0522	-0.000334087	-0.00940889
0.0523	-0.000334968	-0.00820548
0.0524	-0.000335728	-0.00700162
0.0525	-0.000336368	-0.00579748
0.0526	-0.000336887	-0.00459323
0.0527	-0.000337287	-0.00338905
0.0528	-0.000337565	-0.0021851
0.0529	-0.000337724	-0.000981569
0.053	-0.000337762	0.000221383
0.0531	-0.000337679	0.00142358
0.0532	-0.000337477	0.00262485
0.0533	-0.000337154	0.00382502
0.0534	-0.000336712	0.00502391
0.0535	-0.00033615	0.00622137
0.0536	-0.000335468	0.0074172
0.0537	-0.000334666	0.00861125
0.0538	-0.000333745	0.00980334
0.0539	-0.000332706	0.0109933
0.054	-0.000331547	0.012181
0.0541	-0.00033027	0.0133662
0.0542	-0.000328874	0.0145487
0.0543	-0.00032736	0.0157285
0.0544	-0.000325728	0.0169052
0.0545	-0.000323979	0.0180788
0.0546	-0.000322113	0.0192491
0.0547	-0.000320129	0.0204159
0.0548	-0.000318029	0.0215791
0.0549	-0.000315814	0.0227385
0.055	-0.000313482	0.0238938
0.0551	-0.000311035	0.025045
0.0552	-0.000308473	0.0261919
0.0553	-0.000305797	0.0273343
0.0554	-0.000303006	0.0284721
0.0555	-0.000300102	0.0296051
0.0556	-0.000297085	0.0307331
0.0557	-0.000293956	0.031856
0.0558	-0.000290714	0.0329735
0.0559	-0.000287361	0.0340857
0.056	-0.000283898	0.0351922
0.0561	-0.000280323	0.0362929
0.0562	-0.000276639	0.0373878
0.0563	-0.000272846	0.0384765
0.0564	-0.000268944	0.039559
0.0565	-0.000264934	0.0406351
0.0566	-0.000260817	0.0417046
0.0567	-0.000256594	0.0427675
0.0568	-0.000252264	0.0438235
0.0569	-0.000247829	0.0448725
0.057	-0.00024329	0.0459143
0.0571	-0.000238646	0.0469488
0.0572	-0.0002339	0.0479759
0.0573	-0.000229052	0.0489953
0.0574	-0.000224101	0.050007
0.0575	-0.00021905	0.0510109
0.0576	-0.000213899	0.0520067
0.0577	-0.000208649	0.0529943
0.0578	-0.000203301	0.0539736
0.0579	-0.000197855	0.0549444
0.058	-0.000192312	0.0559066
0.0581	-0.000186674	0.0568601
0.0582	-0.000180941	0.0578047
0.0583	-0.000175113	0.0587403
0.0584	-0.000169193	0.0596668
0.0585	-0.00016318	0.0605839
0.0586	-0.000157076	0.0614917
0.0587	-0.000150882	0.0623899
0.0588	-0.000144599	0.0632785
0.0589	-0.000138227	0.0641573
0.059	-0.000131768	0.0650261
0.0591	-0.000125222	0.0658849
0.0592	-0.000118591	0.0667336
0.0593	-0.000111876	0.0675719
0.0594	-0.000105077	0.0683999
0.0595	-9.8196e-005	0.0692173
0.0596	-9.12338e-005	0.070024
0.0597	-8.41915e-005	0.07082
0.0598	-7.70701e-005	0.0716052
0.0599	-6.98708e-005	0.0723793
0.06	-6.25947e-005	0.0731424
0.0601	-5.52427e-005	0.0738942
0.0602	-4.78162e-005	0.0746347
0.0603	-4.03162e-005	0.0753639
0.0604	-3.27438e-005	0.0760814
0.0605	-2.51003e-005	0.0767874
0.0606	-1.73867e-005	0.0774816
0.0607	-9.60433e-006	0.078164
0.0608	-1.7543e-006	0.0788345
0.0609	6.16217e-006	0.079493
0.061	1.41439e-005	0.0801393
0.0611	2.21896e-005	0.0807734
0.0612	3.02982e-005	0.0813953
0.0613	3.84683e-005	0.0820047
0.0614	4.66987e-005	0.0826017
0.0615	5.49882e-005	0.0831861
0.0616	6.33355e-005	0.0837579
0.0617	7.17394e-005	0.0843169
0.0618	8.01985e-005	0.0848632
0.0619	8.87116e-005	0.0853966
0.062	9.72773e-005	0.085917
0.0621	0.000105895	0.0864243
0.0622	0.000114562	0.0869186
0.0623	0.000123278	0.0873997
0.0624	0.000132041	0.0878675
0.0625	0.000140851	0.0883221
0.0626	0.000149705	0.0887632
0.0627	0.000158603	0.089191
0.0628	0.000167543	0.0896052
0.0629	0.000176524	0.0900059
0.063	0.000185544	0.0903929
0.0631	0.000194602	0.0907663
0.0632	0.000203697	0.0911259
0.0633	0.000212827	0.0914718
0.0634	0.00022199	0.0918039
0.0635	0.000231187	0.0921221
0.0636	0.000240414	0.0924263
0.0637	0.000249672	0.0927167
0.0638	0.000258957	0.092993
0.0639	0.00026827	0.0932552
0.064	0.000277608	0.0935034
0.0641	0.00028697	0.0937375
0.0642	0.000296355	0.0939575
0.0643	0.000305761	0.0941632
0.0644	0.000315187	0.0943548
0.0645	0.000324631	0.0945321
0.0646	0.000334093	0.0946952
0.0647	0.00034357	0.094844
0.0648	0.000353061	0.0949785
0.0649	0.000362565	0.0950986
0.065	0.000372081	0.0952045
0.0651	0.000381606	0.0952959
0.0652	0.000391139	0.0953731
0.0653	0.00040068	0.0954358
0.0654	0.000410226	0.0954842
0.0655	0.000419776	0.0955182
0.0656	0.000429329	0.0955378
0.0657	0.000438883	0.0955429
0.0658	0.000448437	0.0955337
0.0659	0.000457989	0.0955101
0.066	0.000467539	0.0954722
0.0661	0.000477083	0.0954198
0.0662	0.000486622	0.0953531
0.0663	0.000496154	0.095272
0.0664	0.000505676	0.0951765
0.0665	0.000515188	0.0950667
0.0666	0.000524689	0.0949426
0.0667	0.000534176	0.0948042
0.0668	0.000543649	0.0946515
0.0669	0.000553106	0.0944845
0.067	0.000562546	0.0943034
0.0671	0.000571966	0.094108
0.0672	0.000581367	0.0938984
0.0673	0.000590746	0.0936747
0.0674	0.000600101	0.0934368
0.0675	0.000609433	0.0931849
0.0676	0.000618738	0.0929189
0.0677	0.000628016	0.092639
0.0678	0.000637265	0.092345
0.0679	0.000646484	0.0920372
0.068	0.000655672	0.0917155
0.0681	0.000664827	0.0913799
0.0682	0.000673948	0.0910306
0.0683	0.000683033	0.0906675
0.0684	0.000692081	0.0902908
0.0685	0.00070109	0.0899004
0.0686	0.00071006	0.0894965
0.0687	0.000718989	0.089079
0.0688	0.000727876	0.0886482
0.0689	0.000736718	0.0882039
0.069	0.000745516	0.0877463
0.0691	0.000754267	0.0872755
0.0692	0.000762971	0.0867915
0.0693	0.000771625	0.0862944
0.0694	0.000780229	0.0857842
0.0695	0.000788782	0.0852611
0.0696	0.000797281	0.0847251
0.0697	0.000805726	0.0841763
0.0698	0.000814116	0.0836147
0.0699	0.000822449	0.0830405
0.07	0.000830723	0.0824537
0.0701	0.000838939	0.0818545
0.0702	0.000847094	0.0812428
0.0703	0.000855187	0.0806188
0.0704	0.000863217	0.0799827
0.0705	0.000871183	0.0793343
0.0706	0.000879084	0.078674
0.0707	0.000886918	0.0780017
0.0708	0.000894684	0.0773176
0.0709	0.000902381	0.0766218
0.071	0.000910008	0.0759143
0.0711	0.000917563	0.0751953
0.0712	0.000925046	0.0744648
0.0713	0.000932456	0.0737231
0.0714	0.000939791	0.0729701
0.0715	0.00094705	0.072206
0.0716	0.000954231	0.0714309
0.0717	0.000961335	0.0706449
0.0718	0.00096836	0.0698482
0.0719	0.000975305	0.0690407
0.072	0.000982168	0.0682228
0.0721	0.000988949	0.0673944
0.0722	0.000995646	0.0665558
0.0723	0.00100226	0.0657069
0.0724	0.00100879	0.064848
0.0725	0.00101523	0.0639792
0.0726	0.00102158	0.0631005
0.0727	0.00102785	0.0622122
0.0728	0.00103403	0.0613143
0.0729	0.00104011	0.060407
0.073	0.00104611	0.0594904
0.0731	0.00105201	0.0585647
0.0732	0.00105782	0.0576299
0.0733	0.00106353	0.0566862
0.0734	0.00106916	0.0557338
0.0735	0.00107468	0.0547728
0.0736	0.00108011	0.0538033
0.0737	0.00108544	0.0528254
0.0738	0.00109067	0.0518394
0.0739	0.00109581	0.0508453
0.074	0.00110084	0.0498433
0.0741	0.00110578	0.0488336
0.0742	0.00111061	0.0478162
0.0743	0.00111534	0.0467914
0.0744	0.00111997	0.0457592
0.0745	0.00112449	0.0447199
0.0746	0.00112891	0.0436735
0.0747	0.00113323	0.0426203
0.0748	0.00113744	0.0415604
0.0749	0.00114154	0.0404939
0.075	0.00114553	0.0394209
0.0751	0.00114942	0.0383418
0.0752	0.0011532	0.0372565
0.0753	0.00115687	0.0361653
0.0754	0.00116044	0.0350683
0.0755	0.00116389	0.0339656
0.0756	0.00116723	0.0328575
0.0757	0.00117046	0.0317441
0.0758	0.00117358	0.0306256
0.0759	0.00117658	0.029502
0.076	0.00117948	0.0283737
0.0761	0.00118226	0.0272407
0.0762	0.00118493	0.0261032
0.0763	0.00118748	0.0249613
0.0764	0.00118992	0.0238153
0.0765	0.00119224	0.0226653
0.0766	0.00119445	0.0215114
0.0767	0.00119654	0.0203539
0.0768	0.00119852	0.0191929
0.0769	0.00120038	0.0180286
0.077	0.00120213	0.0168611
0.0771	0.00120375	0.0156906
0.0772	0.00120526	0.0145172
0.0773	0.00120666	0.0133412
0.0774	0.00120793	0.0121628
0.0775	0.00120909	0.010982
0.0776	0.00121013	0.00979902
0.0777	0.00121105	0.00861411
0.0778	0.00121185	0.00742739
0.0779	0.00121254	0.00623903
0.078	0.0012131	0.00504922
0.0781	0.00121354	0.00385812
0.0782	0.00121387	0.0026659
0.0783	0.00121408	0.00147273
0.0784	0.00121417	0.000278795
0.0785	0.00121413	-0.000915742
0.0786	0.00121398	-0.00211071
0.0787	0.00121371	-0.00330592
0.0788	0.00121332	-0.00450123
0.0789	0.00121281	-0.00569644
0.079	0.00121218	-0.00689138
0.0791	0.00121143	-0.00808589
0.0792	0.00121056	-0.0092798
0.0793	0.00120958	-0.0104729
0.0794	0.00120847	-0.0116651
0.0795	0.00120724	-0.0128561
0.0796	0.0012059	-0.0140459
0.0797	0.00120444	-0.0152342
0.0798	0.00120285	-0.0164208
0.0799	0.00120115	-0.0176056
0.08	0.00119933	-0.0187884
0.0801	0.00119739	-0.0199691
0.0802	0.00119534	-0.0211475
0.0803	0.00119316	-0.0223233
0.0804	0.00119087	-0.0234965
0.0805	0.00118846	-0.0246669
0.0806	0.00118594	-0.0258343
0.0807	0.0011833	-0.0269984
0.0808	0.00118054	-0.0281593
0.0809	0.00117767	-0.0293166
0.081	0.00117468	-0.0304703
0.0811	0.00117157	-0.0316201
0.0812	0.00116835	-0.0327659
0.0813	0.00116502	-0.0339076
0.0814	0.00116157	-0.0350448
0.0815	0.00115801	-0.0361776
0.0816	0.00115434	-0.0373058
0.0817	0.00115055	-0.0384291
0.0818	0.00114665	-0.0395474
0.0819	0.00114264	-0.0406605
0.082	0.00113852	-0.0417684
0.0821	0.00113429	-0.0428707
0.0822	0.00112994	-0.0439674
0.0823	0.00112549	-0.0450584
0.0824	0.00112093	-0.0461434
0.0825	0.00111626	-0.0472222
0.0826	0.00111149	-0.0482948
0.0827	0.00110661	-0.049361
0.0828	0.00110162	-0.0504207
0.0829	0.00109652	-0.0514736
0.083	0.00109132	-0.0525196
0.0831	0.00108602	-0.0535586
0.0832	0.00108061	-0.0545904
0.0833	0.0010751	-0.0556149
0.0834	0.00106949	-0.0566319
0.0835	0.00106377	-0.0576413
0.0836	0.00105796	-0.0586429
0.0837	0.00105205	-0.0596366
0.0838	0.00104603	-0.0606223
0.0839	0.00103992	-0.0615997
0.084	0.00103371	-0.0625688
0.0841	0.00102741	-0.0635295
0.0842	0.00102101	-0.0644815
0.0843	0.00101451	-0.0654247
0.0844	0.00100792	-0.0663591
0.0845	0.00100124	-0.0672844
0.0846	0.000994467	-0.0682006
0.0847	0.000987601	-0.0691074
0.0848	0.000980646	-0.0700049
0.0849	0.000973601	-0.0708928
0.085	0.000966467	-0.071771
0.0851	0.000959247	-0.0726394
0.0852	0.00095194	-0.0734978
0.0853	0.000944548	-0.0743462
0.0854	0.000937071	-0.0751844
0.0855	0.000929511	-0.0760124
0.0856	0.000921869	-0.0768298
0.0857	0.000914145	-0.0776368
0.0858	0.000906342	-0.0784331
0.0859	0.000898459	-0.0792186
0.086	0.000890498	-0.0799932
0.0861	0.000882461	-0.0807568
0.0862	0.000874347	-0.0815093
0.0863	0.000866159	-0.0822506
0.0864	0.000857898	-0.0829806
0.0865	0.000849564	-0.0836991
0.0866	0.000841158	-0.0844061
0.0867	0.000832683	-0.0851014
0.0868	0.000824138	-0.085785
0.0869	0.000815526	-0.0864568
0.087	0.000806847	-0.0871167
0.0871	0.000798103	-0.0877645
0.0872	0.000789295	-0.0884001
0.0873	0.000780424	-0.0890236
0.0874	0.000771491	-0.0896348
0.0875	0.000762497	-0.0902335
0.0876	0.000753444	-0.0908198
0.0877	0.000744334	-0.0913935
0.0878	0.000735166	-0.0919546
0.0879	0.000725943	-0.0925029
0.088	0.000716666	-0.0930384
0.0881	0.000707336	-0.093561
0.0882	0.000697954	-0.0940707
0.0883	0.000688522	-0.0945673
0.0884	0.000679041	-0.0950508
0.0885	0.000669512	-0.0955211
0.0886	0.000659937	-0.0959782
0.0887	0.000650317	-0.096422
0.0888	0.000640653	-0.0968524
0.0889	0.000630947	-0.0972693
0.089	0.0006212	-0.0976727
0.0891	0.000611413	-0.0980626
0.0892	0.000601588	-0.0984389
0.0893	0.000591726	-0.0988015
0.0894	0.000581828	-0.0991503
0.0895	0.000571896	-0.0994854
0.0896	0.000561931	-0.0998067
0.0897	0.000551935	-0.100114
0.0898	0.000541909	-0.100408
0.0899	0.000531854	-0.100687
0.09	0.000521772	-0.100953
0.0901	0.000511664	-0.101204
0.0902	0.000501532	-0.101441
0.0903	0.000491376	-0.101665
0.0904	0.000481199	-0.101874
0.0905	0.000471002	-0.102069
0.0906	0.000460786	-0.10225
0.0907	0.000450553	-0.102416
0.0908	0.000440303	-0.102568
0.0909	0.000430039	-0.102706
0.091	0.000419763	-0.10283
0.0911	0.000409474	-0.102939
0.0912	0.000399175	-0.103035
0.0913	0.000388867	-0.103115
0.0914	0.000378553	-0.103182
0.0915	0.000368232	-0.103234
0.0916	0.000357906	-0.103271
0.0917	0.000347578	-0.103294
0.0918	0.000337248	-0.103303
0.0919	0.000326918	-0.103298
0.092	0.000316589	-0.103278
0.0921	0.000306263	-0.103244
0.0922	0.000295941	-0.103195
0.0923	0.000285624	-0.103132
0.0924	0.000275315	-0.103054
0.0925	0.000265014	-0.102963
0.0926	0.000254723	-0.102857
0.0927	0.000244443	-0.102736
0.0928	0.000234176	-0.102601
0.0929	0.000223923	-0.102452
0.093	0.000213686	-0.102289
0.0931	0.000203466	-0.102111
0.0932	0.000193264	-0.10192
0.0933	0.000183082	-0.101714
0.0934	0.000172922	-0.101494
0.0935	0.000162784	-0.101259
0.0936	0.00015267	-0.101011
0.0937	0.000142582	-0.100748
0.0938	0.000132521	-0.100472
0.0939	0.000122488	-0.100182
0.094	0.000112485	-0.0998771
0.0941	0.000102514	-0.0995588
0.0942	9.25741e-005	-0.0992267
0.0943	8.26686e-005	-0.0988807
0.0944	7.27984e-005	-0.0985209
0.0945	6.29649e-005	-0.0981475
0.0946	5.31694e-005	-0.0977604
0.0947	4.34133e-005	-0.0973597
0.0948	3.36979e-005	-0.0969454
0.0949	2.40246e-005	-0.0965177
0.095	1.43948e-005	-0.0960765
0.0951	4.80978e-006	-0.095622
0.0952	-4.72914e-006	-0.0951542
0.0953	-1.42206e-005	-0.0946731
0.0954	-2.36633e-005	-0.0941789
0.0955	-3.3056e-005	-0.0936716
0.0956	-4.23972e-005	-0.0931513
0.0957	-5.16858e-005	-0.0926181
0.0958	-6.09204e-005	-0.0920719
0.0959	-7.00998e-005	-0.091513
0.096	-7.92226e-005	-0.0909414
0.0961	-8.82876e-005	-0.0903571
0.0962	-9.72936e-005	-0.0897603
0.0963	-0.000106239	-0.0891511
0.0964	-0.000115123	-0.0885295
0.0965	-0.000123945	-0.0878956
0.0966	-0.000132702	-0.0872495
0.0967	-0.000141394	-0.0865913
0.0968	-0.00015002	-0.0859211
0.0969	-0.000158578	-0.085239
0.097	-0.000167067	-0.0845451
0.0971	-0.000175487	-0.0838394
0.0972	-0.000183835	-0.0831222
0.0973	-0.000192111	-0.0823935
0.0974	-0.000200313	-0.0816533
0.0975	-0.000208441	-0.0809019
0.0976	-0.000216493	-0.0801392
0.0977	-0.000224468	-0.0793655
0.0978	-0.000232366	-0.0785809
0.0979	-0.000240184	-0.0777853
0.098	-0.000247923	-0.0769791
0.0981	-0.00025558	-0.0761622
0.0982	-0.000263155	-0.0753348
0.0983	-0.000270646	-0.074497
0.0984	-0.000278054	-0.0736489
0.0985	-0.000285376	-0.0727907
0.0986	-0.000292612	-0.0719225
0.0987	-0.00029976	-0.0710443
0.0988	-0.00030682	-0.0701564
0.0989	-0.000313791	-0.0692589
0.099	-0.000320672	-0.0683518
0.0991	-0.000327461	-0.0674353
0.0992	-0.000334158	-0.0665096
0.0993	-0.000340763	-0.0655748
0.0994	-0.000347273	-0.0646309
0.0995	-0.000353688	-0.0636782
0.0996	-0.000360008	-0.0627168
0.0997	-0.000366232	-0.0617468
0.0998	-0.000372357	-0.0607684
0.0999	-0.000378385	-0.0597817
0.1	-0.000384313	-0.0587868
0.1001	-0.000390142	-0.0577839
0.1002	-0.00039587	-0.0567732
0.1003	-0.000401496	-0.0557547
0.1004	-0.000407021	-0.0547286
0.1005	-0.000412442	-0.0536951
0.1006	-0.000417759	-0.0526543
0.1007	-0.000422973	-0.0516064
0.1008	-0.00042808	-0.0505515
0.1009	-0.000433083	-0.0494897
0.101	-0.000437978	-0.0484213
0.1011	-0.000442767	-0.0473463
0.1012	-0.000447447	-0.046265
0.1013	-0.000452019	-0.0451775
0.1014	-0.000456483	-0.0440839
0.1015	-0.000460836	-0.0429844
0.1016	-0.000465079	-0.0418791
0.1017	-0.000469212	-0.0407683
0.1018	-0.000473233	-0.039652
0.1019	-0.000477142	-0.0385305
0.102	-0.000480939	-0.0374038
0.1021	-0.000484622	-0.0362722
0.1022	-0.000488193	-0.0351359
0.1023	-0.00049165	-0.0339949
0.1024	-0.000494992	-0.0328494
0.1025	-0.000498219	-0.0316997
0.1026	-0.000501332	-0.0305458
0.1027	-0.000504328	-0.029388
0.1028	-0.000507209	-0.0282264
0.1029	-0.000509973	-0.0270612
0.103	-0.000512621	-0.0258925
0.1031	-0.000515152	-0.0247205
0.1032	-0.000517565	-0.0235453
0.1033	-0.000519861	-0.0223673
0.1034	-0.000522039	-0.0211864
0.1035	-0.000524098	-0.0200029
0.1036	-0.000526039	-0.018817
0.1037	-0.000527861	-0.0176288
0.1038	-0.000529565	-0.0164385
0.1039	-0.000531149	-0.0152463
0.104	-0.000532614	-0.0140523
0.1041	-0.000533959	-0.0128567
0.1042	-0.000535185	-0.0116597
0.1043	-0.000536291	-0.0104614
0.1044	-0.000537277	-0.0092621
0.1045	-0.000538144	-0.00806187
0.1046	-0.00053889	-0.0068609
0.1047	-0.000539516	-0.00565938
0.1048	-0.000540022	-0.00445747
0.1049	-0.000540407	-0.00325534
0.105	-0.000540673	-0.00205318
0.1051	-0.000540818	-0.00085115
0.1052	-0.000540843	0.000350577
0.1053	-0.000540748	0.00155183
0.1054	-0.000540533	0.00275243
0.1055	-0.000540197	0.0039522
0.1056	-0.000539742	0.00515098
0.1057	-0.000539167	0.0063486
0.1058	-0.000538473	0.00754487
0.1059	-0.000537658	0.00873964
0.106	-0.000536725	0.00993272
0.1061	-0.000535672	0.0111239
0.1062	-0.0005345	0.0123132
0.1063	-0.000533209	0.0135002
0.1064	-0.0005318	0.0146848
0.1065	-0.000530272	0.0158669
0.1066	-0.000528627	0.0170463
0.1067	-0.000526863	0.0182228
0.1068	-0.000524982	0.0193963
0.1069	-0.000522984	0.0205666
0.107	-0.000520869	0.0217335
0.1071	-0.000518637	0.0228968
0.1072	-0.00051629	0.0240564
0.1073	-0.000513826	0.0252121
0.1074	-0.000511248	0.0263638
0.1075	-0.000508554	0.0275113
0.1076	-0.000505745	0.0286544
0.1077	-0.000502823	0.029793
0.1078	-0.000499787	0.0309268
0.1079	-0.000496638	0.0320558
0.108	-0.000493376	0.0331797
0.1081	-0.000490002	0.0342985
0.1082	-0.000486516	0.0354119
0.1083	-0.00048292	0.0365198
0.1084	-0.000479213	0.037622
0.1085	-0.000475396	0.0387184
0.1086	-0.000471469	0.0398087
0.1087	-0.000467434	0.040893
0.1088	-0.000463291	0.0419709
0.1089	-0.00045904	0.0430424
0.109	-0.000454683	0.0441073
0.1091	-0.000450219	0.0451654
0.1092	-0.00044565	0.0462166
0.1093	-0.000440976	0.0472608
0.1094	-0.000436198	0.0482977
0.1095	-0.000431316	0.0493273
0.1096	-0.000426333	0.0503493
0.1097	-0.000421247	0.0513637
0.1098	-0.00041606	0.0523703
0.1099	-0.000410773	0.0533689
0.11	-0.000405387	0.0543595
0.1101	-0.000399901	0.0553418
0.1102	-0.000394319	0.0563157
0.1103	-0.000388639	0.0572811
0.1104	-0.000382863	0.0582379
0.1105	-0.000376991	0.0591859
0.1106	-0.000371026	0.0601249
0.1107	-0.000364967	0.0610549
0.1108	-0.000358815	0.0619757
0.1109	-0.000352572	0.0628872
0.111	-0.000346238	0.0637892
0.1111	-0.000339814	0.0646816
0.1112	-0.000333302	0.0655643
0.1113	-0.000326702	0.0664371
0.1114	-0.000320015	0.0673
0.1115	-0.000313242	0.0681528
0.1116	-0.000306385	0.0689954
0.1117	-0.000299443	0.0698276
0.1118	-0.000292419	0.0706494
0.1119	-0.000285314	0.0714606
0.112	-0.000278128	0.0722612
0.1121	-0.000270862	0.0730509
0.1122	-0.000263518	0.0738297
0.1123	-0.000256096	0.0745975
0.1124	-0.000248599	0.0753541
0.1125	-0.000241026	0.0760995
0.1126	-0.000233379	0.0768335
0.1127	-0.00022566	0.0775561
0.1128	-0.000217868	0.0782671
0.1129	-0.000210007	0.0789665
0.113	-0.000202075	0.079654
0.1131	-0.000194076	0.0803298
0.1132	-0.00018601	0.0809935
0.1133	-0.000177878	0.0816452
0.1134	-0.000169681	0.0822848
0.1135	-0.000161421	0.0829121
0.1136	-0.000153099	0.083527
0.1137	-0.000144716	0.0841296
0.1138	-0.000136274	0.0847196
0.1139	-0.000127773	0.0852971
0.114	-0.000119215	0.0858619
0.1141	-0.000110601	0.0864139
0.1142	-0.000101932	0.0869531
0.1143	-9.32107e-005	0.0874794
0.1144	-8.4437e-005	0.0879927
0.1145	-7.56126e-005	0.0884929
0.1146	-6.67388e-005	0.08898
0.1147	-5.7817e-005	0.0894539
0.1148	-4.88485e-005	0.0899145
0.1149	-3.98346e-005	0.0903618
0.115	-3.07766e-005	0.0907957
0.1151	-2.16759e-005	0.0912162
0.1152	-1.25338e-005	0.0916231
0.1153	-3.3517e-006	0.0920164
0.1154	5.86904e-006	0.0923961
0.1155	1.51271e-005	0.0927621
0.1156	2.4421e-005	0.0931144
0.1157	3.37495e-005	0.0934529
0.1158	4.31111e-005	0.0937775
0.1159	5.25045e-005	0.0940882
0.116	6.19283e-005	0.0943851
0.1161	7.13811e-005	0.0946679
0.1162	8.08614e-005	0.0949367
0.1163	9.0368e-005	0.0951915
0.1164	9.98993e-005	0.0954322
0.1165	0.000109454	0.0956588
0.1166	0.000119031	0.0958712
0.1167	0.000128628	0.0960694
0.1168	0.000138244	0.0962534
0.1169	0.000147878	0.0964231
0.117	0.000157528	0.0965786
0.1171	0.000167193	0.0967199
0.1172	0.000176872	0.0968468
0.1173	0.000186562	0.0969594
0.1174	0.000196263	0.0970576
0.1175	0.000205973	0.0971415
0.1176	0.000215691	0.097211
0.1177	0.000225415	0.0972662
0.1178	0.000235144	0.0973069
0.1179	0.000244876	0.0973333
0.118	0.00025461	0.0973453
0.1181	0.000264344	0.0973429
0.1182	0.000274078	0.0973261
0.1183	0.000283809	0.0972949
0.1184	0.000293536	0.0972494
0.1185	0.000303258	0.0971894
0.1186	0.000312974	0.0971151
0.1187	0.000322681	0.0970264
0.1188	0.000332379	0.0969234
0.1189	0.000342065	0.0968061
0.119	0.000351739	0.0966744
0.1191	0.0003614	0.0965285
0.1192	0.000371045	0.0963682
0.1193	0.000380673	0.0961938
0.1194	0.000390283	0.0960051
0.1195	0.000399873	0.0958022
0.1196	0.000409443	0.0955851
0.1197	0.00041899	0.095354
0.1198	0.000428513	0.0951087
0.1199	0.000438011	0.0948493
0.12	0.000447482	0.094576
0.1201	0.000456926	0.0942886
0.1202	0.00046634	0.0939873
0.1203	0.000475723	0.0936721
0.1204	0.000485074	0.093343
0.1205	0.000494391	0.0930002
0.1206	0.000503673	0.0926435
0.1207	0.000512919	0.0922732
0.1208	0.000522127	0.0918892
0.1209	0.000531297	0.0914916
0.121	0.000540425	0.0910805
0.1211	0.000549512	0.0906559
0.1212	0.000558556	0.0902179
0.1213	0.000567555	0.0897665
0.1214	0.000576509	0.0893019
0.1215	0.000585415	0.088824
0.1216	0.000594273	0.088333
0.1217	0.000603081	0.0878288
0.1218	0.000611839	0.0873117
0.1219	0.000620543	0.0867817
0.122	0.000629195	0.0862387
0.1221	0.000637791	0.085683
0.1222	0.000646331	0.0851146
0.1223	0.000654813	0.0845336
0.1224	0.000663237	0.0839401
0.1225	0.000671601	0.0833341
0.1226	0.000679903	0.0827158
0.1227	0.000688144	0.0820851
0.1228	0.00069632	0.0814424
0.1229	0.000704432	0.0807875
0.123	0.000712477	0.0801206
0.1231	0.000720455	0.0794418
0.1232	0.000728365	0.0787513
0.1233	0.000736205	0.078049
0.1234	0.000743975	0.0773352
0.1235	0.000751672	0.0766098
0.1236	0.000759296	0.0758731
0.1237	0.000766846	0.0751251
0.1238	0.000774321	0.0743659
0.1239	0.000781719	0.0735957
0.124	0.00078904	0.0728145
0.1241	0.000796281	0.0720225
0.1242	0.000803444	0.0712197
0.1243	0.000810525	0.0704064
0.1244	0.000817525	0.0695825
0.1245	0.000824441	0.0687483
0.1246	0.000831274	0.0679038
0.1247	0.000838022	0.0670492
0.1248	0.000844683	0.0661846
0.1249	0.000851258	0.0653101
0.125	0.000857745	0.0644258
0.1251	0.000864143	0.063532
0.1252	0.000870451	0.0626286
0.1253	0.000876669	0.0617159
0.1254	0.000882794	0.0607939
0.1255	0.000888827	0.0598628
0.1256	0.000894766	0.0589228
0.1257	0.000900611	0.0579739
0.1258	0.000906361	0.0570163
0.1259	0.000912014	0.0560502
0.126	0.000917571	0.0550757
0.1261	0.000923029	0.0540928
0.1262	0.000928389	0.0531019
0.1263	0.000933649	0.0521029
0.1264	0.000938809	0.0510961
0.1265	0.000943868	0.0500816
0.1266	0.000948825	0.0490596
0.1267	0.00095368	0.0480301
0.1268	0.000958431	0.0469934
0.1269	0.000963078	0.0459496
0.127	0.000967621	0.0448988
0.1271	0.000972058	0.0438412
0.1272	0.000976389	0.0427769
0.1273	0.000980613	0.0417061
0.1274	0.00098473	0.040629
0.1275	0.000988739	0.0395457
0.1276	0.000992639	0.0384564
0.1277	0.00099643	0.0373612
0.1278	0.00100011	0.0362603
0.1279	0.00100368	0.0351538
0.128	0.00100714	0.0340419
0.1281	0.00101049	0.0329247
0.1282	0.00101373	0.0318025
0.1283	0.00101685	0.0306754
0.1284	0.00101986	0.0295435
0.1285	0.00102276	0.028407
0.1286	0.00102554	0.0272661
0.1287	0.00102821	0.0261209
0.1288	0.00103077	0.0249717
0.1289	0.00103321	0.0238185
0.129	0.00103553	0.0226615
0.1291	0.00103774	0.0215009
0.1292	0.00103983	0.0203369
0.1293	0.00104181	0.0191697
0.1294	0.00104366	0.0179993
0.1295	0.00104541	0.016826
0.1296	0.00104703	0.01565
0.1297	0.00104854	0.0144714
0.1298	0.00104992	0.0132903
0.1299	0.00105119	0.012107
0.13	0.00105234	0.0109217
0.1301	0.00105338	0.00973438
0.1302	0.00105429	0.00854537
0.1303	0.00105509	0.0073548
0.1304	0.00105576	0.00616284
0.1305	0.00105632	0.00496967
0.1306	0.00105676	0.00377544
0.1307	0.00105707	0.00258034
0.1308	0.00105727	0.00138454
0.1309	0.00105735	0.000188213
0.131	0.00105731	-0.00100847
0.1311	0.00105715	-0.00220534
0.1312	0.00105687	-0.00340222
0.1313	0.00105647	-0.00459894
0.1314	0.00105595	-0.00579533
0.1315	0.00105531	-0.00699121
0.1316	0.00105455	-0.00818641
0.1317	0.00105367	-0.00938075
0.1318	0.00105267	-0.0105741
0.1319	0.00105156	-0.0117662
0.132	0.00105032	-0.012957
0.1321	0.00104897	-0.0141462
0.1322	0.00104749	-0.0153337
0.1323	0.0010459	-0.0165193
0.1324	0.00104419	-0.0177029
0.1325	0.00104236	-0.0188842
0.1326	0.00104041	-0.0200632
0.1327	0.00103835	-0.0212396
0.1328	0.00103616	-0.0224132
0.1329	0.00103386	-0.023584
0.133	0.00103145	-0.0247516
0.1331	0.00102891	-0.0259161
0.1332	0.00102626	-0.0270771
0.1333	0.0010235	-0.0282345
0.1334	0.00102062	-0.0293882
0.1335	0.00101762	-0.030538
0.1336	0.00101451	-0.0316837
0.1337	0.00101128	-0.0328252
0.1338	0.00100794	-0.0339623
0.1339	0.00100449	-0.0350947
0.134	0.00100093	-0.0362225
0.1341	0.000997248	-0.0373454
0.1342	0.000993457	-0.0384632
0.1343	0.000989555	-0.0395758
0.1344	0.000985542	-0.040683
0.1345	0.000981419	-0.0417846
0.1346	0.000977186	-0.0428806
0.1347	0.000972843	-0.0439707
0.1348	0.000968392	-0.0450548
0.1349	0.000963832	-0.0461327
0.135	0.000959165	-0.0472043
0.1351	0.000954391	-0.0482694
0.1352	0.000949512	-0.0493279
0.1353	0.000944526	-0.0503796
0.1354	0.000939436	-0.0514243
0.1355	0.000934242	-0.052462
0.1356	0.000928944	-0.0534924
0.1357	0.000923543	-0.0545154
0.1358	0.000918041	-0.0555309
0.1359	0.000912437	-0.0565387
0.136	0.000906733	-0.0575387
0.1361	0.00090093	-0.0585307
0.1362	0.000895028	-0.0595146
0.1363	0.000889027	-0.0604903
0.1364	0.00088293	-0.0614575
0.1365	0.000876736	-0.0624162
0.1366	0.000870447	-0.0633662
0.1367	0.000864063	-0.0643074
0.1368	0.000857586	-0.0652397
0.1369	0.000851015	-0.0661629
0.137	0.000844353	-0.0670768
0.1371	0.0008376	-0.0679814
0.1372	0.000830757	-0.0688766
0.1373	0.000823825	-0.0697621
0.1374	0.000816805	-0.0706379
0.1375	0.000809698	-0.0715038
0.1376	0.000802505	-0.0723597
0.1377	0.000795227	-0.0732055
0.1378	0.000787864	-0.0740411
0.1379	0.000780419	-0.0748663
0.138	0.000772891	-0.0756811
0.1381	0.000765283	-0.0764853
0.1382	0.000757595	-0.0772787
0.1383	0.000749827	-0.0780614
0.1384	0.000741983	-0.0788331
0.1385	0.000734061	-0.0795937
0.1386	0.000726064	-0.0803432
0.1387	0.000717993	-0.0810815
0.1388	0.000709848	-0.0818083
0.1389	0.000701632	-0.0825237
0.139	0.000693344	-0.0832275
0.1391	0.000684987	-0.0839196
0.1392	0.00067656	-0.0846
0.1393	0.000668067	-0.0852685
0.1394	0.000659507	-0.0859249
0.1395	0.000650882	-0.0865694
0.1396	0.000642194	-0.0872016
0.1397	0.000633442	-0.0878216
0.1398	0.00062463	-0.0884293
0.1399	0.000615757	-0.0890245
0.14	0.000606825	-0.0896072
0.1401	0.000597836	-0.0901773
0.1402	0.00058879	-0.0907347
0.1403	0.000579689	-0.0912794
0.1404	0.000570535	-0.0918112
0.1405	0.000561328	-0.0923301
0.1406	0.000552069	-0.0928359
0.1407	0.000542761	-0.0933288
0.1408	0.000533404	-0.0938084
0.1409	0.000524	-0.0942749
0.141	0.000514549	-0.0947281
0.1411	0.000505054	-0.0951679
0.1412	0.000495516	-0.0955944
0.1413	0.000485936	-0.0960074
0.1414	0.000476315	-0.0964068
0.1415	0.000466655	-0.0967927
0.1416	0.000456957	-0.0971649
0.1417	0.000447223	-0.0975234
0.1418	0.000437453	-0.0978682
0.1419	0.000427649	-0.0981991
0.142	0.000417814	-0.0985163
0.1421	0.000407947	-0.0988195
0.1422	0.00039805	-0.0991088
0.1423	0.000388125	-0.0993841
0.1424	0.000378174	-0.0996454
0.1425	0.000368197	-0.0998927
0.1426	0.000358196	-0.100126
0.1427	0.000348172	-0.100345
0.1428	0.000338127	-0.10055
0.1429	0.000328063	-0.10074
0.143	0.00031798	-0.100917
0.1431	0.00030788	-0.101079
0.1432	0.000297764	-0.101227
0.1433	0.000287635	-0.101361
0.1434	0.000277493	-0.10148
0.1435	0.000267339	-0.101585
0.1436	0.000257176	-0.101676
0.1437	0.000247004	-0.101752
0.1438	0.000236826	-0.101814
0.1439	0.000226642	-0.101862
0.144	0.000216454	-0.101895
0.1441	0.000206264	-0.101914
0.1442	0.000196072	-0.101919
0.1443	0.00018588	-0.101909
0.1444	0.000175691	-0.101884
0.1445	0.000165504	-0.101846
0.1446	0.000155322	-0.101793
0.1447	0.000145146	-0.101725
0.1448	0.000134977	-0.101643
0.1449	0.000124818	-0.101547
0.145	0.000114668	-0.101437
0.1451	0.000104531	-0.101312
0.1452	9.44064e-005	-0.101173
0.1453	8.42967e-005	-0.101019
0.1454	7.4203e-005	-0.100852
0.1455	6.41268e-005	-0.10067
0.1456	5.40695e-005	-0.100474
0.1457	4.40325e-005	-0.100264
0.1458	3.40173e-005	-0.100039
0.1459	2.40252e-005	-0.0998006
0.146	1.40576e-005	-0.0995479
0.1461	4.11606e-006	-0.0992812
0.1462	-5.79814e-006	-0.0990005
0.1463	-1.56836e-005	-0.0987058
0.1464	-2.55388e-005	-0.0983972
0.1465	-3.53625e-005	-0.0980747
0.1466	-4.51533e-005	-0.0977384
0.1467	-5.49098e-005	-0.0973882
0.1468	-6.46305e-005	-0.0970243
0.1469	-7.43142e-005	-0.0966468
0.147	-8.39594e-005	-0.0962556
0.1471	-9.35648e-005	-0.0958508
0.1472	-0.000103129	-0.0954325
0.1473	-0.000112651	-0.0950007
0.1474	-0.000122129	-0.0945555
0.1475	-0.000131562	-0.094097
0.1476	-0.000140948	-0.0936252
0.1477	-0.000150286	-0.0931402
0.1478	-0.000159575	-0.0926421
0.1479	-0.000168814	-0.0921309
0.148	-0.000178001	-0.0916067
0.1481	-0.000187135	-0.0910697
0.1482	-0.000196215	-0.0905197
0.1483	-0.000205239	-0.089957
0.1484	-0.000214206	-0.0893817
0.1485	-0.000223114	-0.0887937
0.1486	-0.000231964	-0.0881933
0.1487	-0.000240753	-0.0875804
0.1488	-0.00024948	-0.0869552
0.1489	-0.000258143	-0.0863177
0.149	-0.000266743	-0.0856681
0.1491	-0.000275277	-0.0850064
0.1492	-0.000283744	-0.0843327
0.1493	-0.000292143	-0.0836472
0.1494	-0.000300473	-0.0829499
0.1495	-0.000308732	-0.0822409
0.1496	-0.00031692	-0.0815204
0.1497	-0.000325036	-0.0807884
0.1498	-0.000333078	-0.080045
0.1499	-0.000341045	-0.0792904
0.15	-0.000348935	-0.0785246
0.1501	-0.000356749	-0.0777478
0.1502	-0.000364485	-0.0769601
0.1503	-0.000372141	-0.0761616
0.1504	-0.000379717	-0.0753523
0.1505	-0.000387211	-0.0745325
0.1506	-0.000394623	-0.0737022
0.1507	-0.000401951	-0.0728616
0.1508	-0.000409195	-0.0720108
0.1509	-0.000416353	-0.0711498
0.151	-0.000423424	-0.0702789
0.1511	-0.000430408	-0.0693981
0.1512	-0.000437304	-0.0685077
0.1513	-0.00044411	-0.0676076
0.1514	-0.000450825	-0.066698
0.1515	-0.000457449	-0.0657791
0.1516	-0.00046398	-0.064851
0.1517	-0.000470419	-0.0639138
0.1518	-0.000476763	-0.0629677
0.1519	-0.000483012	-0.0620128
0.152	-0.000489165	-0.0610493
0.1521	-0.000495222	-0.0600772
0.1522	-0.00050118	-0.0590967
0.1523	-0.000507041	-0.058108
0.1524	-0.000512802	-0.0571111
0.1525	-0.000518463	-0.0561064
0.1526	-0.000524023	-0.0550938
0.1527	-0.000529481	-0.0540735
0.1528	-0.000534837	-0.0530457
0.1529	-0.00054009	-0.0520105
0.153	-0.000545239	-0.0509681
0.1531	-0.000550283	-0.0499187
0.1532	-0.000555222	-0.0488623
0.1533	-0.000560056	-0.0477991
0.1534	-0.000564782	-0.0467293
0.1535	-0.000569401	-0.0456531
0.1536	-0.000573912	-0.0445705
0.1537	-0.000578315	-0.0434818
0.1538	-0.000582609	-0.0423871
0.1539	-0.000586792	-0.0412865
0.154	-0.000590866	-0.0401803
0.1541	-0.000594828	-0.0390685
0.1542	-0.000598679	-0.0379514
0.1543	-0.000602418	-0.036829
0.1544	-0.000606045	-0.0357016
0.1545	-0.000609558	-0.0345694
0.1546	-0.000612959	-0.0334324
0.1547	-0.000616245	-0.0322908
0.1548	-0.000619417	-0.0311449
0.1549	-0.000622474	-0.0299948
0.155	-0.000625415	-0.0288405
0.1551	-0.000628242	-0.0276824
0.1552	-0.000630952	-0.0265206
0.1553	-0.000633546	-0.0253552
0.1554	-0.000636023	-0.0241864
0.1555	-0.000638383	-0.0230144
0.1556	-0.000640625	-0.0218393
0.1557	-0.000642751	-0.0206613
0.1558	-0.000644758	-0.0194807
0.1559	-0.000646647	-0.0182974
0.156	-0.000648417	-0.0171118
0.1561	-0.000650069	-0.015924
0.1562	-0.000651602	-0.0147341
0.1563	-0.000653016	-0.0135424
0.1564	-0.00065431	-0.012349
0.1565	-0.000655485	-0.011154
0.1566	-0.000656541	-0.00995775
0.1567	-0.000657477	-0.00876027
0.1568	-0.000658293	-0.00756179
0.1569	-0.000658989	-0.00636247
0.157	-0.000659565	-0.00516249
0.1571	-0.000660022	-0.00396202
0.1572	-0.000660358	-0.00276123
0.1573	-0.000660574	-0.00156029
0.1574	-0.00066067	-0.000359387
0.1575	-0.000660646	0.000841319
0.1576	-0.000660502	0.00204165
0.1577	-0.000660238	0.00324144
0.1578	-0.000659853	0.00444051
0.1579	-0.000659349	0.00563869
0.158	-0.000658726	0.00683581
0.1581	-0.000657982	0.00803169
0.1582	-0.000657119	0.00922617
0.1583	-0.000656137	0.0104191
0.1584	-0.000655036	0.0116102
0.1585	-0.000653815	0.0127994
0.1586	-0.000652476	0.0139866
0.1587	-0.000651018	0.0151714
0.1588	-0.000649442	0.0163539
0.1589	-0.000647747	0.0175337
0.159	-0.000645935	0.0187108
0.1591	-0.000644005	0.0198849
0.1592	-0.000641958	0.0210559
0.1593	-0.000639794	0.0222236
0.1594	-0.000637514	0.0233879
0.1595	-0.000635117	0.0245486
0.1596	-0.000632604	0.0257055
0.1597	-0.000629976	0.0268584
0.1598	-0.000627232	0.0280072
0.1599	-0.000624374	0.0291518
0.16	-0.000621402	0.0302919
0.1601	-0.000618316	0.0314273
0.1602	-0.000615117	0.0325581
0.1603	-0.000611805	0.0336839
0.1604	-0.00060838	0.0348045
0.1605	-0.000604844	0.03592
0.1606	-0.000601196	0.03703
0.1607	-0.000597438	0.0381344
0.1608	-0.00059357	0.0392332
0.1609	-0.000589592	0.040326
0.161	-0.000585505	0.0414127
0.1611	-0.000581309	0.0424933
0.1612	-0.000577006	0.0435675
0.1613	-0.000572596	0.0446352
0.1614	-0.00056808	0.0456962
0.1615	-0.000563457	0.0467504
0.1616	-0.00055873	0.0477976
0.1617	-0.000553898	0.0488377
0.1618	-0.000548962	0.0498705
0.1619	-0.000543924	0.0508959
0.162	-0.000538783	0.0519137
0.1621	-0.000533542	0.0529238
0.1622	-0.000528199	0.0539261
0.1623	-0.000522757	0.0549203
0.1624	-0.000517215	0.0559064
0.1625	-0.000511576	0.0568842
0.1626	-0.000505839	0.0578536
0.1627	-0.000500005	0.0588144
0.1628	-0.000494076	0.0597665
0.1629	-0.000488052	0.0607097
0.163	-0.000481934	0.061644
0.1631	-0.000475724	0.0625692
0.1632	-0.000469421	0.0634851
0.1633	-0.000463027	0.0643916
0.1634	-0.000456543	0.0652886
0.1635	-0.00044997	0.066176
0.1636	-0.000443308	0.0670536
0.1637	-0.000436559	0.0679213
0.1638	-0.000429724	0.068779
0.1639	-0.000422804	0.0696266
0.164	-0.000415799	0.0704639
0.1641	-0.000408711	0.0712908
0.1642	-0.000401541	0.0721072
0.1643	-0.00039429	0.072913
0.1644	-0.000386959	0.0737081
0.1645	-0.000379549	0.0744923
0.1646	-0.000372061	0.0752656
0.1647	-0.000364496	0.0760278
0.1648	-0.000356856	0.0767788
0.1649	-0.000349141	0.0775185
0.165	-0.000341352	0.0782468
0.1651	-0.000333492	0.0789636
0.1652	-0.00032556	0.0796688
0.1653	-0.000317558	0.0803623
0.1654	-0.000309488	0.081044
0.1655	-0.00030135	0.0817138
0.1656	-0.000293146	0.0823716
0.1657	-0.000284876	0.0830173
0.1658	-0.000276543	0.0836508
0.1659	-0.000268146	0.0842721
0.166	-0.000259689	0.084881
0.1661	-0.000251171	0.0854774
0.1662	-0.000242594	0.0860613
0.1663	-0.000233959	0.0866325
0.1664	-0.000225267	0.0871911
0.1665	-0.000216521	0.0877368
0.1666	-0.00020772	0.0882698
0.1667	-0.000198867	0.0887897
0.1668	-0.000189963	0.0892967
0.1669	-0.000181008	0.0897905
0.167	-0.000172005	0.0902712
0.1671	-0.000162955	0.0907387
0.1672	-0.000153858	0.0911929
0.1673	-0.000144717	0.0916337
0.1674	-0.000135532	0.0920611
0.1675	-0.000126305	0.092475
0.1676	-0.000117037	0.0928754
0.1677	-0.00010773	0.0932622
0.1678	-9.83852e-005	0.0936353
0.1679	-8.90036e-005	0.0939947
0.168	-7.95867e-005	0.0943403
0.1681	-7.0136e-005	0.0946721
0.1682	-6.06527e-005	0.0949901
0.1683	-5.11384e-005	0.0952942
0.1684	-4.15944e-005	0.0955843
0.1685	-3.2022e-005	0.0958604
0.1686	-2.24227e-005	0.0961225
0.1687	-1.2798e-005	0.0963706
0.1688	-3.1491e-006	0.0966045
0.1689	6.52246e-006	0.0968243
0.169	1.62153e-005	0.0970299
0.1691	2.5928e-005	0.0972213
0.1692	3.56591e-005	0.0973986
0.1693	4.54072e-005	0.0975615
0.1694	5.51709e-005	0.0977102
0.1695	6.49488e-005	0.0978446
0.1696	7.47394e-005	0.0979647
0.1697	8.45412e-005	0.0980704
0.1698	9.4353e-005	0.0981618
0.1699	0.000104173	0.0982389
0.17	0.000114	0.0983016
0.1701	0.000123833	0.0983499
0.1702	0.00013367	0.0983838
0.1703	0.000143509	0.0984033
0.1704	0.00015335	0.0984085
0.1705	0.00016319	0.0983992
0.1706	0.000173029	0.0983756
0.1707	0.000182865	0.0983375
0.1708	0.000192696	0.0982851
0.1709	0.000202522	0.0982184
0.171	0.00021234	0.0981372
0.1711	0.000222149	0.0980417
0.1712	0.000231947	0.0979319
0.1713	0.000241734	0.0978077
0.1714	0.000251508	0.0976693
0.1715	0.000261268	0.0975165
0.1716	0.000271011	0.0973495
0.1717	0.000280737	0.0971683
0.1718	0.000290444	0.0969728
0.1719	0.000300131	0.0967632
0.172	0.000309797	0.0965394
0.1721	0.000319439	0.0963015
0.1722	0.000329056	0.0960495
0.1723	0.000338648	0.0957835
0.1724	0.000348213	0.0955035
0.1725	0.000357748	0.0952095
0.1726	0.000367254	0.0949015
0.1727	0.000376728	0.0945797
0.1728	0.00038617	0.0942441
0.1729	0.000395577	0.0938946
0.173	0.000404948	0.0935314
0.1731	0.000414283	0.0931546
0.1732	0.000423579	0.0927641
0.1733	0.000432835	0.09236
0.1734	0.00044205	0.0919424
0.1735	0.000451223	0.0915114
0.1736	0.000460352	0.091067
0.1737	0.000469436	0.0906092
0.1738	0.000478473	0.0901382
0.1739	0.000487463	0.089654
0.174	0.000496404	0.0891567
0.1741	0.000505294	0.0886463
0.1742	0.000514133	0.088123
0.1743	0.000522918	0.0875867
0.1744	0.000531649	0.0870376
0.1745	0.000540325	0.0864758
0.1746	0.000548944	0.0859013
0.1747	0.000557505	0.0853142
0.1748	0.000566007	0.0847147
0.1749	0.000574448	0.0841027
0.175	0.000582827	0.0834784
0.1751	0.000591143	0.0828418
0.1752	0.000599395	0.0821932
0.1753	0.000607581	0.0815324
0.1754	0.000615701	0.0808598
0.1755	0.000623753	0.0801752
0.1756	0.000631735	0.0794789
0.1757	0.000639648	0.078771
0.1758	0.000647489	0.0780515
0.1759	0.000655258	0.0773206
0.176	0.000662953	0.0765783
0.1761	0.000670573	0.0758248
0.1762	0.000678118	0.0750601
0.1763	0.000685585	0.0742845
0.1764	0.000692974	0.0734979
0.1765	0.000700284	0.0727006
0.1766	0.000707514	0.0718925
0.1767	0.000714662	0.0710739
0.1768	0.000721728	0.0702449
0.1769	0.000728711	0.0694055
0.177	0.000735609	0.068556
0.1771	0.000742422	0.0676963
0.1772	0.000749148	0.0668268
0.1773	0.000755787	0.0659473
0.1774	0.000762337	0.0650582
0.1775	0.000768798	0.0641595
0.1776	0.000775169	0.0632514
0.1777	0.000781448	0.0623339
0.1778	0.000787635	0.0614073
0.1779	0.000793729	0.0604716
0.178	0.000799729	0.059527
0.1781	0.000805634	0.0585736
0.1782	0.000811444	0.0576116
0.1783	0.000817156	0.0566411
0.1784	0.000822772	0.0556622
0.1785	0.000828289	0.0546751
0.1786	0.000833706	0.05368
0.1787	0.000839024	0.0526769
0.1788	0.000844242	0.051666
0.1789	0.000849357	0.0506474
0.179	0.000854371	0.0496214
0.1791	0.000859281	0.048588
0.1792	0.000864088	0.0475474
0.1793	0.000868791	0.0464998
0.1794	0.000873388	0.0454453
0.1795	0.000877879	0.044384
0.1796	0.000882264	0.0433162
0.1797	0.000886542	0.0422419
0.1798	0.000890713	0.0411613
0.1799	0.000894774	0.0400746
0.18	0.000898727	0.0389819
0.1801	0.000902571	0.0378834
0.1802	0.000906304	0.0367792
0.1803	0.000909926	0.0356696
0.1804	0.000913438	0.0345546
0.1805	0.000916837	0.0334344
0.1806	0.000920124	0.0323092
0.1807	0.000923299	0.0311792
0.1808	0.00092636	0.0300445
0.1809	0.000929307	0.0289053
0.181	0.000932141	0.0277617
0.1811	0.00093486	0.0266139
0.1812	0.000937463	0.025462
0.1813	0.000939952	0.0243063
0.1814	0.000942325	0.0231469
0.1815	0.000944581	0.021984
0.1816	0.000946721	0.0208177
0.1817	0.000948745	0.0196482
0.1818	0.000950651	0.0184757
0.1819	0.00095244	0.0173004
0.182	0.000954111	0.0161223
0.1821	0.000955664	0.0149417
0.1822	0.000957099	0.0137588
0.1823	0.000958416	0.0125737
0.1824	0.000959614	0.0113866
0.1825	0.000960693	0.0101977
0.1826	0.000961653	0.00900707
0.1827	0.000962494	0.00781497
0.1828	0.000963216	0.00662155
0.1829	0.000963819	0.00542699
0.183	0.000964302	0.00423145
0.1831	0.000964665	0.0030351
0.1832	0.000964909	0.00183812
0.1833	0.000965033	0.000640689
0.1834	0.000965037	-0.000557033
0.1835	0.000964921	-0.00175487
0.1836	0.000964686	-0.00295265
0.1837	0.000964331	-0.00415019
0.1838	0.000963856	-0.00534733
0.1839	0.000963261	-0.00654389
0.184	0.000962547	-0.00773971
0.1841	0.000961713	-0.0089346
0.1842	0.00096076	-0.0101284
0.1843	0.000959688	-0.0113209
0.1844	0.000958496	-0.012512
0.1845	0.000957185	-0.0137015
0.1846	0.000955756	-0.0148892
0.1847	0.000954207	-0.016075
0.1848	0.000952541	-0.0172586
0.1849	0.000950756	-0.0184399
0.185	0.000948853	-0.0196188
0.1851	0.000946832	-0.020795
0.1852	0.000944694	-0.0219684
0.1853	0.000942439	-0.0231389
0.1854	0.000940066	-0.0243062
0.1855	0.000937577	-0.0254702
0.1856	0.000934972	-0.0266307
0.1857	0.000932251	-0.0277876
0.1858	0.000929415	-0.0289407
0.1859	0.000926463	-0.0300898
0.186	0.000923397	-0.0312347
0.1861	0.000920217	-0.0323754
0.1862	0.000916922	-0.0335115
0.1863	0.000913514	-0.0346431
0.1864	0.000909994	-0.0357698
0.1865	0.000906361	-0.0368916
0.1866	0.000902616	-0.0380082
0.1867	0.000898759	-0.0391196
0.1868	0.000894792	-0.0402255
0.1869	0.000890714	-0.0413258
0.187	0.000886527	-0.0424203
0.1871	0.00088223	-0.0435089
0.1872	0.000877825	-0.0445915
0.1873	0.000873312	-0.0456678
0.1874	0.000868692	-0.0467377
0.1875	0.000863965	-0.0478011
0.1876	0.000859132	-0.0488577
0.1877	0.000854194	-0.0499076
0.1878	0.000849151	-0.0509504
0.1879	0.000844004	-0.051986
0.188	0.000838754	-0.0530144
0.1881	0.000833401	-0.0540353
0.1882	0.000827947	-0.0550487
0.1883	0.000822392	-0.0560542
0.1884	0.000816736	-0.0570519
0.1885	0.000810982	-0.0580416
0.1886	0.000805128	-0.0590231
0.1887	0.000799177	-0.0599963
0.1888	0.000793129	-0.060961
0.1889	0.000786985	-0.0619171
0.189	0.000780746	-0.0628645
0.1891	0.000774413	-0.063803
0.1892	0.000767986	-0.0647326
0.1893	0.000761467	-0.0656529
0.1894	0.000754856	-0.066564
0.1895	0.000748154	-0.0674658
0.1896	0.000741363	-0.0683579
0.1897	0.000734483	-0.0692404
0.1898	0.000727515	-0.0701132
0.1899	0.00072046	-0.070976
0.19	0.00071332	-0.0718287
0.1901	0.000706095	-0.0726714
0.1902	0.000698786	-0.0735037
0.1903	0.000691395	-0.0743256
0.1904	0.000683921	-0.075137
0.1905	0.000676368	-0.0759378
0.1906	0.000668734	-0.0767278
0.1907	0.000661022	-0.0775069
0.1908	0.000653233	-0.0782751
0.1909	0.000645368	-0.0790321
0.191	0.000637427	-0.079778
0.1911	0.000629413	-0.0805125
0.1912	0.000621325	-0.0812357
0.1913	0.000613166	-0.0819473
0.1914	0.000604936	-0.0826473
0.1915	0.000596637	-0.0833356
0.1916	0.000588269	-0.084012
0.1917	0.000579835	-0.0846766
0.1918	0.000571334	-0.0853291
0.1919	0.000562769	-0.0859695
0.192	0.000554141	-0.0865977
0.1921	0.00054545	-0.0872137
0.1922	0.000536699	-0.0878172
0.1923	0.000527887	-0.0884083
0.1924	0.000519017	-0.0889868
0.1925	0.00051009	-0.0895527
0.1926	0.000501107	-0.0901058
0.1927	0.00049207	-0.0906462
0.1928	0.000482978	-0.0911737
0.1929	0.000473835	-0.0916882
0.193	0.000464641	-0.0921897
0.1931	0.000455398	-0.0926781
0.1932	0.000446106	-0.0931534
0.1933	0.000436767	-0.0936154
0.1934	0.000427383	-0.0940641
0.1935	0.000417955	-0.0944994
0.1936	0.000408484	-0.0949213
0.1937	0.000398971	-0.0953297
0.1938	0.000389418	-0.0957245
0.1939	0.000379827	-0.0961058
0.194	0.000370198	-0.0964733
0.1941	0.000360533	-0.0968272
0.1942	0.000350833	-0.0971673
0.1943	0.0003411	-0.0974935
0.1944	0.000331335	-0.0978059
0.1945	0.000321539	-0.0981044
0.1946	0.000311714	-0.098389
0.1947	0.000301862	-0.0986595
0.1948	0.000291983	-0.098916
0.1949	0.000282079	-0.0991584
0.195	0.000272151	-0.0993868
0.1951	0.000262202	-0.099601
0.1952	0.000252232	-0.099801
0.1953	0.000242242	-0.0999868
0.1954	0.000232235	-0.100158
0.1955	0.000222211	-0.100316
0.1956	0.000212172	-0.100459
0.1957	0.00020212	-0.100588
0.1958	0.000192055	-0.100702
0.1959	0.00018198	-0.100802
0.196	0.000171895	-0.100888
0.1961	0.000161803	-0.100959
0.1962	0.000151704	-0.101016
0.1963	0.0001416	-0.101059
0.1964	0.000131492	-0.101087
0.1965	0.000121383	-0.101101
0.1966	0.000111273	-0.101101
0.1967	0.000101163	-0.101086
0.1968	9.10559e-005	-0.101057
0.1969	8.09523e-005	-0.101013
0.197	7.08537e-005	-0.100955
0.1971	6.07617e-005	-0.100883
0.1972	5.06776e-005	-0.100796
0.1973	4.0603e-005	-0.100695
0.1974	3.05391e-005	-0.10058
0.1975	2.04875e-005	-0.10045
0.1976	1.04496e-005	-0.100306
0.1977	4.26812e-007	-0.100148
0.1978	-9.57944e-006	-0.099975
0.1979	-1.95677e-005	-0.0997883
0.198	-2.95366e-005	-0.0995873
0.1981	-3.94847e-005	-0.0993721
0.1982	-4.94106e-005	-0.0991428
0.1983	-5.93128e-005	-0.0988994
0.1984	-6.919e-005	-0.098642
0.1985	-7.90407e-005	-0.0983704
0.1986	-8.88636e-005	-0.0980849
0.1987	-9.86572e-005	-0.0977854
0.1988	-0.00010842	-0.0974721
0.1989	-0.000118151	-0.0971448
0.199	-0.000127849	-0.0968037
0.1991	-0.000137511	-0.0964489
0.1992	-0.000147138	-0.0960803
0.1993	-0.000156727	-0.095698
0.1994	-0.000166277	-0.0953022
0.1995	-0.000175787	-0.0948928
0.1996	-0.000185255	-0.0944698
0.1997	-0.000194681	-0.0940335
0.1998	-0.000204062	-0.0935837
0.1999	-0.000213397	-0.0931207
0.2	-0.000222685	-0.0926444
0.2001	-0.000231925	-0.0921549
0.2002	-0.000241116	-0.0916523
0.2003	-0.000250255	-0.0911367
0.2004	-0.000259343	-0.0906082
0.2005	-0.000268377	-0.0900667
0.2006	-0.000277356	-0.0895124
0.2007	-0.000286279	-0.0889455
0.2008	-0.000295144	-0.0883658
0.2009	-0.000303951	-0.0877736
0.201	-0.000312699	-0.087169
0.2011	-0.000321385	-0.0865519
0.2012	-0.000330009	-0.0859225
0.2013	-0.000338569	-0.085281
0.2014	-0.000347064	-0.0846273
0.2015	-0.000355494	-0.0839615
0.2016	-0.000363856	-0.0832839
0.2017	-0.00037215	-0.0825944
0.2018	-0.000380375	-0.0818932
0.2019	-0.000388529	-0.0811804
0.202	-0.00039661	-0.080456
0.2021	-0.000404619	-0.0797202
0.2022	-0.000412554	-0.0789731
0.2023	-0.000420414	-0.0782148
0.2024	-0.000428197	-0.0774453
0.2025	-0.000435902	-0.0766649
0.2026	-0.000443529	-0.0758736
0.2027	-0.000451077	-0.0750715
0.2028	-0.000458543	-0.0742588
0.2029	-0.000465928	-0.0734356
0.203	-0.00047323	-0.0726019
0.2031	-0.000480448	-0.0717579
0.2032	-0.000487581	-0.0709038
0.2033	-0.000494629	-0.0700396
0.2034	-0.000501589	-0.0691655
0.2035	-0.000508461	-0.0682816
0.2036	-0.000515245	-0.067388
0.2037	-0.000521939	-0.0664849
0.2038	-0.000528542	-0.0655723
0.2039	-0.000535053	-0.0646505
0.204	-0.000541471	-0.0637195
0.2041	-0.000547796	-0.0627795
0.2042	-0.000554027	-0.0618306
0.2043	-0.000560162	-0.0608729
0.2044	-0.000566201	-0.0599067
0.2045	-0.000572143	-0.058932
0.2046	-0.000577987	-0.0579489
0.2047	-0.000583733	-0.0569577
0.2048	-0.000589379	-0.0559584
0.2049	-0.000594924	-0.0549512
0.205	-0.000600369	-0.0539363
0.2051	-0.000605711	-0.0529138
0.2052	-0.000610951	-0.0518837
0.2053	-0.000616088	-0.0508464
0.2054	-0.00062112	-0.0498019
0.2055	-0.000626048	-0.0487504
0.2056	-0.00063087	-0.047692
0.2057	-0.000635586	-0.046627
0.2058	-0.000640195	-0.0455553
0.2059	-0.000644697	-0.0444773
0.206	-0.00064909	-0.043393
0.2061	-0.000653375	-0.0423026
0.2062	-0.000657551	-0.0412062
0.2063	-0.000661616	-0.0401041
0.2064	-0.000665571	-0.0389964
0.2065	-0.000669415	-0.0378832
0.2066	-0.000673148	-0.0367647
0.2067	-0.000676768	-0.035641
0.2068	-0.000680276	-0.0345124
0.2069	-0.00068367	-0.033379
0.207	-0.000686952	-0.0322409
0.2071	-0.000690119	-0.0310983
0.2072	-0.000693171	-0.0299514
0.2073	-0.000696109	-0.0288003
0.2074	-0.000698931	-0.0276453
0.2075	-0.000701638	-0.0264864
0.2076	-0.000704228	-0.0253238
0.2077	-0.000706702	-0.0241578
0.2078	-0.00070906	-0.0229884
0.2079	-0.0007113	-0.0218159
0.208	-0.000713423	-0.0206404
0.2081	-0.000715428	-0.019462
0.2082	-0.000717315	-0.018281
0.2083	-0.000719084	-0.0170976
0.2084	-0.000720734	-0.0159118
0.2085	-0.000722266	-0.0147238
0.2086	-0.000723679	-0.0135339
0.2087	-0.000724973	-0.0123422
0.2088	-0.000726148	-0.0111489
0.2089	-0.000727203	-0.00995415
0.209	-0.000728138	-0.00875808
0.2091	-0.000728954	-0.00756091
0.2092	-0.00072965	-0.0063628
0.2093	-0.000730227	-0.00516392
0.2094	-0.000730683	-0.00396444
0.2095	-0.00073102	-0.00276454
0.2096	-0.000731236	-0.0015644
0.2097	-0.000731333	-0.000364176
0.2098	-0.000731309	0.00083595
0.2099	-0.000731165	0.00203581
0.21	-0.000730902	0.00323522
0.2101	-0.000730518	0.00443402
0.2102	-0.000730015	0.00563204
0.2103	-0.000729392	0.0068291
0.2104	-0.000728649	0.00802502
0.2105	-0.000727787	0.00921964
0.2106	-0.000726805	0.0104128
0.2107	-0.000725704	0.0116043
0.2108	-0.000724485	0.012794
0.2109	-0.000723146	0.0139817
0.211	-0.000721688	0.0151672
0.2111	-0.000720112	0.0163504
0.2112	-0.000718418	0.0175311
0.2113	-0.000716606	0.0187091
0.2114	-0.000714677	0.0198843
0.2115	-0.000712629	0.0210565
0.2116	-0.000710465	0.0222255
0.2117	-0.000708185	0.0233912
0.2118	-0.000705787	0.0245533
0.2119	-0.000703274	0.0257118
0.212	-0.000700645	0.0268664
0.2121	-0.000697901	0.028017
0.2122	-0.000695042	0.0291634
0.2123	-0.000692068	0.0303055
0.2124	-0.000688981	0.0314431
0.2125	-0.00068578	0.0325759
0.2126	-0.000682466	0.033704
0.2127	-0.000679039	0.0348271
0.2128	-0.000675501	0.035945
0.2129	-0.00067185	0.0370576
0.213	-0.000668089	0.0381647
0.2131	-0.000664218	0.0392661
0.2132	-0.000660236	0.0403618
0.2133	-0.000656145	0.0414515
0.2134	-0.000651946	0.0425351
0.2135	-0.000647639	0.0436124
0.2136	-0.000643224	0.0446833
0.2137	-0.000638702	0.0457477
0.2138	-0.000634075	0.0468053
0.2139	-0.000629341	0.047856
0.214	-0.000624504	0.0488997
0.2141	-0.000619562	0.0499362
0.2142	-0.000614517	0.0509653
0.2143	-0.000609369	0.051987
0.2144	-0.000604119	0.0530011
0.2145	-0.000598769	0.0540074
0.2146	-0.000593318	0.0550057
0.2147	-0.000587768	0.055996
0.2148	-0.000582119	0.0569781
0.2149	-0.000576373	0.0579519
0.215	-0.000570529	0.0589172
0.2151	-0.00056459	0.0598738
0.2152	-0.000558555	0.0608217
0.2153	-0.000552426	0.0617607
0.2154	-0.000546203	0.0626906
0.2155	-0.000539888	0.0636114
0.2156	-0.000533481	0.0645229
0.2157	-0.000526983	0.0654249
0.2158	-0.000520396	0.0663174
0.2159	-0.00051372	0.0672002
0.216	-0.000506957	0.0680732
0.2161	-0.000500106	0.0689362
0.2162	-0.00049317	0.0697892
0.2163	-0.000486148	0.070632
0.2164	-0.000479044	0.0714645
0.2165	-0.000471856	0.0722865
0.2166	-0.000464587	0.073098
0.2167	-0.000457237	0.0738988
0.2168	-0.000449807	0.0746889
0.2169	-0.000442299	0.0754681
0.217	-0.000434714	0.0762362
0.2171	-0.000427052	0.0769933
0.2172	-0.000419316	0.0777391
0.2173	-0.000411505	0.0784736
0.2174	-0.000403621	0.0791966
0.2175	-0.000395666	0.0799081
0.2176	-0.00038764	0.080608
0.2177	-0.000379545	0.0812961
0.2178	-0.000371381	0.0819723
0.2179	-0.000363151	0.0826367
0.218	-0.000354854	0.083289
0.2181	-0.000346493	0.0839291
0.2182	-0.000338069	0.0845571
0.2183	-0.000329582	0.0851727
0.2184	-0.000321035	0.0857759
0.2185	-0.000312428	0.0863667
0.2186	-0.000303762	0.0869448
0.2187	-0.000295039	0.0875104
0.2188	-0.00028626	0.0880631
0.2189	-0.000277427	0.0886031
0.219	-0.00026854	0.0891302
0.2191	-0.000259601	0.0896443
0.2192	-0.000250612	0.0901453
0.2193	-0.000241573	0.0906332
0.2194	-0.000232485	0.091108
0.2195	-0.000223351	0.0915695
0.2196	-0.000214172	0.0920177
0.2197	-0.000204948	0.0924525
0.2198	-0.000195682	0.0928738
0.2199	-0.000186374	0.0932816
0.22	-0.000177026	0.0936759
0.2201	-0.000167639	0.0940565
0.2202	-0.000158215	0.0944235
0.2203	-0.000148755	0.0947768
0.2204	-0.00013926	0.0951162
0.2205	-0.000129732	0.0954418
0.2206	-0.000120172	0.0957536
0.2207	-0.000110582	0.0960514
0.2208	-0.000100963	0.0963353
0.2209	-9.13155e-005	0.0966051
0.221	-8.1642e-005	0.096861
0.2211	-7.19437e-005	0.0971027
0.2212	-6.2222e-005	0.0973303
0.2213	-5.24781e-005	0.0975438
0.2214	-4.27137e-005	0.0977431
0.2215	-3.293e-005	0.0979282
0.2216	-2.31285e-005	0.098099
0.2217	-1.33107e-005	0.0982556
0.2218	-3.47787e-006	0.0983979
0.2219	6.36844e-006	0.0985259
0.222	1.62268e-005	0.0986396
0.2221	2.60959e-005	0.098739
0.2222	3.59742e-005	0.098824
0.2223	4.58602e-005	0.0988947
0.2224	5.57526e-005	0.0989509
0.2225	6.56499e-005	0.0989928
0.2226	7.55507e-005	0.0990204
0.2227	8.54535e-005	0.0990335
0.2228	9.53569e-005	0.0990322
0.2229	0.000105259	0.0990166
0.223	0.00011516	0.0989865
0.2231	0.000125056	0.0989421
0.2232	0.000134948	0.0988833
0.2233	0.000144832	0.0988101
0.2234	0.000154709	0.0987226
0.2235	0.000164577	0.0986207
0.2236	0.000174433	0.0985045
0.2237	0.000184277	0.098374
0.2238	0.000194107	0.0982291
0.2239	0.000203922	0.0980701
0.224	0.000213721	0.0978967
0.2241	0.000223501	0.0977092
0.2242	0.000233262	0.0975074
0.2243	0.000243002	0.0972915
0.2244	0.00025272	0.0970614
0.2245	0.000262414	0.0968172
0.2246	0.000272083	0.096559
0.2247	0.000281725	0.0962867
0.2248	0.00029134	0.0960004
0.2249	0.000300925	0.0957002
0.225	0.000310479	0.0953861
0.2251	0.000320002	0.0950581
0.2252	0.00032949	0.0947163
0.2253	0.000338944	0.0943607
0.2254	0.000348362	0.0939914
0.2255	0.000357742	0.0936084
0.2256	0.000367083	0.0932119
0.2257	0.000376384	0.0928018
0.2258	0.000385643	0.0923782
0.2259	0.000394859	0.0919412
0.226	0.000404031	0.0914908
0.2261	0.000413157	0.0910271
0.2262	0.000422236	0.0905501
0.2263	0.000431267	0.0900601
0.2264	0.000440248	0.0895569
0.2265	0.000449178	0.0890407
0.2266	0.000458055	0.0885115
0.2267	0.00046688	0.0879695
0.2268	0.000475649	0.0874147
0.2269	0.000484362	0.0868472
0.227	0.000493018	0.086267
0.2271	0.000501615	0.0856743
0.2272	0.000510152	0.0850691
0.2273	0.000518628	0.0844516
0.2274	0.000527042	0.0838218
0.2275	0.000535392	0.0831797
0.2276	0.000543678	0.0825256
0.2277	0.000551897	0.0818595
0.2278	0.000560049	0.0811814
0.2279	0.000568133	0.0804916
0.228	0.000576147	0.07979
0.2281	0.000584091	0.0790768
0.2282	0.000591962	0.0783521
0.2283	0.000599761	0.077616
0.2284	0.000607485	0.0768686
0.2285	0.000615134	0.0761101
0.2286	0.000622707	0.0753404
0.2287	0.000630202	0.0745597
0.2288	0.000637618	0.0737682
0.2289	0.000644955	0.072966
0.229	0.000652211	0.0721531
0.2291	0.000659385	0.0713297
0.2292	0.000666477	0.0704959
0.2293	0.000673484	0.0696519
0.2294	0.000680407	0.0687977
0.2295	0.000687243	0.0679334
0.2296	0.000693993	0.0670593
0.2297	0.000700655	0.0661754
0.2298	0.000707228	0.0652818
0.2299	0.000713711	0.0643787
0.23	0.000720103	0.0634662
0.2301	0.000726404	0.0625445
0.2302	0.000732612	0.0616136
0.2303	0.000738726	0.0606737
0.2304	0.000744746	0.059725
0.2305	0.000750671	0.0587676
0.2306	0.000756499	0.0578015
0.2307	0.000762231	0.0568271
0.2308	0.000767865	0.0558443
0.2309	0.0007734	0.0548534
0.231	0.000778835	0.0538544
0.2311	0.00078417	0.0528476
0.2312	0.000789404	0.051833
0.2313	0.000794537	0.0508109
0.2314	0.000799566	0.0497813
0.2315	0.000804493	0.0487445
0.2316	0.000809315	0.0477005
0.2317	0.000814032	0.0466495
0.2318	0.000818645	0.0455916
0.2319	0.000823151	0.0445271
0.232	0.00082755	0.0434561
0.2321	0.000831842	0.0423787
0.2322	0.000836025	0.041295
0.2323	0.0008401	0.0402053
0.2324	0.000844066	0.0391097
0.2325	0.000847922	0.0380084
0.2326	0.000851668	0.0369014
0.2327	0.000855302	0.035789
0.2328	0.000858825	0.0346714
0.2329	0.000862236	0.0335486
0.233	0.000865535	0.0324209
0.2331	0.00086872	0.0312884
0.2332	0.000871792	0.0301513
0.2333	0.00087475	0.0290097
0.2334	0.000877594	0.0278638
0.2335	0.000880323	0.0267138
0.2336	0.000882937	0.0255598
0.2337	0.000885435	0.0244021
0.2338	0.000887817	0.0232407
0.2339	0.000890083	0.0220758
0.234	0.000892232	0.0209077
0.2341	0.000894264	0.0197364
0.2342	0.000896179	0.0185621
0.2343	0.000897977	0.0173851
0.2344	0.000899656	0.0162055
0.2345	0.000901218	0.0150234
0.2346	0.000902661	0.013839
0.2347	0.000903985	0.0126525
0.2348	0.000905191	0.0114641
0.2349	0.000906278	0.0102739
0.235	0.000907246	0.00908212
0.2351	0.000908095	0.00788891
0.2352	0.000908824	0.00669446
0.2353	0.000909433	0.00549892
0.2354	0.000909923	0.00430248
0.2355	0.000910294	0.0031053
0.2356	0.000910545	0.00190757
0.2357	0.000910675	0.00070944
0.2358	0.000910686	-0.000488903
0.2359	0.000910578	-0.00168729
0.236	0.000910349	-0.00288555
0.2361	0.00091	-0.0040835
0.2362	0.000909532	-0.00528099
0.2363	0.000908944	-0.00647782
0.2364	0.000908237	-0.00767384
0.2365	0.00090741	-0.00886886
0.2366	0.000906463	-0.0100627
0.2367	0.000905397	-0.0112552
0.2368	0.000904212	-0.0124463
0.2369	0.000902908	-0.0136356
0.237	0.000901485	-0.0148231
0.2371	0.000899943	-0.0160086
0.2372	0.000898283	-0.0171918
0.2373	0.000896505	-0.0183727
0.2374	0.000894609	-0.0195511
0.2375	0.000892595	-0.0207268
0.2376	0.000890464	-0.0218996
0.2377	0.000888215	-0.0230694
0.2378	0.00088585	-0.0242359
0.2379	0.000883368	-0.0253991
0.238	0.00088077	-0.0265587
0.2381	0.000878056	-0.0277146
0.2382	0.000875227	-0.0288666
0.2383	0.000872283	-0.0300146
0.2384	0.000869225	-0.0311584
0.2385	0.000866052	-0.0322978
0.2386	0.000862765	-0.0334327
0.2387	0.000859365	-0.0345628
0.2388	0.000855853	-0.0356881
0.2389	0.000852228	-0.0368084
0.239	0.000848491	-0.0379235
0.2391	0.000844643	-0.0390332
0.2392	0.000840685	-0.0401374
0.2393	0.000836616	-0.041236
0.2394	0.000832438	-0.0423287
0.2395	0.00082815	-0.0434154
0.2396	0.000823755	-0.044496
0.2397	0.000819251	-0.0455703
0.2398	0.000814641	-0.0466381
0.2399	0.000809924	-0.0476994
0.24	0.000805101	-0.0487538
0.2401	0.000800174	-0.0498014
0.2402	0.000795141	-0.0508419
0.2403	0.000790005	-0.0518752
0.2404	0.000784767	-0.0529011
0.2405	0.000779425	-0.0539195
0.2406	0.000773983	-0.0549303
0.2407	0.00076844	-0.0559333
0.2408	0.000762796	-0.0569283
0.2409	0.000757054	-0.0579152
0.241	0.000751214	-0.0588939
0.2411	0.000745276	-0.0598643
0.2412	0.000739241	-0.0608261
0.2413	0.000733111	-0.0617792
0.2414	0.000726886	-0.0627236
0.2415	0.000720566	-0.0636591
0.2416	0.000714154	-0.0645854
0.2417	0.00070765	-0.0655026
0.2418	0.000701054	-0.0664105
0.2419	0.000694368	-0.0673089
0.242	0.000687592	-0.0681978
0.2421	0.000680729	-0.0690769
0.2422	0.000673777	-0.0699462
0.2423	0.00066674	-0.0708055
0.2424	0.000659617	-0.0716547
0.2425	0.000652409	-0.0724937
0.2426	0.000645118	-0.0733224
0.2427	0.000637745	-0.0741406
0.2428	0.00063029	-0.0749483
0.2429	0.000622756	-0.0757453
0.243	0.000615142	-0.0765315
0.2431	0.00060745	-0.0773067
0.2432	0.000599681	-0.078071
0.2433	0.000591836	-0.078824
0.2434	0.000583916	-0.0795659
0.2435	0.000575923	-0.0802964
0.2436	0.000567857	-0.0810154
0.2437	0.00055972	-0.0817229
0.2438	0.000551513	-0.0824188
0.2439	0.000543237	-0.0831028
0.244	0.000534893	-0.083775
0.2441	0.000526482	-0.0844352
0.2442	0.000518006	-0.0850834
0.2443	0.000509466	-0.0857195
0.2444	0.000500863	-0.0863433
0.2445	0.000492198	-0.0869547
0.2446	0.000483472	-0.0875538
0.2447	0.000474688	-0.0881403
0.2448	0.000465845	-0.0887143
0.2449	0.000456945	-0.0892756
0.245	0.00044799	-0.0898241
0.2451	0.000438981	-0.0903599
0.2452	0.000429918	-0.0908827
0.2453	0.000420805	-0.0913925
0.2454	0.00041164	-0.0918892
0.2455	0.000402427	-0.0923729
0.2456	0.000393166	-0.0928433
0.2457	0.000383859	-0.0933005
0.2458	0.000374507	-0.0937443
0.2459	0.000365111	-0.0941748
0.246	0.000355672	-0.0945918
0.2461	0.000346193	-0.0949952
0.2462	0.000336674	-0.0953851
0.2463	0.000327116	-0.0957614
0.2464	0.000317522	-0.0961239
0.2465	0.000307892	-0.0964728
0.2466	0.000298228	-0.0968078
0.2467	0.000288531	-0.097129
0.2468	0.000278802	-0.0974363
0.2469	0.000269044	-0.0977297
0.247	0.000259257	-0.0980092
0.2471	0.000249442	-0.0982746
0.2472	0.000239602	-0.0985259
0.2473	0.000229738	-0.0987632
0.2474	0.00021985	-0.0989864
0.2475	0.000209941	-0.0991954
0.2476	0.000200012	-0.0993902
0.2477	0.000190063	-0.0995708
0.2478	0.000180098	-0.0997372
0.2479	0.000170116	-0.0998893
0.248	0.000160121	-0.100027
0.2481	0.000150111	-0.100151
0.2482	0.000140091	-0.10026
0.2483	0.00013006	-0.100355
0.2484	0.00012002	-0.100435
0.2485	0.000109973	-0.100501
0.2486	9.99206e-005	-0.100553
0.2487	8.98633e-005	-0.100591
0.2488	7.9803e-005	-0.100614
0.2489	6.9741e-005	-0.100622
0.249	5.9679e-005	-0.100616
0.2491	4.96182e-005	-0.100596
0.2492	3.95602e-005	-0.100562
0.2493	2.95063e-005	-0.100513
0.2494	1.94581e-005	-0.10045
0.2495	9.4169e-006	-0.100372
0.2496	-6.15813e-007	-0.10028
0.2497	-1.06386e-005	-0.100174
0.2498	-2.06501e-005	-0.100053
0.2499	-3.06487e-005	-0.099918
0.25	-4.06332e-005	-0.0997687
0.2501	-5.0602e-005	-0.0996051
0.2502	-6.05537e-005	-0.0994274
0.2503	-7.0487e-005	-0.0992354
0.2504	-8.04003e-005	-0.0990292
0.2505	-9.02923e-005	-0.0988088
0.2506	-0.000100162	-0.0985743
0.2507	-0.000110007	-0.0983258
0.2508	-0.000119826	-0.0980631
0.2509	-0.000129619	-0.0977865
0.251	-0.000139383	-0.0974958
0.2511	-0.000149118	-0.0971912
0.2512	-0.000158821	-0.0968727
0.2513	-0.000168492	-0.0965404
