1 7500
2 2275.32
3 1655.05
4 1374.76
5 1205.55
6 1088.75
7 1001.65
8 933.343
9 877.833
10 831.519
11 792.083
12 757.955
13 728.027
14 701.492
15 677.747
16 656.327
17 636.874
18 619.098
19 602.77
20 587.701
21 573.735
22 560.742
23 548.613
24 537.255
25 526.589
26 516.547
27 507.069
28 498.104
29 489.607
30 481.538
31 473.862
32 466.547
33 459.566
34 452.894
35 446.509
36 440.391
37 434.52
38 428.881
39 423.459
40 418.24
41 413.212
42 408.362
43 403.682
44 399.16
45 394.789
46 390.559
47 386.464
48 382.496
49 378.649
50 374.916
51 371.293
52 367.773
53 364.353
54 361.026
55 357.79
56 354.64
57 351.572
58 348.583
59 345.669
60 342.827
61 340.055
62 337.349
63 334.707
64 332.126
65 329.604
66 327.139
67 324.729
68 322.371
69 320.064
70 317.806
71 315.596
72 313.43
73 311.309
74 309.23
75 307.193
76 305.195
77 303.236
78 301.314
79 299.428
80 297.577
81 295.76
82 293.976
83 292.224
84 290.502
85 288.811
86 287.149
87 285.515
88 283.909
89 282.329
90 280.776
91 279.247
92 277.744
93 276.264
94 274.808
95 273.374
96 271.963
97 270.573
98 269.204
99 267.856
100 266.527
101 265.218
102 263.929
103 262.657
104 261.404
105 260.169
106 258.95
107 257.749
108 256.564
109 255.395
110 254.242
111 253.105
112 251.982
113 250.874
114 249.781
115 248.701
116 247.636
117 246.584
118 245.545
119 244.519
120 243.505
121 242.505
122 241.516
123 240.539
124 239.574
125 238.62
126 237.678
127 236.746
128 235.825
129 234.915
130 234.016
131 233.126
132 232.246
133 231.377
134 230.516
135 229.666
136 228.824
137 227.992
138 227.168
139 226.354
140 225.548
141 224.75
142 223.961
143 223.18
144 222.407
145 221.642
146 220.884
147 220.135
148 219.392
149 218.658
150 217.93
151 217.21
152 216.496
153 215.79
154 215.09
155 214.397
156 213.71
157 213.03
158 212.357
159 211.69
160 211.029
161 210.373
162 209.724
163 209.081
164 208.444
165 207.812
166 207.186
167 206.566
168 205.951
169 205.342
170 204.737
171 204.138
172 203.544
173 202.956
174 202.372
175 201.793
176 201.219
177 200.65
178 200.086
179 199.526
180 198.971
181 198.421
182 197.875
183 197.333
184 196.796
185 196.263
186 195.734
187 195.209
188 194.689
189 194.173
190 193.66
191 193.152
192 192.648
193 192.147
194 191.651
195 191.158
196 190.669
197 190.183
198 189.701
199 189.223
200 188.748
201 188.277
202 187.809
203 187.345
204 186.884
205 186.426
206 185.972
207 185.521
208 185.073
209 184.628
210 184.187
211 183.748
212 183.313
213 182.881
214 182.451
215 182.025
216 181.601
217 181.181
218 180.763
219 180.348
220 179.936
221 179.527
222 179.12
223 178.716
224 178.315
225 177.916
226 177.52
227 177.127
228 176.736
229 176.348
230 175.962
231 175.579
232 175.198
233 174.82
234 174.444
235 174.07
236 173.699
237 173.33
238 172.963
239 172.599
240 172.236
241 171.877
242 171.519
243 171.163
244 170.81
245 170.459
246 170.11
247 169.763
248 169.418
249 169.075
250 168.734
251 168.395
252 168.058
253 167.723
254 167.39
255 167.059
256 166.73
257 166.403
258 166.078
259 165.754
260 165.433
261 165.113
262 164.795
263 164.479
264 164.165
265 163.852
266 163.541
267 163.232
268 162.925
269 162.619
270 162.315
271 162.013
272 161.712
273 161.413
274 161.115
275 160.819
276 160.525
277 160.232
278 159.941
279 159.652
280 159.364
281 159.077
282 158.792
283 158.509
284 158.227
285 157.946
286 157.667
287 157.389
288 157.113
289 156.838
290 156.565
291 156.293
292 156.022
293 155.753
294 155.485
295 155.218
296 154.953
297 154.689
298 154.427
299 154.165
300 153.905
301 153.647
302 153.389
303 153.133
304 152.878
305 152.624
306 152.372
307 152.121
308 151.871
309 151.622
310 151.374
311 151.128
312 150.883
313 150.639
314 150.396
315 150.154
316 149.913
317 149.674
318 149.435
319 149.198
320 148.962
321 148.727
322 148.493
323 148.26
324 148.028
325 147.797
326 147.567
327 147.339
328 147.111
329 146.884
330 146.659
331 146.434
332 146.21
333 145.988
334 145.766
335 145.546
336 145.326
337 145.107
338 144.89
339 144.673
340 144.457
341 144.242
342 144.028
343 143.815
344 143.603
345 143.392
346 143.182
347 142.972
348 142.764
349 142.556
350 142.35
351 142.144
352 141.939
353 141.735
354 141.532
355 141.329
356 141.128
357 140.927
358 140.727
359 140.528
360 140.33
361 140.133
362 139.936
363 139.74
364 139.545
365 139.351
366 139.158
367 138.965
368 138.774
369 138.583
370 138.392
371 138.203
372 138.014
373 137.826
374 137.639
375 137.452
376 137.267
377 137.082
378 136.898
379 136.714
380 136.531
381 136.349
382 136.168
383 135.987
384 135.807
385 135.628
386 135.449
387 135.271
388 135.094
389 134.918
390 134.742
391 134.567
392 134.392
393 134.218
394 134.045
395 133.873
396 133.701
397 133.53
398 133.359
399 133.189
400 133.02
401 132.851
402 132.683
403 132.516
404 132.349
405 132.183
406 132.018
407 131.853
408 131.688
409 131.525
410 131.362
411 131.199
412 131.037
413 130.876
414 130.715
415 130.555
416 130.395
417 130.236
418 130.078
419 129.92
420 129.763
421 129.606
422 129.45
423 129.294
424 129.139
425 128.985
426 128.831
427 128.677
428 128.524
429 128.372
430 128.22
431 128.069
432 127.918
433 127.768
434 127.618
435 127.469
436 127.32
437 127.172
438 127.025
439 126.877
440 126.731
441 126.585
442 126.439
443 126.294
444 126.149
445 126.005
446 125.862
447 125.718
448 125.576
449 125.434
450 125.292
451 125.151
452 125.01
453 124.87
454 124.73
455 124.59
456 124.452
457 124.313
458 124.175
459 124.038
460 123.901
461 123.764
462 123.628
463 123.492
464 123.357
465 123.222
466 123.088
467 122.954
468 122.82
469 122.687
470 122.555
471 122.423
472 122.291
473 122.16
474 122.029
475 121.898
476 121.768
477 121.638
478 121.509
479 121.38
480 121.252
481 121.124
482 120.996
483 120.869
484 120.742
485 120.616
486 120.49
487 120.365
488 120.239
489 120.115
490 119.99
491 119.866
492 119.743
493 119.619
494 119.497
495 119.374
496 119.252
497 119.13
498 119.009
499 118.888
500 118.767
501 118.647
502 118.527
503 118.408
504 118.289
505 118.17
506 118.052
507 117.934
508 117.816
509 117.699
510 117.582
511 117.465
512 117.349
513 117.233
514 117.118
515 117.003
516 116.888
517 116.773
518 116.659
519 116.546
520 116.432
521 116.319
522 116.206
523 116.094
524 115.982
525 115.87
526 115.759
527 115.648
528 115.537
529 115.426
530 115.316
531 115.207
532 115.097
533 114.988
534 114.879
535 114.771
536 114.663
537 114.555
538 114.447
539 114.34
540 114.233
541 114.126
542 114.02
543 113.914
544 113.809
545 113.703
546 113.598
547 113.493
548 113.389
549 113.285
550 113.181
551 113.077
552 112.974
553 112.871
554 112.769
555 112.666
556 112.564
557 112.462
558 112.361
559 112.26
560 112.159
561 112.058
562 111.958
563 111.858
564 111.758
565 111.659
566 111.56
567 111.461
568 111.362
569 111.264
570 111.166
571 111.068
572 110.97
573 110.873
574 110.776
575 110.679
576 110.583
577 110.487
578 110.391
579 110.295
580 110.2
581 110.105
582 110.01
583 109.915
584 109.821
585 109.727
586 109.633
587 109.54
588 109.447
589 109.354
590 109.261
591 109.168
592 109.076
593 108.984
594 108.892
595 108.801
596 108.71
597 108.619
598 108.528
599 108.438
600 108.347
601 108.257
602 108.168
603 108.078
604 107.989
605 107.9
606 107.811
607 107.723
608 107.634
609 107.546
610 107.458
611 107.371
612 107.284
613 107.196
614 107.11
615 107.023
616 106.937
617 106.85
618 106.764
619 106.679
620 106.593
621 106.508
622 106.423
623 106.338
624 106.254
625 106.169
626 106.085
627 106.001
628 105.918
629 105.834
630 105.751
631 105.668
632 105.585
633 105.503
634 105.42
635 105.338
636 105.256
637 105.175
638 105.093
639 105.012
640 104.931
641 104.85
642 104.77
643 104.689
644 104.609
645 104.529
646 104.449
647 104.37
648 104.29
649 104.211
650 104.132
651 104.054
652 103.975
653 103.897
654 103.819
655 103.741
656 103.663
657 103.586
658 103.508
659 103.431
660 103.354
661 103.278
662 103.201
663 103.125
664 103.049
665 102.973
666 102.897
667 102.822
668 102.746
669 102.671
670 102.596
671 102.521
672 102.447
673 102.373
674 102.298
675 102.224
676 102.151
677 102.077
678 102.004
679 101.931
680 101.857
681 101.785
682 101.712
683 101.64
684 101.567
685 101.495
686 101.423
687 101.352
688 101.28
689 101.209
690 101.138
691 101.067
692 100.996
693 100.925
694 100.855
695 100.784
696 100.714
697 100.644
698 100.575
699 100.505
700 100.436
701 100.366
702 100.297
703 100.229
704 100.16
705 100.091
706 100.023
707 99.9549
708 99.8869
709 99.819
710 99.7514
711 99.6839
712 99.6166
713 99.5495
714 99.4825
715 99.4157
716 99.3491
717 99.2826
718 99.2163
719 99.1502
720 99.0842
721 99.0184
722 98.9527
723 98.8873
724 98.822
725 98.7568
726 98.6918
727 98.627
728 98.5623
729 98.4979
730 98.4335
731 98.3693
732 98.3053
733 98.2415
734 98.1778
735 98.1142
736 98.0508
737 97.9876
738 97.9246
739 97.8616
740 97.7989
741 97.7363
742 97.6739
743 97.6116
744 97.5494
745 97.4875
746 97.4256
747 97.364
748 97.3024
749 97.2411
750 97.1799
751 97.1188
752 97.0579
753 96.9971
754 96.9365
755 96.8761
756 96.8157
757 96.7556
758 96.6956
759 96.6357
760 96.576
761 96.5164
762 96.457
763 96.3977
764 96.3385
765 96.2796
766 96.2207
767 96.162
768 96.1035
769 96.045
770 95.9868
771 95.9287
772 95.8707
773 95.8128
774 95.7551
775 95.6976
776 95.6401
777 95.5829
778 95.5257
779 95.4687
780 95.4119
781 95.3552
782 95.2986
783 95.2421
784 95.1858
785 95.1297
786 95.0736
787 95.0177
788 94.962
789 94.9064
790 94.8509
791 94.7955
792 94.7403
793 94.6852
794 94.6303
795 94.5755
796 94.5208
797 94.4662
798 94.4118
799 94.3575
800 94.3034
801 94.2494
802 94.1955
803 94.1417
804 94.0881
805 94.0346
806 93.9812
807 93.928
808 93.8749
809 93.8219
810 93.769
811 93.7163
812 93.6637
813 93.6113
814 93.5589
815 93.5067
816 93.4546
817 93.4026
818 93.3508
819 93.2991
820 93.2475
821 93.196
822 93.1447
823 93.0935
824 93.0424
825 92.9914
826 92.9406
827 92.8898
828 92.8392
829 92.7887
830 92.7384
831 92.6881
832 92.638
833 92.588
834 92.5381
835 92.4884
836 92.4388
837 92.3892
838 92.3398
839 92.2906
840 92.2414
841 92.1923
842 92.1434
843 92.0946
844 92.0459
845 91.9973
846 91.9489
847 91.9005
848 91.8523
849 91.8042
850 91.7562
851 91.7083
852 91.6605
853 91.6129
854 91.5654
855 91.5179
856 91.4706
857 91.4234
858 91.3763
859 91.3294
860 91.2825
861 91.2357
862 91.1891
863 91.1426
864 91.0962
865 91.0499
866 91.0037
867 90.9576
868 90.9116
869 90.8657
870 90.82
871 90.7743
872 90.7288
873 90.6834
874 90.6381
875 90.5928
876 90.5477
877 90.5027
878 90.4578
879 90.4131
880 90.3684
881 90.3238
882 90.2793
883 90.235
884 90.1907
885 90.1466
886 90.1025
887 90.0586
888 90.0148
889 89.971
890 89.9274
891 89.8839
892 89.8405
893 89.7971
894 89.7539
895 89.7108
896 89.6678
897 89.6249
898 89.5821
899 89.5394
900 89.4968
901 89.4543
902 89.4119
903 89.3696
904 89.3274
905 89.2853
906 89.2433
907 89.2014
908 89.1595
909 89.1178
910 89.0762
911 89.0347
912 88.9933
913 88.952
914 88.9108
915 88.8697
916 88.8287
917 88.7877
918 88.7469
919 88.7062
920 88.6655
921 88.625
922 88.5846
923 88.5442
924 88.504
925 88.4638
926 88.4237
927 88.3838
928 88.3439
929 88.3041
930 88.2644
931 88.2249
932 88.1854
933 88.1459
934 88.1066
935 88.0674
936 88.0283
937 87.9893
938 87.9503
939 87.9115
940 87.8727
941 87.834
942 87.7955
943 87.757
944 87.7186
945 87.6803
946 87.642
947 87.6039
948 87.5659
949 87.5279
950 87.4901
951 87.4523
952 87.4146
953 87.377
954 87.3395
955 87.3021
956 87.2648
957 87.2276
958 87.1904
959 87.1533
960 87.1164
961 87.0795
962 87.0427
963 87.0059
964 86.9693
965 86.9328
966 86.8963
967 86.8599
968 86.8236
969 86.7874
970 86.7513
971 86.7153
972 86.6793
973 86.6435
974 86.6077
975 86.572
976 86.5364
977 86.5008
978 86.4654
979 86.43
980 86.3947
981 86.3595
982 86.3244
983 86.2894
984 86.2544
985 86.2196
986 86.1848
987 86.1501
988 86.1154
989 86.0809
990 86.0464
991 86.0121
992 85.9777
993 85.9435
994 85.9094
995 85.8753
996 85.8413
997 85.8074
998 85.7736
999 85.7399
1000 85.7062
1001 85.6726
1002 85.6391
1003 85.6057
1004 85.5723
1005 85.539
1006 85.5058
1007 85.4727
1008 85.4397
1009 85.4067
1010 85.3738
1011 85.341
1012 85.3083
1013 85.2756
1014 85.243
1015 85.2105
1016 85.1781
1017 85.1457
1018 85.1134
1019 85.0812
1020 85.0491
1021 85.0171
1022 84.9851
1023 84.9532
1024 84.9213
1025 84.8896
1026 84.8579
1027 84.8263
1028 84.7948
1029 84.7633
1030 84.7319
1031 84.7006
1032 84.6693
1033 84.6382
1034 84.6071
1035 84.5761
1036 84.5451
1037 84.5142
1038 84.4834
1039 84.4527
1040 84.422
1041 84.3914
1042 84.3609
1043 84.3304
1044 84.3001
1045 84.2698
1046 84.2395
1047 84.2093
1048 84.1792
1049 84.1492
1050 84.1193
1051 84.0894
1052 84.0596
1053 84.0298
1054 84.0001
1055 83.9705
1056 83.941
1057 83.9115
1058 83.8821
1059 83.8528
1060 83.8235
1061 83.7943
1062 83.7651
1063 83.7361
1064 83.7071
1065 83.6782
1066 83.6493
1067 83.6205
1068 83.5918
1069 83.5631
1070 83.5345
1071 83.506
1072 83.4775
1073 83.4491
1074 83.4208
1075 83.3925
1076 83.3643
1077 83.3362
1078 83.3081
1079 83.2801
1080 83.2522
1081 83.2243
1082 83.1965
1083 83.1687
1084 83.1411
1085 83.1134
1086 83.0859
1087 83.0584
1088 83.031
1089 83.0036
1090 82.9763
1091 82.9491
1092 82.9219
1093 82.8948
1094 82.8678
1095 82.8408
1096 82.8139
1097 82.787
1098 82.7602
1099 82.7335
1100 82.7068
1101 82.6802
1102 82.6537
1103 82.6272
1104 82.6007
1105 82.5744
1106 82.5481
1107 82.5218
1108 82.4957
1109 82.4695
1110 82.4435
1111 82.4175
1112 82.3915
1113 82.3657
1114 82.3399
1115 82.3141
1116 82.2884
1117 82.2628
1118 82.2372
1119 82.2117
1120 82.1862
1121 82.1608
1122 82.1355
1123 82.1102
1124 82.0849
1125 82.0598
1126 82.0347
1127 82.0096
1128 81.9846
1129 81.9597
1130 81.9348
1131 81.91
1132 81.8852
1133 81.8605
1134 81.8359
1135 81.8113
1136 81.7867
1137 81.7623
1138 81.7378
1139 81.7135
1140 81.6892
1141 81.6649
1142 81.6407
1143 81.6166
1144 81.5925
1145 81.5685
1146 81.5445
1147 81.5206
1148 81.4967
1149 81.4729
1150 81.4492
1151 81.4255
1152 81.4018
1153 81.3782
1154 81.3547
1155 81.3312
1156 81.3078
1157 81.2844
1158 81.2611
1159 81.2379
1160 81.2147
1161 81.1915
1162 81.1684
1163 81.1453
1164 81.1224
1165 81.0994
1166 81.0765
1167 81.0537
1168 81.0309
1169 81.0082
1170 80.9855
1171 80.9629
1172 80.9403
1173 80.9178
1174 80.8953
1175 80.8729
1176 80.8505
1177 80.8282
1178 80.806
1179 80.7838
1180 80.7616
1181 80.7395
1182 80.7174
1183 80.6954
1184 80.6735
1185 80.6516
1186 80.6297
1187 80.6079
1188 80.5862
1189 80.5645
1190 80.5428
1191 80.5212
1192 80.4997
1193 80.4781
1194 80.4567
1195 80.4353
1196 80.4139
1197 80.3926
1198 80.3714
1199 80.3502
1200 80.329
1201 80.3079
1202 80.2868
1203 80.2658
1204 80.2449
1205 80.224
1206 80.2031
1207 80.1823
1208 80.1615
1209 80.1408
1210 80.1201
1211 80.0995
1212 80.0789
1213 80.0584
1214 80.0379
1215 80.0175
1216 79.9971
1217 79.9767
1218 79.9564
1219 79.9362
1220 79.916
1221 79.8958
1222 79.8757
1223 79.8556
1224 79.8356
1225 79.8157
1226 79.7957
1227 79.7759
1228 79.756
1229 79.7362
1230 79.7165
1231 79.6968
1232 79.6772
1233 79.6576
1234 79.638
1235 79.6185
1236 79.599
1237 79.5796
1238 79.5602
1239 79.5409
1240 79.5216
1241 79.5023
1242 79.4831
1243 79.464
1244 79.4449
1245 79.4258
1246 79.4068
1247 79.3878
1248 79.3689
1249 79.35
1250 79.3311
1251 79.3123
1252 79.2935
1253 79.2748
1254 79.2561
1255 79.2375
1256 79.2189
1257 79.2004
1258 79.1819
1259 79.1634
1260 79.145
1261 79.1266
1262 79.1083
1263 79.09
1264 79.0717
1265 79.0535
1266 79.0353
1267 79.0172
1268 78.9991
1269 78.9811
1270 78.9631
1271 78.9451
1272 78.9272
1273 78.9093
1274 78.8915
1275 78.8737
1276 78.856
1277 78.8382
1278 78.8206
1279 78.8029
1280 78.7854
1281 78.7678
1282 78.7503
1283 78.7328
1284 78.7154
1285 78.698
1286 78.6807
1287 78.6634
1288 78.6461
1289 78.6289
1290 78.6117
1291 78.5945
1292 78.5774
1293 78.5603
1294 78.5433
1295 78.5263
1296 78.5094
1297 78.4924
1298 78.4756
1299 78.4587
1300 78.4419
1301 78.4252
1302 78.4085
1303 78.3918
1304 78.3751
1305 78.3585
1306 78.342
1307 78.3254
1308 78.3089
1309 78.2925
1310 78.2761
1311 78.2597
1312 78.2434
1313 78.2271
1314 78.2108
1315 78.1946
1316 78.1784
1317 78.1622
1318 78.1461
1319 78.13
1320 78.114
1321 78.098
1322 78.082
1323 78.0661
1324 78.0502
1325 78.0343
1326 78.0185
1327 78.0027
1328 77.987
1329 77.9713
1330 77.9556
1331 77.94
1332 77.9244
1333 77.9088
1334 77.8933
1335 77.8778
1336 77.8623
1337 77.8469
1338 77.8315
1339 77.8161
1340 77.8008
1341 77.7855
1342 77.7703
1343 77.7551
1344 77.7399
1345 77.7248
1346 77.7096
1347 77.6946
1348 77.6795
1349 77.6645
1350 77.6496
1351 77.6346
1352 77.6197
1353 77.6049
1354 77.59
1355 77.5752
1356 77.5605
1357 77.5457
1358 77.531
1359 77.5164
1360 77.5017
1361 77.4871
1362 77.4726
1363 77.4581
1364 77.4436
1365 77.4291
1366 77.4147
1367 77.4003
1368 77.3859
1369 77.3716
1370 77.3573
1371 77.343
1372 77.3288
1373 77.3146
1374 77.3004
1375 77.2863
1376 77.2722
1377 77.2581
1378 77.2441
1379 77.2301
1380 77.2161
1381 77.2022
1382 77.1883
1383 77.1744
1384 77.1606
1385 77.1468
1386 77.133
1387 77.1192
1388 77.1055
1389 77.0918
1390 77.0782
1391 77.0645
1392 77.051
1393 77.0374
1394 77.0239
1395 77.0104
1396 76.9969
1397 76.9835
1398 76.9701
1399 76.9567
1400 76.9434
1401 76.93
1402 76.9168
1403 76.9035
1404 76.8903
1405 76.8771
1406 76.8639
1407 76.8508
1408 76.8377
1409 76.8246
1410 76.8116
1411 76.7986
1412 76.7856
1413 76.7727
1414 76.7598
1415 76.7469
1416 76.734
1417 76.7212
1418 76.7084
1419 76.6956
1420 76.6829
1421 76.6701
1422 76.6575
1423 76.6448
1424 76.6322
1425 76.6196
1426 76.607
1427 76.5945
1428 76.582
1429 76.5695
1430 76.557
1431 76.5446
1432 76.5322
1433 76.5198
1434 76.5075
1435 76.4952
1436 76.4829
1437 76.4707
1438 76.4584
1439 76.4462
1440 76.4341
1441 76.4219
1442 76.4098
1443 76.3977
1444 76.3857
1445 76.3736
1446 76.3616
1447 76.3497
1448 76.3377
1449 76.3258
1450 76.3139
1451 76.302
1452 76.2902
1453 76.2784
1454 76.2666
1455 76.2549
1456 76.2431
1457 76.2314
1458 76.2197
1459 76.2081
1460 76.1965
1461 76.1849
1462 76.1733
1463 76.1618
1464 76.1502
1465 76.1388
1466 76.1273
1467 76.1159
1468 76.1044
1469 76.0931
1470 76.0817
1471 76.0704
1472 76.0591
1473 76.0478
1474 76.0365
1475 76.0253
1476 76.0141
1477 76.0029
1478 75.9918
1479 75.9807
1480 75.9696
1481 75.9585
1482 75.9474
1483 75.9364
1484 75.9254
1485 75.9144
1486 75.9035
1487 75.8926
1488 75.8817
1489 75.8708
1490 75.8599
1491 75.8491
1492 75.8383
1493 75.8276
1494 75.8168
1495 75.8061
1496 75.7954
1497 75.7847
1498 75.7741
1499 75.7634
1500 75.7528
1501 75.7423
1502 75.7317
1503 75.7212
1504 75.7107
1505 75.7002
1506 75.6897
1507 75.6793
1508 75.6689
1509 75.6585
1510 75.6481
1511 75.6378
1512 75.6275
1513 75.6172
1514 75.6069
1515 75.5967
1516 75.5865
1517 75.5763
1518 75.5661
1519 75.556
1520 75.5458
1521 75.5357
1522 75.5257
1523 75.5156
1524 75.5056
1525 75.4956
1526 75.4856
1527 75.4756
1528 75.4657
1529 75.4558
1530 75.4459
1531 75.436
1532 75.4261
1533 75.4163
1534 75.4065
1535 75.3967
1536 75.387
1537 75.3772
1538 75.3675
1539 75.3578
1540 75.3482
1541 75.3385
1542 75.3289
1543 75.3193
1544 75.3097
1545 75.3001
1546 75.2906
1547 75.2811
1548 75.2716
1549 75.2621
1550 75.2527
1551 75.2432
1552 75.2338
1553 75.2245
1554 75.2151
1555 75.2057
1556 75.1964
1557 75.1871
1558 75.1778
1559 75.1686
1560 75.1594
1561 75.1501
1562 75.1409
1563 75.1318
1564 75.1226
1565 75.1135
1566 75.1044
1567 75.0953
1568 75.0862
1569 75.0772
1570 75.0682
1571 75.0592
1572 75.0502
1573 75.0412
1574 75.0323
1575 75.0233
1576 75.0144
1577 75.0056
1578 74.9967
1579 74.9879
1580 74.979
1581 74.9702
1582 74.9615
1583 74.9527
1584 74.944
1585 74.9352
1586 74.9265
1587 74.9179
1588 74.9092
1589 74.9006
1590 74.8919
1591 74.8833
1592 74.8748
1593 74.8662
1594 74.8576
1595 74.8491
1596 74.8406
1597 74.8321
1598 74.8237
1599 74.8152
1600 74.8068
1601 74.7984
1602 74.79
1603 74.7817
1604 74.7733
1605 74.765
1606 74.7567
1607 74.7484
1608 74.7401
1609 74.7319
1610 74.7236
1611 74.7154
1612 74.7072
1613 74.699
1614 74.6909
1615 74.6827
1616 74.6746
1617 74.6665
1618 74.6584
1619 74.6504
1620 74.6423
1621 74.6343
1622 74.6263
1623 74.6183
1624 74.6103
1625 74.6024
1626 74.5944
1627 74.5865
1628 74.5786
1629 74.5707
1630 74.5629
1631 74.555
1632 74.5472
1633 74.5394
1634 74.5316
1635 74.5238
1636 74.5161
1637 74.5083
1638 74.5006
1639 74.4929
1640 74.4852
1641 74.4775
1642 74.4699
1643 74.4623
1644 74.4547
1645 74.4471
1646 74.4395
1647 74.4319
1648 74.4244
1649 74.4168
1650 74.4093
1651 74.4018
1652 74.3944
1653 74.3869
1654 74.3795
1655 74.372
1656 74.3646
1657 74.3572
1658 74.3499
1659 74.3425
1660 74.3352
1661 74.3278
1662 74.3205
1663 74.3132
1664 74.306
1665 74.2987
1666 74.2915
1667 74.2843
1668 74.2771
1669 74.2699
1670 74.2627
1671 74.2555
1672 74.2484
1673 74.2413
1674 74.2342
1675 74.2271
1676 74.22
1677 74.2129
1678 74.2059
1679 74.1989
1680 74.1919
1681 74.1849
1682 74.1779
1683 74.1709
1684 74.164
1685 74.157
1686 74.1501
1687 74.1432
1688 74.1363
1689 74.1295
1690 74.1226
1691 74.1158
1692 74.109
1693 74.1022
1694 74.0954
1695 74.0886
1696 74.0819
1697 74.0751
1698 74.0684
1699 74.0617
1700 74.055
1701 74.0483
1702 74.0416
1703 74.035
1704 74.0283
1705 74.0217
1706 74.0151
1707 74.0085
1708 74.002
1709 73.9954
1710 73.9889
1711 73.9823
1712 73.9758
1713 73.9693
1714 73.9628
1715 73.9564
1716 73.9499
1717 73.9435
1718 73.937
1719 73.9306
1720 73.9242
1721 73.9179
1722 73.9115
1723 73.9051
1724 73.8988
1725 73.8925
1726 73.8862
1727 73.8799
1728 73.8736
1729 73.8673
1730 73.8611
1731 73.8549
1732 73.8486
1733 73.8424
1734 73.8362
1735 73.8301
1736 73.8239
1737 73.8177
1738 73.8116
1739 73.8055
1740 73.7994
1741 73.7933
1742 73.7872
1743 73.7811
1744 73.7751
1745 73.769
1746 73.763
1747 73.757
1748 73.751
1749 73.745
1750 73.7391
1751 73.7331
1752 73.7272
1753 73.7212
1754 73.7153
1755 73.7094
1756 73.7035
1757 73.6977
1758 73.6918
1759 73.686
1760 73.6801
1761 73.6743
1762 73.6685
1763 73.6627
1764 73.6569
1765 73.6511
1766 73.6454
1767 73.6397
1768 73.6339
1769 73.6282
1770 73.6225
1771 73.6168
1772 73.6111
1773 73.6055
1774 73.5998
1775 73.5942
1776 73.5886
1777 73.583
1778 73.5774
1779 73.5718
1780 73.5662
1781 73.5607
1782 73.5551
1783 73.5496
1784 73.5441
1785 73.5385
1786 73.533
1787 73.5276
1788 73.5221
1789 73.5166
1790 73.5112
1791 73.5058
1792 73.5003
1793 73.4949
1794 73.4895
1795 73.4841
1796 73.4788
1797 73.4734
1798 73.4681
1799 73.4627
1800 73.4574
1801 73.4521
1802 73.4468
1803 73.4415
1804 73.4363
1805 73.431
1806 73.4257
1807 73.4205
1808 73.4153
1809 73.4101
1810 73.4049
1811 73.3997
1812 73.3945
1813 73.3893
1814 73.3842
1815 73.379
1816 73.3739
1817 73.3688
1818 73.3637
1819 73.3586
1820 73.3535
1821 73.3484
1822 73.3434
1823 73.3383
1824 73.3333
1825 73.3283
1826 73.3233
1827 73.3183
1828 73.3133
1829 73.3083
1830 73.3033
1831 73.2984
1832 73.2934
1833 73.2885
1834 73.2836
1835 73.2786
1836 73.2737
1837 73.2689
1838 73.264
1839 73.2591
1840 73.2543
1841 73.2494
1842 73.2446
1843 73.2398
1844 73.235
1845 73.2302
1846 73.2254
1847 73.2206
1848 73.2158
1849 73.2111
1850 73.2063
1851 73.2016
1852 73.1969
1853 73.1922
1854 73.1874
1855 73.1828
1856 73.1781
1857 73.1734
1858 73.1688
1859 73.1641
1860 73.1595
1861 73.1548
1862 73.1502
1863 73.1456
1864 73.141
1865 73.1364
1866 73.1319
1867 73.1273
1868 73.1228
1869 73.1182
1870 73.1137
1871 73.1092
1872 73.1046
1873 73.1001
1874 73.0957
1875 73.0912
1876 73.0867
1877 73.0822
1878 73.0778
1879 73.0734
1880 73.0689
1881 73.0645
1882 73.0601
1883 73.0557
1884 73.0513
1885 73.0469
1886 73.0426
1887 73.0382
1888 73.0339
1889 73.0295
1890 73.0252
1891 73.0209
1892 73.0166
1893 73.0123
1894 73.008
1895 73.0037
1896 72.9994
1897 72.9952
1898 72.9909
1899 72.9867
1900 72.9825
1901 72.9782
1902 72.974
1903 72.9698
1904 72.9656
1905 72.9615
1906 72.9573
1907 72.9531
1908 72.949
1909 72.9448
1910 72.9407
1911 72.9366
1912 72.9324
1913 72.9283
1914 72.9242
1915 72.9202
1916 72.9161
1917 72.912
1918 72.908
1919 72.9039
1920 72.8999
1921 72.8958
1922 72.8918
1923 72.8878
1924 72.8838
1925 72.8798
1926 72.8758
1927 72.8718
1928 72.8679
1929 72.8639
1930 72.86
1931 72.856
1932 72.8521
1933 72.8482
1934 72.8443
1935 72.8404
1936 72.8365
1937 72.8326
1938 72.8287
1939 72.8248
1940 72.821
1941 72.8171
1942 72.8133
1943 72.8095
1944 72.8056
1945 72.8018
1946 72.798
1947 72.7942
1948 72.7904
1949 72.7866
1950 72.7829
1951 72.7791
1952 72.7754
1953 72.7716
1954 72.7679
1955 72.7641
1956 72.7604
1957 72.7567
1958 72.753
1959 72.7493
1960 72.7456
1961 72.742
1962 72.7383
1963 72.7346
1964 72.731
1965 72.7273
1966 72.7237
1967 72.7201
1968 72.7165
1969 72.7128
1970 72.7092
1971 72.7056
1972 72.7021
1973 72.6985
1974 72.6949
1975 72.6914
1976 72.6878
1977 72.6843
1978 72.6807
1979 72.6772
1980 72.6737
1981 72.6702
1982 72.6667
1983 72.6632
1984 72.6597
1985 72.6562
1986 72.6527
1987 72.6493
1988 72.6458
1989 72.6423
1990 72.6389
1991 72.6355
1992 72.6321
1993 72.6286
1994 72.6252
1995 72.6218
1996 72.6184
1997 72.615
1998 72.6117
1999 72.6083
2000 72.6049
2001 72.6016
2002 72.5982
2003 72.5949
2004 72.5916
2005 72.5882
2006 72.5849
2007 72.5816
2008 72.5783
2009 72.575
2010 72.5717
2011 72.5685
2012 72.5652
2013 72.5619
2014 72.5587
2015 72.5554
2016 72.5522
2017 72.5489
2018 72.5457
2019 72.5425
2020 72.5393
2021 72.5361
2022 72.5329
2023 72.5297
2024 72.5265
2025 72.5233
2026 72.5202
2027 72.517
2028 72.5139
2029 72.5107
2030 72.5076
2031 72.5044
2032 72.5013
2033 72.4982
2034 72.4951
2035 72.492
2036 72.4889
2037 72.4858
2038 72.4827
2039 72.4797
2040 72.4766
2041 72.4735
2042 72.4705
2043 72.4674
2044 72.4644
2045 72.4614
2046 72.4583
2047 72.4553
2048 72.4523
2049 72.4493
2050 72.4463
2051 72.4433
2052 72.4403
2053 72.4373
2054 72.4344
2055 72.4314
2056 72.4285
2057 72.4255
2058 72.4226
2059 72.4196
2060 72.4167
2061 72.4138
2062 72.4109
2063 72.408
2064 72.405
2065 72.4022
2066 72.3993
2067 72.3964
2068 72.3935
2069 72.3906
2070 72.3878
2071 72.3849
2072 72.3821
2073 72.3792
2074 72.3764
2075 72.3736
2076 72.3707
2077 72.3679
2078 72.3651
2079 72.3623
2080 72.3595
2081 72.3567
2082 72.3539
2083 72.3511
2084 72.3484
2085 72.3456
2086 72.3428
2087 72.3401
2088 72.3373
2089 72.3346
2090 72.3319
2091 72.3291
2092 72.3264
2093 72.3237
2094 72.321
2095 72.3183
2096 72.3156
2097 72.3129
2098 72.3102
2099 72.3075
2100 72.3049
2101 72.3022
2102 72.2995
2103 72.2969
2104 72.2942
2105 72.2916
2106 72.289
2107 72.2863
2108 72.2837
2109 72.2811
2110 72.2785
2111 72.2759
2112 72.2733
2113 72.2707
2114 72.2681
2115 72.2655
2116 72.2629
2117 72.2604
2118 72.2578
2119 72.2552
2120 72.2527
2121 72.2501
2122 72.2476
2123 72.2451
2124 72.2425
2125 72.24
2126 72.2375
2127 72.235
2128 72.2325
2129 72.23
2130 72.2275
2131 72.225
2132 72.2225
2133 72.22
2134 72.2176
2135 72.2151
2136 72.2126
2137 72.2102
2138 72.2077
2139 72.2053
2140 72.2029
2141 72.2004
2142 72.198
2143 72.1956
2144 72.1932
2145 72.1907
2146 72.1883
2147 72.1859
2148 72.1836
2149 72.1812
2150 72.1788
2151 72.1764
2152 72.174
2153 72.1717
2154 72.1693
2155 72.167
2156 72.1646
2157 72.1623
2158 72.1599
2159 72.1576
2160 72.1553
2161 72.1529
2162 72.1506
2163 72.1483
2164 72.146
2165 72.1437
2166 72.1414
2167 72.1391
2168 72.1368
2169 72.1345
2170 72.1323
2171 72.13
2172 72.1277
2173 72.1255
2174 72.1232
2175 72.121
2176 72.1187
2177 72.1165
2178 72.1142
2179 72.112
2180 72.1098
2181 72.1076
2182 72.1054
2183 72.1032
2184 72.1009
2185 72.0988
2186 72.0966
2187 72.0944
2188 72.0922
2189 72.09
2190 72.0878
2191 72.0857
2192 72.0835
2193 72.0813
2194 72.0792
2195 72.077
2196 72.0749
2197 72.0728
2198 72.0706
2199 72.0685
2200 72.0664
2201 72.0643
2202 72.0621
2203 72.06
2204 72.0579
2205 72.0558
2206 72.0537
2207 72.0516
2208 72.0496
2209 72.0475
2210 72.0454
2211 72.0433
2212 72.0413
2213 72.0392
2214 72.0371
2215 72.0351
2216 72.033
2217 72.031
2218 72.029
2219 72.0269
2220 72.0249
2221 72.0229
2222 72.0209
2223 72.0188
2224 72.0168
2225 72.0148
2226 72.0128
2227 72.0108
2228 72.0088
2229 72.0069
2230 72.0049
2231 72.0029
2232 72.0009
2233 71.9989
2234 71.997
2235 71.995
2236 71.9931
2237 71.9911
2238 71.9892
2239 71.9872
2240 71.9853
2241 71.9834
2242 71.9814
2243 71.9795
2244 71.9776
2245 71.9757
2246 71.9738
2247 71.9719
2248 71.97
2249 71.9681
2250 71.9662
2251 71.9643
2252 71.9624
2253 71.9605
2254 71.9586
2255 71.9568
2256 71.9549
2257 71.953
2258 71.9512
2259 71.9493
2260 71.9475
2261 71.9456
2262 71.9438
2263 71.9419
2264 71.9401
2265 71.9383
2266 71.9364
2267 71.9346
2268 71.9328
2269 71.931
2270 71.9292
2271 71.9274
2272 71.9256
2273 71.9238
2274 71.922
2275 71.9202
2276 71.9184
2277 71.9166
2278 71.9149
2279 71.9131
2280 71.9113
2281 71.9096
2282 71.9078
2283 71.9061
2284 71.9043
2285 71.9026
2286 71.9008
2287 71.8991
2288 71.8973
2289 71.8956
2290 71.8939
2291 71.8922
2292 71.8904
2293 71.8887
2294 71.887
2295 71.8853
2296 71.8836
2297 71.8819
2298 71.8802
2299 71.8785
2300 71.8768
2301 71.8751
2302 71.8735
2303 71.8718
2304 71.8701
2305 71.8684
2306 71.8668
2307 71.8651
2308 71.8635
2309 71.8618
2310 71.8602
2311 71.8585
2312 71.8569
2313 71.8552
2314 71.8536
2315 71.852
2316 71.8503
2317 71.8487
2318 71.8471
2319 71.8455
2320 71.8439
2321 71.8423
2322 71.8406
2323 71.839
2324 71.8374
2325 71.8359
2326 71.8343
2327 71.8327
2328 71.8311
2329 71.8295
2330 71.8279
2331 71.8264
2332 71.8248
2333 71.8232
2334 71.8217
2335 71.8201
2336 71.8186
2337 71.817
2338 71.8155
2339 71.8139
2340 71.8124
2341 71.8108
2342 71.8093
2343 71.8078
2344 71.8063
2345 71.8047
2346 71.8032
2347 71.8017
2348 71.8002
2349 71.7987
2350 71.7972
2351 71.7957
2352 71.7942
2353 71.7927
2354 71.7912
2355 71.7897
2356 71.7882
2357 71.7867
2358 71.7853
2359 71.7838
2360 71.7823
2361 71.7808
2362 71.7794
2363 71.7779
2364 71.7765
2365 71.775
2366 71.7736
2367 71.7721
2368 71.7707
2369 71.7692
2370 71.7678
2371 71.7664
2372 71.7649
2373 71.7635
2374 71.7621
2375 71.7607
2376 71.7592
2377 71.7578
2378 71.7564
2379 71.755
2380 71.7536
2381 71.7522
2382 71.7508
2383 71.7494
2384 71.748
2385 71.7466
2386 71.7452
2387 71.7439
2388 71.7425
2389 71.7411
2390 71.7397
2391 71.7384
2392 71.737
2393 71.7356
2394 71.7343
2395 71.7329
2396 71.7316
2397 71.7302
2398 71.7289
2399 71.7275
2400 71.7262
2401 71.7248
2402 71.7235
2403 71.7222
2404 71.7208
2405 71.7195
2406 71.7182
2407 71.7169
2408 71.7156
2409 71.7142
2410 71.7129
2411 71.7116
2412 71.7103
2413 71.709
2414 71.7077
2415 71.7064
2416 71.7051
2417 71.7038
2418 71.7026
2419 71.7013
2420 71.7
2421 71.6987
2422 71.6974
2423 71.6962
2424 71.6949
2425 71.6936
2426 71.6924
2427 71.6911
2428 71.6898
2429 71.6886
2430 71.6873
2431 71.6861
2432 71.6848
2433 71.6836
2434 71.6824
2435 71.6811
2436 71.6799
2437 71.6786
2438 71.6774
2439 71.6762
2440 71.675
2441 71.6737
2442 71.6725
2443 71.6713
2444 71.6701
2445 71.6689
2446 71.6677
2447 71.6665
2448 71.6653
2449 71.6641
2450 71.6629
2451 71.6617
2452 71.6605
2453 71.6593
2454 71.6581
2455 71.6569
2456 71.6558
2457 71.6546
2458 71.6534
2459 71.6522
2460 71.6511
2461 71.6499
2462 71.6487
2463 71.6476
2464 71.6464
2465 71.6453
2466 71.6441
2467 71.643
2468 71.6418
2469 71.6407
2470 71.6395
2471 71.6384
2472 71.6373
2473 71.6361
2474 71.635
2475 71.6339
2476 71.6327
2477 71.6316
2478 71.6305
2479 71.6294
2480 71.6283
2481 71.6271
2482 71.626
2483 71.6249
2484 71.6238
2485 71.6227
2486 71.6216
2487 71.6205
2488 71.6194
2489 71.6183
2490 71.6172
2491 71.6161
2492 71.6151
2493 71.614
2494 71.6129
2495 71.6118
2496 71.6107
2497 71.6097
2498 71.6086
2499 71.6075
2500 71.6065
2501 71.6054
2502 71.6043
2503 71.6033
2504 71.6022
2505 71.6012
2506 71.6001
2507 71.5991
2508 71.598
2509 71.597
2510 71.5959
2511 71.5949
2512 71.5939
2513 71.5928
2514 71.5918
2515 71.5908
2516 71.5897
2517 71.5887
2518 71.5877
2519 71.5867
2520 71.5857
2521 71.5846
2522 71.5836
2523 71.5826
2524 71.5816
2525 71.5806
2526 71.5796
2527 71.5786
2528 71.5776
2529 71.5766
2530 71.5756
2531 71.5746
2532 71.5736
2533 71.5726
2534 71.5716
2535 71.5707
2536 71.5697
2537 71.5687
2538 71.5677
2539 71.5667
2540 71.5658
2541 71.5648
2542 71.5638
2543 71.5629
2544 71.5619
2545 71.5609
2546 71.56
2547 71.559
2548 71.5581
2549 71.5571
2550 71.5562
2551 71.5552
2552 71.5543
2553 71.5533
2554 71.5524
2555 71.5515
2556 71.5505
2557 71.5496
2558 71.5487
2559 71.5477
2560 71.5468
2561 71.5459
2562 71.5449
2563 71.544
2564 71.5431
2565 71.5422
2566 71.5413
2567 71.5403
2568 71.5394
2569 71.5385
2570 71.5376
2571 71.5367
2572 71.5358
2573 71.5349
2574 71.534
2575 71.5331
2576 71.5322
2577 71.5313
2578 71.5304
2579 71.5295
2580 71.5287
2581 71.5278
2582 71.5269
2583 71.526
2584 71.5251
2585 71.5243
2586 71.5234
2587 71.5225
2588 71.5216
2589 71.5208
2590 71.5199
2591 71.519
2592 71.5182
2593 71.5173
2594 71.5165
2595 71.5156
2596 71.5147
2597 71.5139
2598 71.513
2599 71.5122
2600 71.5113
2601 71.5105
2602 71.5097
2603 71.5088
2604 71.508
2605 71.5071
2606 71.5063
2607 71.5055
2608 71.5046
2609 71.5038
2610 71.503
2611 71.5022
2612 71.5013
2613 71.5005
2614 71.4997
2615 71.4989
2616 71.4981
2617 71.4972
2618 71.4964
2619 71.4956
2620 71.4948
2621 71.494
2622 71.4932
2623 71.4924
2624 71.4916
2625 71.4908
2626 71.49
2627 71.4892
2628 71.4884
2629 71.4876
2630 71.4868
2631 71.486
2632 71.4852
2633 71.4845
2634 71.4837
2635 71.4829
2636 71.4821
2637 71.4813
2638 71.4806
2639 71.4798
2640 71.479
2641 71.4782
2642 71.4775
2643 71.4767
2644 71.4759
2645 71.4752
2646 71.4744
2647 71.4737
2648 71.4729
2649 71.4721
2650 71.4714
2651 71.4706
2652 71.4699
2653 71.4691
2654 71.4684
2655 71.4676
2656 71.4669
2657 71.4661
2658 71.4654
2659 71.4647
2660 71.4639
2661 71.4632
2662 71.4625
2663 71.4617
2664 71.461
2665 71.4603
2666 71.4595
2667 71.4588
2668 71.4581
2669 71.4574
2670 71.4566
2671 71.4559
2672 71.4552
2673 71.4545
2674 71.4538
2675 71.4531
2676 71.4524
2677 71.4516
2678 71.4509
2679 71.4502
2680 71.4495
2681 71.4488
2682 71.4481
2683 71.4474
2684 71.4467
2685 71.446
2686 71.4453
2687 71.4446
2688 71.4439
2689 71.4433
2690 71.4426
2691 71.4419
2692 71.4412
2693 71.4405
2694 71.4398
2695 71.4391
2696 71.4385
2697 71.4378
2698 71.4371
2699 71.4364
2700 71.4358
2701 71.4351
2702 71.4344
2703 71.4338
2704 71.4331
2705 71.4324
2706 71.4318
2707 71.4311
2708 71.4304
2709 71.4298
2710 71.4291
2711 71.4285
2712 71.4278
2713 71.4272
2714 71.4265
2715 71.4259
2716 71.4252
2717 71.4246
2718 71.4239
2719 71.4233
2720 71.4226
2721 71.422
2722 71.4214
2723 71.4207
2724 71.4201
2725 71.4194
2726 71.4188
2727 71.4182
2728 71.4175
2729 71.4169
2730 71.4163
2731 71.4157
2732 71.415
2733 71.4144
2734 71.4138
2735 71.4132
2736 71.4125
2737 71.4119
2738 71.4113
2739 71.4107
2740 71.4101
2741 71.4095
2742 71.4089
2743 71.4083
2744 71.4076
2745 71.407
2746 71.4064
2747 71.4058
2748 71.4052
2749 71.4046
2750 71.404
2751 71.4034
2752 71.4028
2753 71.4022
2754 71.4016
2755 71.401
2756 71.4005
2757 71.3999
2758 71.3993
2759 71.3987
2760 71.3981
2761 71.3975
2762 71.3969
2763 71.3964
2764 71.3958
2765 71.3952
2766 71.3946
2767 71.394
2768 71.3935
2769 71.3929
2770 71.3923
2771 71.3917
2772 71.3912
2773 71.3906
2774 71.39
2775 71.3895
2776 71.3889
2777 71.3883
2778 71.3878
2779 71.3872
2780 71.3867
2781 71.3861
2782 71.3855
2783 71.385
2784 71.3844
2785 71.3839
2786 71.3833
2787 71.3828
2788 71.3822
2789 71.3817
2790 71.3811
2791 71.3806
2792 71.38
2793 71.3795
2794 71.379
2795 71.3784
2796 71.3779
2797 71.3773
2798 71.3768
2799 71.3763
2800 71.3757
2801 71.3752
2802 71.3747
2803 71.3741
2804 71.3736
2805 71.3731
2806 71.3725
2807 71.372
2808 71.3715
2809 71.371
2810 71.3705
2811 71.3699
2812 71.3694
2813 71.3689
2814 71.3684
2815 71.3679
2816 71.3673
2817 71.3668
2818 71.3663
2819 71.3658
2820 71.3653
2821 71.3648
2822 71.3643
2823 71.3638
2824 71.3633
2825 71.3628
2826 71.3623
2827 71.3618
2828 71.3613
2829 71.3608
2830 71.3603
2831 71.3598
2832 71.3593
2833 71.3588
2834 71.3583
2835 71.3578
2836 71.3573
2837 71.3568
2838 71.3563
2839 71.3558
2840 71.3553
2841 71.3548
2842 71.3544
2843 71.3539
2844 71.3534
2845 71.3529
2846 71.3524
2847 71.3519
2848 71.3515
2849 71.351
2850 71.3505
2851 71.35
2852 71.3496
2853 71.3491
2854 71.3486
2855 71.3482
2856 71.3477
2857 71.3472
2858 71.3467
2859 71.3463
2860 71.3458
2861 71.3453
2862 71.3449
2863 71.3444
2864 71.344
2865 71.3435
2866 71.343
2867 71.3426
2868 71.3421
2869 71.3417
2870 71.3412
2871 71.3408
2872 71.3403
2873 71.3399
2874 71.3394
2875 71.339
2876 71.3385
2877 71.3381
2878 71.3376
2879 71.3372
2880 71.3367
2881 71.3363
2882 71.3358
2883 71.3354
2884 71.335
2885 71.3345
2886 71.3341
2887 71.3336
2888 71.3332
2889 71.3328
2890 71.3323
2891 71.3319
2892 71.3315
2893 71.331
2894 71.3306
2895 71.3302
2896 71.3297
2897 71.3293
2898 71.3289
2899 71.3285
2900 71.328
2901 71.3276
2902 71.3272
2903 71.3268
2904 71.3264
2905 71.3259
2906 71.3255
2907 71.3251
2908 71.3247
2909 71.3243
2910 71.3239
2911 71.3234
2912 71.323
2913 71.3226
2914 71.3222
2915 71.3218
2916 71.3214
2917 71.321
2918 71.3206
2919 71.3202
2920 71.3198
2921 71.3194
2922 71.3189
2923 71.3185
2924 71.3181
2925 71.3177
2926 71.3173
2927 71.3169
2928 71.3165
2929 71.3161
2930 71.3158
2931 71.3154
2932 71.315
2933 71.3146
2934 71.3142
2935 71.3138
2936 71.3134
2937 71.313
2938 71.3126
2939 71.3122
2940 71.3118
2941 71.3115
2942 71.3111
2943 71.3107
2944 71.3103
2945 71.3099
2946 71.3095
2947 71.3092
2948 71.3088
2949 71.3084
2950 71.308
2951 71.3076
2952 71.3073
2953 71.3069
2954 71.3065
2955 71.3061
2956 71.3058
2957 71.3054
2958 71.305
2959 71.3047
2960 71.3043
2961 71.3039
2962 71.3035
2963 71.3032
2964 71.3028
2965 71.3024
2966 71.3021
2967 71.3017
2968 71.3014
2969 71.301
2970 71.3006
2971 71.3003
2972 71.2999
2973 71.2996
2974 71.2992
2975 71.2988
2976 71.2985
2977 71.2981
2978 71.2978
2979 71.2974
2980 71.2971
2981 71.2967
2982 71.2964
2983 71.296
2984 71.2957
2985 71.2953
2986 71.295
2987 71.2946
2988 71.2943
2989 71.2939
2990 71.2936
2991 71.2932
2992 71.2929
2993 71.2925
2994 71.2922
2995 71.2919
2996 71.2915
2997 71.2912
2998 71.2908
2999 71.2905
3000 71.2902
3001 71.2898
3002 71.2895
3003 71.2892
3004 71.2888
3005 71.2885
3006 71.2882
3007 71.2878
3008 71.2875
3009 71.2872
3010 71.2868
3011 71.2865
3012 71.2862
3013 71.2859
3014 71.2855
3015 71.2852
3016 71.2849
3017 71.2846
3018 71.2842
3019 71.2839
3020 71.2836
3021 71.2833
3022 71.2829
3023 71.2826
3024 71.2823
3025 71.282
3026 71.2817
3027 71.2814
3028 71.281
3029 71.2807
3030 71.2804
3031 71.2801
3032 71.2798
3033 71.2795
3034 71.2792
3035 71.2788
3036 71.2785
3037 71.2782
3038 71.2779
3039 71.2776
3040 71.2773
3041 71.277
3042 71.2767
3043 71.2764
3044 71.2761
3045 71.2758
3046 71.2755
3047 71.2752
3048 71.2749
3049 71.2746
3050 71.2743
3051 71.274
3052 71.2737
3053 71.2734
3054 71.2731
3055 71.2728
3056 71.2725
3057 71.2722
3058 71.2719
3059 71.2716
3060 71.2713
3061 71.271
3062 71.2707
3063 71.2704
3064 71.2701
3065 71.2698
3066 71.2696
3067 71.2693
3068 71.269
3069 71.2687
3070 71.2684
3071 71.2681
3072 71.2678
3073 71.2675
3074 71.2673
3075 71.267
3076 71.2667
3077 71.2664
3078 71.2661
3079 71.2659
3080 71.2656
3081 71.2653
3082 71.265
3083 71.2647
3084 71.2645
3085 71.2642
3086 71.2639
3087 71.2636
3088 71.2634
3089 71.2631
3090 71.2628
3091 71.2625
3092 71.2623
3093 71.262
3094 71.2617
3095 71.2614
3096 71.2612
3097 71.2609
3098 71.2606
3099 71.2604
3100 71.2601
3101 71.2598
3102 71.2596
3103 71.2593
3104 71.259
3105 71.2588
3106 71.2585
3107 71.2582
3108 71.258
3109 71.2577
3110 71.2575
3111 71.2572
3112 71.2569
3113 71.2567
3114 71.2564
3115 71.2562
3116 71.2559
3117 71.2556
3118 71.2554
3119 71.2551
3120 71.2549
3121 71.2546
3122 71.2544
3123 71.2541
3124 71.2539
3125 71.2536
3126 71.2534
3127 71.2531
3128 71.2529
3129 71.2526
3130 71.2524
3131 71.2521
3132 71.2519
3133 71.2516
3134 71.2514
3135 71.2511
3136 71.2509
3137 71.2506
3138 71.2504
3139 71.2501
3140 71.2499
3141 71.2496
3142 71.2494
3143 71.2492
3144 71.2489
3145 71.2487
3146 71.2484
3147 71.2482
3148 71.248
3149 71.2477
3150 71.2475
3151 71.2472
3152 71.247
3153 71.2468
3154 71.2465
3155 71.2463
3156 71.2461
3157 71.2458
3158 71.2456
3159 71.2454
3160 71.2451
3161 71.2449
3162 71.2447
3163 71.2444
3164 71.2442
3165 71.244
3166 71.2437
3167 71.2435
3168 71.2433
3169 71.2431
3170 71.2428
3171 71.2426
3172 71.2424
3173 71.2421
3174 71.2419
3175 71.2417
3176 71.2415
3177 71.2412
3178 71.241
3179 71.2408
3180 71.2406
3181 71.2404
3182 71.2401
3183 71.2399
3184 71.2397
3185 71.2395
3186 71.2393
3187 71.239
3188 71.2388
3189 71.2386
3190 71.2384
3191 71.2382
3192 71.2379
3193 71.2377
3194 71.2375
3195 71.2373
3196 71.2371
3197 71.2369
3198 71.2367
3199 71.2364
3200 71.2362
3201 71.236
3202 71.2358
3203 71.2356
3204 71.2354
3205 71.2352
3206 71.235
3207 71.2348
3208 71.2345
3209 71.2343
3210 71.2341
3211 71.2339
3212 71.2337
3213 71.2335
3214 71.2333
3215 71.2331
3216 71.2329
3217 71.2327
3218 71.2325
3219 71.2323
3220 71.2321
3221 71.2319
3222 71.2317
3223 71.2315
3224 71.2313
3225 71.2311
3226 71.2309
3227 71.2307
3228 71.2305
3229 71.2303
3230 71.2301
3231 71.2299
3232 71.2297
3233 71.2295
3234 71.2293
3235 71.2291
3236 71.2289
3237 71.2287
3238 71.2285
3239 71.2283
3240 71.2281
3241 71.2279
3242 71.2277
3243 71.2275
3244 71.2274
3245 71.2272
3246 71.227
3247 71.2268
3248 71.2266
3249 71.2264
3250 71.2262
3251 71.226
3252 71.2258
3253 71.2256
3254 71.2255
3255 71.2253
3256 71.2251
3257 71.2249
3258 71.2247
3259 71.2245
3260 71.2243
3261 71.2242
3262 71.224
3263 71.2238
3264 71.2236
3265 71.2234
3266 71.2232
3267 71.2231
3268 71.2229
3269 71.2227
3270 71.2225
3271 71.2223
3272 71.2222
3273 71.222
3274 71.2218
3275 71.2216
3276 71.2214
3277 71.2213
3278 71.2211
3279 71.2209
3280 71.2207
3281 71.2206
3282 71.2204
3283 71.2202
3284 71.22
3285 71.2199
3286 71.2197
3287 71.2195
3288 71.2193
3289 71.2192
3290 71.219
3291 71.2188
3292 71.2186
3293 71.2185
3294 71.2183
3295 71.2181
3296 71.218
3297 71.2178
3298 71.2176
3299 71.2175
3300 71.2173
3301 71.2171
3302 71.217
3303 71.2168
3304 71.2166
3305 71.2164
3306 71.2163
3307 71.2161
3308 71.216
3309 71.2158
3310 71.2156
3311 71.2155
3312 71.2153
3313 71.2151
3314 71.215
3315 71.2148
3316 71.2146
3317 71.2145
3318 71.2143
3319 71.2142
3320 71.214
3321 71.2138
3322 71.2137
3323 71.2135
3324 71.2134
3325 71.2132
3326 71.213
3327 71.2129
3328 71.2127
3329 71.2126
3330 71.2124
3331 71.2122
3332 71.2121
3333 71.2119
3334 71.2118
3335 71.2116
3336 71.2115
3337 71.2113
3338 71.2112
3339 71.211
3340 71.2109
3341 71.2107
3342 71.2105
3343 71.2104
3344 71.2102
3345 71.2101
3346 71.2099
3347 71.2098
3348 71.2096
3349 71.2095
3350 71.2093
3351 71.2092
3352 71.209
3353 71.2089
3354 71.2087
3355 71.2086
3356 71.2084
3357 71.2083
3358 71.2081
3359 71.208
3360 71.2079
3361 71.2077
3362 71.2076
3363 71.2074
3364 71.2073
3365 71.2071
3366 71.207
3367 71.2068
3368 71.2067
3369 71.2065
3370 71.2064
3371 71.2063
3372 71.2061
3373 71.206
3374 71.2058
3375 71.2057
3376 71.2056
3377 71.2054
3378 71.2053
3379 71.2051
3380 71.205
3381 71.2048
3382 71.2047
3383 71.2046
3384 71.2044
3385 71.2043
3386 71.2042
3387 71.204
3388 71.2039
3389 71.2037
3390 71.2036
3391 71.2035
3392 71.2033
3393 71.2032
3394 71.2031
3395 71.2029
3396 71.2028
3397 71.2027
3398 71.2025
3399 71.2024
3400 71.2023
3401 71.2021
3402 71.202
3403 71.2019
3404 71.2017
3405 71.2016
3406 71.2015
3407 71.2013
3408 71.2012
3409 71.2011
3410 71.2009
3411 71.2008
3412 71.2007
3413 71.2005
3414 71.2004
3415 71.2003
3416 71.2002
3417 71.2
3418 71.1999
3419 71.1998
3420 71.1996
3421 71.1995
3422 71.1994
3423 71.1993
3424 71.1991
3425 71.199
3426 71.1989
3427 71.1988
3428 71.1986
3429 71.1985
3430 71.1984
3431 71.1983
3432 71.1981
3433 71.198
3434 71.1979
3435 71.1978
3436 71.1976
3437 71.1975
3438 71.1974
3439 71.1973
3440 71.1972
3441 71.197
3442 71.1969
3443 71.1968
3444 71.1967
3445 71.1965
3446 71.1964
3447 71.1963
3448 71.1962
3449 71.1961
3450 71.1959
3451 71.1958
3452 71.1957
3453 71.1956
3454 71.1955
3455 71.1954
3456 71.1952
3457 71.1951
3458 71.195
3459 71.1949
3460 71.1948
3461 71.1947
3462 71.1945
3463 71.1944
3464 71.1943
3465 71.1942
3466 71.1941
3467 71.194
3468 71.1939
3469 71.1937
3470 71.1936
3471 71.1935
3472 71.1934
3473 71.1933
3474 71.1932
3475 71.1931
3476 71.1929
3477 71.1928
3478 71.1927
3479 71.1926
3480 71.1925
3481 71.1924
3482 71.1923
3483 71.1922
3484 71.1921
3485 71.1919
3486 71.1918
3487 71.1917
3488 71.1916
3489 71.1915
3490 71.1914
3491 71.1913
3492 71.1912
3493 71.1911
3494 71.191
3495 71.1909
3496 71.1908
3497 71.1907
3498 71.1905
3499 71.1904
3500 71.1903
3501 71.1902
3502 71.1901
3503 71.19
3504 71.1899
3505 71.1898
3506 71.1897
3507 71.1896
3508 71.1895
3509 71.1894
3510 71.1893
3511 71.1892
3512 71.1891
3513 71.189
3514 71.1889
3515 71.1888
3516 71.1887
3517 71.1886
3518 71.1885
3519 71.1884
3520 71.1883
3521 71.1882
3522 71.1881
3523 71.188
3524 71.1879
3525 71.1878
3526 71.1877
3527 71.1876
3528 71.1875
3529 71.1874
3530 71.1873
3531 71.1872
3532 71.1871
3533 71.187
3534 71.1869
3535 71.1868
3536 71.1867
3537 71.1866
3538 71.1865
3539 71.1864
3540 71.1863
3541 71.1862
3542 71.1861
3543 71.186
3544 71.1859
3545 71.1858
3546 71.1857
3547 71.1856
3548 71.1855
3549 71.1854
3550 71.1853
3551 71.1852
3552 71.1851
3553 71.1851
3554 71.185
3555 71.1849
3556 71.1848
3557 71.1847
3558 71.1846
3559 71.1845
3560 71.1844
3561 71.1843
3562 71.1842
3563 71.1841
3564 71.184
3565 71.1839
3566 71.1839
3567 71.1838
3568 71.1837
3569 71.1836
3570 71.1835
3571 71.1834
3572 71.1833
3573 71.1832
3574 71.1831
3575 71.183
3576 71.183
3577 71.1829
3578 71.1828
3579 71.1827
3580 71.1826
3581 71.1825
3582 71.1824
3583 71.1823
3584 71.1822
3585 71.1822
3586 71.1821
3587 71.182
3588 71.1819
3589 71.1818
3590 71.1817
3591 71.1816
3592 71.1816
3593 71.1815
3594 71.1814
3595 71.1813
3596 71.1812
3597 71.1811
3598 71.181
3599 71.181
3600 71.1809
3601 71.1808
3602 71.1807
3603 71.1806
3604 71.1805
3605 71.1805
3606 71.1804
3607 71.1803
3608 71.1802
3609 71.1801
3610 71.1801
3611 71.18
3612 71.1799
3613 71.1798
3614 71.1797
3615 71.1796
3616 71.1796
3617 71.1795
3618 71.1794
3619 71.1793
3620 71.1792
3621 71.1792
3622 71.1791
3623 71.179
3624 71.1789
3625 71.1788
3626 71.1788
3627 71.1787
3628 71.1786
3629 71.1785
3630 71.1784
3631 71.1784
3632 71.1783
3633 71.1782
3634 71.1781
3635 71.1781
3636 71.178
3637 71.1779
3638 71.1778
3639 71.1777
3640 71.1777
3641 71.1776
3642 71.1775
3643 71.1774
3644 71.1774
3645 71.1773
3646 71.1772
3647 71.1771
3648 71.1771
3649 71.177
3650 71.1769
3651 71.1768
3652 71.1768
3653 71.1767
3654 71.1766
3655 71.1765
3656 71.1765
3657 71.1764
3658 71.1763
3659 71.1763
3660 71.1762
3661 71.1761
3662 71.176
3663 71.176
3664 71.1759
3665 71.1758
3666 71.1757
3667 71.1757
3668 71.1756
3669 71.1755
3670 71.1755
3671 71.1754
3672 71.1753
3673 71.1752
3674 71.1752
3675 71.1751
3676 71.175
3677 71.175
3678 71.1749
3679 71.1748
3680 71.1748
3681 71.1747
3682 71.1746
3683 71.1745
3684 71.1745
3685 71.1744
3686 71.1743
3687 71.1743
3688 71.1742
3689 71.1741
3690 71.1741
3691 71.174
3692 71.1739
3693 71.1739
3694 71.1738
3695 71.1737
3696 71.1737
3697 71.1736
3698 71.1735
3699 71.1735
3700 71.1734
3701 71.1733
3702 71.1733
3703 71.1732
3704 71.1731
3705 71.1731
3706 71.173
3707 71.1729
3708 71.1729
3709 71.1728
3710 71.1727
3711 71.1727
3712 71.1726
3713 71.1725
3714 71.1725
3715 71.1724
3716 71.1723
3717 71.1723
3718 71.1722
3719 71.1722
3720 71.1721
3721 71.172
3722 71.172
3723 71.1719
3724 71.1718
3725 71.1718
3726 71.1717
3727 71.1716
3728 71.1716
3729 71.1715
3730 71.1715
3731 71.1714
3732 71.1713
3733 71.1713
3734 71.1712
3735 71.1712
3736 71.1711
3737 71.171
3738 71.171
3739 71.1709
3740 71.1708
3741 71.1708
3742 71.1707
3743 71.1707
3744 71.1706
3745 71.1705
3746 71.1705
3747 71.1704
3748 71.1704
3749 71.1703
3750 71.1702
3751 71.1702
3752 71.1701
3753 71.1701
3754 71.17
3755 71.17
3756 71.1699
3757 71.1698
3758 71.1698
3759 71.1697
3760 71.1697
3761 71.1696
3762 71.1695
3763 71.1695
3764 71.1694
3765 71.1694
3766 71.1693
3767 71.1693
3768 71.1692
3769 71.1691
3770 71.1691
3771 71.169
3772 71.169
3773 71.1689
3774 71.1689
3775 71.1688
3776 71.1688
3777 71.1687
3778 71.1686
3779 71.1686
3780 71.1685
3781 71.1685
3782 71.1684
3783 71.1684
3784 71.1683
3785 71.1683
3786 71.1682
3787 71.1681
3788 71.1681
3789 71.168
3790 71.168
3791 71.1679
3792 71.1679
3793 71.1678
3794 71.1678
3795 71.1677
3796 71.1677
3797 71.1676
3798 71.1676
3799 71.1675
3800 71.1675
3801 71.1674
3802 71.1673
3803 71.1673
3804 71.1672
3805 71.1672
3806 71.1671
3807 71.1671
3808 71.167
3809 71.167
3810 71.1669
3811 71.1669
3812 71.1668
3813 71.1668
3814 71.1667
3815 71.1667
3816 71.1666
3817 71.1666
3818 71.1665
3819 71.1665
3820 71.1664
3821 71.1664
3822 71.1663
3823 71.1663
3824 71.1662
3825 71.1662
3826 71.1661
3827 71.1661
3828 71.166
3829 71.166
3830 71.1659
3831 71.1659
3832 71.1658
3833 71.1658
3834 71.1657
3835 71.1657
3836 71.1656
3837 71.1656
3838 71.1655
3839 71.1655
3840 71.1654
3841 71.1654
3842 71.1653
3843 71.1653
3844 71.1652
3845 71.1652
3846 71.1652
3847 71.1651
3848 71.1651
3849 71.165
3850 71.165
3851 71.1649
3852 71.1649
3853 71.1648
3854 71.1648
3855 71.1647
3856 71.1647
3857 71.1646
3858 71.1646
3859 71.1645
3860 71.1645
3861 71.1645
3862 71.1644
3863 71.1644
3864 71.1643
3865 71.1643
3866 71.1642
3867 71.1642
3868 71.1641
3869 71.1641
3870 71.1641
3871 71.164
3872 71.164
3873 71.1639
3874 71.1639
3875 71.1638
3876 71.1638
3877 71.1637
3878 71.1637
3879 71.1637
3880 71.1636
3881 71.1636
3882 71.1635
3883 71.1635
3884 71.1634
3885 71.1634
3886 71.1633
3887 71.1633
3888 71.1633
3889 71.1632
3890 71.1632
3891 71.1631
3892 71.1631
3893 71.163
3894 71.163
3895 71.163
3896 71.1629
3897 71.1629
3898 71.1628
3899 71.1628
3900 71.1628
3901 71.1627
3902 71.1627
3903 71.1626
3904 71.1626
3905 71.1625
3906 71.1625
3907 71.1625
3908 71.1624
3909 71.1624
3910 71.1623
3911 71.1623
3912 71.1623
3913 71.1622
3914 71.1622
3915 71.1621
3916 71.1621
3917 71.1621
3918 71.162
3919 71.162
3920 71.1619
3921 71.1619
3922 71.1619
3923 71.1618
3924 71.1618
3925 71.1617
3926 71.1617
3927 71.1617
3928 71.1616
3929 71.1616
3930 71.1615
3931 71.1615
3932 71.1615
3933 71.1614
3934 71.1614
3935 71.1614
3936 71.1613
3937 71.1613
3938 71.1612
3939 71.1612
3940 71.1612
3941 71.1611
3942 71.1611
3943 71.161
3944 71.161
3945 71.161
3946 71.1609
3947 71.1609
3948 71.1609
3949 71.1608
3950 71.1608
3951 71.1607
3952 71.1607
3953 71.1607
3954 71.1606
3955 71.1606
3956 71.1606
3957 71.1605
3958 71.1605
3959 71.1605
3960 71.1604
3961 71.1604
3962 71.1603
3963 71.1603
3964 71.1603
3965 71.1602
3966 71.1602
3967 71.1602
3968 71.1601
3969 71.1601
3970 71.1601
3971 71.16
3972 71.16
3973 71.16
3974 71.1599
3975 71.1599
3976 71.1599
3977 71.1598
3978 71.1598
3979 71.1597
3980 71.1597
3981 71.1597
3982 71.1596
3983 71.1596
3984 71.1596
3985 71.1595
3986 71.1595
3987 71.1595
3988 71.1594
3989 71.1594
3990 71.1594
3991 71.1593
3992 71.1593
3993 71.1593
3994 71.1592
3995 71.1592
3996 71.1592
3997 71.1591
3998 71.1591
3999 71.1591
4000 71.159
4001 71.159
4002 71.159
4003 71.1589
4004 71.1589
4005 71.1589
4006 71.1588
4007 71.1588
4008 71.1588
4009 71.1587
4010 71.1587
4011 71.1587
4012 71.1586
4013 71.1586
4014 71.1586
4015 71.1585
4016 71.1585
4017 71.1585
4018 71.1585
4019 71.1584
4020 71.1584
4021 71.1584
4022 71.1583
4023 71.1583
4024 71.1583
4025 71.1582
4026 71.1582
4027 71.1582
4028 71.1581
4029 71.1581
4030 71.1581
4031 71.158
4032 71.158
4033 71.158
4034 71.158
4035 71.1579
4036 71.1579
4037 71.1579
4038 71.1578
4039 71.1578
4040 71.1578
4041 71.1577
4042 71.1577
4043 71.1577
4044 71.1577
4045 71.1576
4046 71.1576
4047 71.1576
4048 71.1575
4049 71.1575
4050 71.1575
4051 71.1575
4052 71.1574
4053 71.1574
4054 71.1574
4055 71.1573
4056 71.1573
4057 71.1573
4058 71.1572
4059 71.1572
4060 71.1572
4061 71.1572
4062 71.1571
4063 71.1571
4064 71.1571
4065 71.157
4066 71.157
4067 71.157
4068 71.157
4069 71.1569
4070 71.1569
4071 71.1569
4072 71.1569
4073 71.1568
4074 71.1568
4075 71.1568
4076 71.1567
4077 71.1567
4078 71.1567
4079 71.1567
4080 71.1566
4081 71.1566
4082 71.1566
4083 71.1565
4084 71.1565
4085 71.1565
4086 71.1565
4087 71.1564
4088 71.1564
4089 71.1564
4090 71.1564
4091 71.1563
4092 71.1563
4093 71.1563
4094 71.1563
4095 71.1562
4096 71.1562
4097 71.1562
4098 71.1561
4099 71.1561
4100 71.1561
4101 71.1561
4102 71.156
4103 71.156
4104 71.156
4105 71.156
4106 71.1559
4107 71.1559
4108 71.1559
4109 71.1559
4110 71.1558
4111 71.1558
4112 71.1558
4113 71.1558
4114 71.1557
4115 71.1557
4116 71.1557
4117 71.1557
4118 71.1556
4119 71.1556
4120 71.1556
4121 71.1556
4122 71.1555
4123 71.1555
4124 71.1555
4125 71.1555
4126 71.1554
4127 71.1554
4128 71.1554
4129 71.1554
4130 71.1553
4131 71.1553
4132 71.1553
4133 71.1553
4134 71.1552
4135 71.1552
4136 71.1552
4137 71.1552
4138 71.1551
4139 71.1551
4140 71.1551
4141 71.1551
4142 71.1551
4143 71.155
4144 71.155
4145 71.155
4146 71.155
4147 71.1549
4148 71.1549
4149 71.1549
4150 71.1549
4151 71.1548
4152 71.1548
4153 71.1548
4154 71.1548
4155 71.1548
4156 71.1547
4157 71.1547
4158 71.1547
4159 71.1547
4160 71.1546
4161 71.1546
4162 71.1546
4163 71.1546
4164 71.1545
4165 71.1545
4166 71.1545
4167 71.1545
4168 71.1545
4169 71.1544
4170 71.1544
4171 71.1544
4172 71.1544
4173 71.1543
4174 71.1543
4175 71.1543
4176 71.1543
4177 71.1543
4178 71.1542
4179 71.1542
4180 71.1542
4181 71.1542
4182 71.1542
4183 71.1541
4184 71.1541
4185 71.1541
4186 71.1541
4187 71.154
4188 71.154
4189 71.154
4190 71.154
4191 71.154
4192 71.1539
4193 71.1539
4194 71.1539
4195 71.1539
4196 71.1539
4197 71.1538
4198 71.1538
4199 71.1538
4200 71.1538
4201 71.1538
4202 71.1537
4203 71.1537
4204 71.1537
4205 71.1537
4206 71.1536
4207 71.1536
4208 71.1536
4209 71.1536
4210 71.1536
4211 71.1535
4212 71.1535
4213 71.1535
4214 71.1535
4215 71.1535
4216 71.1534
4217 71.1534
4218 71.1534
4219 71.1534
4220 71.1534
4221 71.1534
4222 71.1533
4223 71.1533
4224 71.1533
4225 71.1533
4226 71.1533
4227 71.1532
4228 71.1532
4229 71.1532
4230 71.1532
4231 71.1532
4232 71.1531
4233 71.1531
4234 71.1531
4235 71.1531
4236 71.1531
4237 71.153
4238 71.153
4239 71.153
4240 71.153
4241 71.153
4242 71.1529
4243 71.1529
4244 71.1529
4245 71.1529
4246 71.1529
4247 71.1529
4248 71.1528
4249 71.1528
4250 71.1528
4251 71.1528
4252 71.1528
4253 71.1527
4254 71.1527
4255 71.1527
4256 71.1527
4257 71.1527
4258 71.1527
4259 71.1526
4260 71.1526
4261 71.1526
4262 71.1526
4263 71.1526
4264 71.1525
4265 71.1525
4266 71.1525
4267 71.1525
4268 71.1525
4269 71.1525
4270 71.1524
4271 71.1524
4272 71.1524
4273 71.1524
4274 71.1524
4275 71.1524
4276 71.1523
4277 71.1523
4278 71.1523
4279 71.1523
4280 71.1523
4281 71.1523
4282 71.1522
4283 71.1522
4284 71.1522
4285 71.1522
4286 71.1522
4287 71.1522
4288 71.1521
4289 71.1521
4290 71.1521
4291 71.1521
4292 71.1521
4293 71.1521
4294 71.152
4295 71.152
4296 71.152
4297 71.152
4298 71.152
4299 71.152
4300 71.1519
4301 71.1519
4302 71.1519
4303 71.1519
4304 71.1519
4305 71.1519
4306 71.1518
4307 71.1518
4308 71.1518
4309 71.1518
4310 71.1518
4311 71.1518
4312 71.1517
4313 71.1517
4314 71.1517
4315 71.1517
4316 71.1517
4317 71.1517
4318 71.1517
4319 71.1516
4320 71.1516
4321 71.1516
4322 71.1516
4323 71.1516
4324 71.1516
4325 71.1515
4326 71.1515
4327 71.1515
4328 71.1515
4329 71.1515
4330 71.1515
4331 71.1515
4332 71.1514
4333 71.1514
4334 71.1514
4335 71.1514
4336 71.1514
4337 71.1514
4338 71.1513
4339 71.1513
4340 71.1513
4341 71.1513
4342 71.1513
4343 71.1513
4344 71.1513
4345 71.1512
4346 71.1512
4347 71.1512
4348 71.1512
4349 71.1512
4350 71.1512
4351 71.1512
4352 71.1511
4353 71.1511
4354 71.1511
4355 71.1511
4356 71.1511
4357 71.1511
4358 71.1511
4359 71.151
4360 71.151
4361 71.151
4362 71.151
4363 71.151
4364 71.151
4365 71.151
4366 71.1509
4367 71.1509
4368 71.1509
4369 71.1509
4370 71.1509
4371 71.1509
4372 71.1509
4373 71.1508
4374 71.1508
4375 71.1508
4376 71.1508
4377 71.1508
4378 71.1508
4379 71.1508
4380 71.1508
4381 71.1507
4382 71.1507
4383 71.1507
4384 71.1507
4385 71.1507
4386 71.1507
4387 71.1507
4388 71.1506
4389 71.1506
4390 71.1506
4391 71.1506
4392 71.1506
4393 71.1506
4394 71.1506
4395 71.1506
4396 71.1505
4397 71.1505
4398 71.1505
4399 71.1505
4400 71.1505
4401 71.1505
4402 71.1505
4403 71.1505
4404 71.1504
4405 71.1504
4406 71.1504
4407 71.1504
4408 71.1504
4409 71.1504
4410 71.1504
4411 71.1504
4412 71.1503
4413 71.1503
4414 71.1503
4415 71.1503
4416 71.1503
4417 71.1503
4418 71.1503
4419 71.1503
4420 71.1502
4421 71.1502
4422 71.1502
4423 71.1502
4424 71.1502
4425 71.1502
4426 71.1502
4427 71.1502
4428 71.1501
4429 71.1501
4430 71.1501
4431 71.1501
4432 71.1501
4433 71.1501
4434 71.1501
4435 71.1501
4436 71.15
4437 71.15
4438 71.15
4439 71.15
4440 71.15
4441 71.15
4442 71.15
4443 71.15
4444 71.15
4445 71.1499
4446 71.1499
4447 71.1499
4448 71.1499
4449 71.1499
4450 71.1499
4451 71.1499
4452 71.1499
4453 71.1499
4454 71.1498
4455 71.1498
4456 71.1498
4457 71.1498
4458 71.1498
4459 71.1498
4460 71.1498
4461 71.1498
4462 71.1498
4463 71.1497
4464 71.1497
4465 71.1497
4466 71.1497
4467 71.1497
4468 71.1497
4469 71.1497
4470 71.1497
4471 71.1497
4472 71.1496
4473 71.1496
4474 71.1496
4475 71.1496
4476 71.1496
4477 71.1496
4478 71.1496
4479 71.1496
4480 71.1496
4481 71.1495
4482 71.1495
4483 71.1495
4484 71.1495
4485 71.1495
4486 71.1495
4487 71.1495
4488 71.1495
4489 71.1495
4490 71.1495
4491 71.1494
4492 71.1494
4493 71.1494
4494 71.1494
4495 71.1494
4496 71.1494
4497 71.1494
4498 71.1494
4499 71.1494
4500 71.1494
4501 71.1493
4502 71.1493
4503 71.1493
4504 71.1493
4505 71.1493
4506 71.1493
4507 71.1493
4508 71.1493
4509 71.1493
4510 71.1493
4511 71.1492
4512 71.1492
4513 71.1492
4514 71.1492
4515 71.1492
4516 71.1492
4517 71.1492
4518 71.1492
4519 71.1492
4520 71.1492
4521 71.1491
4522 71.1491
4523 71.1491
4524 71.1491
4525 71.1491
4526 71.1491
4527 71.1491
4528 71.1491
4529 71.1491
4530 71.1491
4531 71.1491
4532 71.149
4533 71.149
4534 71.149
4535 71.149
4536 71.149
4537 71.149
4538 71.149
4539 71.149
4540 71.149
4541 71.149
4542 71.1489
4543 71.1489
4544 71.1489
4545 71.1489
4546 71.1489
4547 71.1489
4548 71.1489
4549 71.1489
4550 71.1489
4551 71.1489
4552 71.1489
4553 71.1488
4554 71.1488
4555 71.1488
4556 71.1488
4557 71.1488
4558 71.1488
4559 71.1488
4560 71.1488
4561 71.1488
4562 71.1488
4563 71.1488
4564 71.1488
4565 71.1487
4566 71.1487
4567 71.1487
4568 71.1487
4569 71.1487
4570 71.1487
4571 71.1487
4572 71.1487
4573 71.1487
4574 71.1487
4575 71.1487
4576 71.1487
4577 71.1486
4578 71.1486
4579 71.1486
4580 71.1486
4581 71.1486
4582 71.1486
4583 71.1486
4584 71.1486
4585 71.1486
4586 71.1486
4587 71.1486
4588 71.1486
4589 71.1485
4590 71.1485
4591 71.1485
4592 71.1485
4593 71.1485
4594 71.1485
4595 71.1485
4596 71.1485
4597 71.1485
4598 71.1485
4599 71.1485
4600 71.1485
4601 71.1484
4602 71.1484
4603 71.1484
4604 71.1484
4605 71.1484
4606 71.1484
4607 71.1484
4608 71.1484
4609 71.1484
4610 71.1484
4611 71.1484
4612 71.1484
4613 71.1484
4614 71.1483
4615 71.1483
4616 71.1483
4617 71.1483
4618 71.1483
4619 71.1483
4620 71.1483
4621 71.1483
4622 71.1483
4623 71.1483
4624 71.1483
4625 71.1483
4626 71.1483
4627 71.1482
4628 71.1482
4629 71.1482
4630 71.1482
4631 71.1482
4632 71.1482
4633 71.1482
4634 71.1482
4635 71.1482
4636 71.1482
4637 71.1482
4638 71.1482
4639 71.1482
4640 71.1482
4641 71.1481
4642 71.1481
4643 71.1481
4644 71.1481
4645 71.1481
4646 71.1481
4647 71.1481
4648 71.1481
4649 71.1481
4650 71.1481
4651 71.1481
4652 71.1481
4653 71.1481
4654 71.1481
4655 71.148
4656 71.148
4657 71.148
4658 71.148
4659 71.148
4660 71.148
4661 71.148
4662 71.148
4663 71.148
4664 71.148
4665 71.148
4666 71.148
4667 71.148
4668 71.148
4669 71.148
4670 71.1479
4671 71.1479
4672 71.1479
4673 71.1479
4674 71.1479
4675 71.1479
4676 71.1479
4677 71.1479
4678 71.1479
4679 71.1479
4680 71.1479
4681 71.1479
4682 71.1479
4683 71.1479
4684 71.1479
4685 71.1478
4686 71.1478
4687 71.1478
4688 71.1478
4689 71.1478
4690 71.1478
4691 71.1478
4692 71.1478
4693 71.1478
4694 71.1478
4695 71.1478
4696 71.1478
4697 71.1478
4698 71.1478
4699 71.1478
4700 71.1478
4701 71.1477
4702 71.1477
4703 71.1477
4704 71.1477
4705 71.1477
4706 71.1477
4707 71.1477
4708 71.1477
4709 71.1477
4710 71.1477
4711 71.1477
4712 71.1477
4713 71.1477
4714 71.1477
4715 71.1477
4716 71.1477
4717 71.1476
4718 71.1476
4719 71.1476
4720 71.1476
4721 71.1476
4722 71.1476
4723 71.1476
4724 71.1476
4725 71.1476
4726 71.1476
4727 71.1476
4728 71.1476
4729 71.1476
4730 71.1476
4731 71.1476
4732 71.1476
4733 71.1476
4734 71.1475
4735 71.1475
4736 71.1475
4737 71.1475
4738 71.1475
4739 71.1475
4740 71.1475
4741 71.1475
4742 71.1475
4743 71.1475
4744 71.1475
4745 71.1475
4746 71.1475
4747 71.1475
4748 71.1475
4749 71.1475
4750 71.1475
4751 71.1475
4752 71.1474
4753 71.1474
4754 71.1474
4755 71.1474
4756 71.1474
4757 71.1474
4758 71.1474
4759 71.1474
4760 71.1474
4761 71.1474
4762 71.1474
4763 71.1474
4764 71.1474
4765 71.1474
4766 71.1474
4767 71.1474
4768 71.1474
4769 71.1474
4770 71.1473
4771 71.1473
4772 71.1473
4773 71.1473
4774 71.1473
4775 71.1473
4776 71.1473
4777 71.1473
4778 71.1473
4779 71.1473
4780 71.1473
4781 71.1473
4782 71.1473
4783 71.1473
4784 71.1473
4785 71.1473
4786 71.1473
4787 71.1473
4788 71.1473
4789 71.1473
4790 71.1472
4791 71.1472
4792 71.1472
4793 71.1472
4794 71.1472
4795 71.1472
4796 71.1472
4797 71.1472
4798 71.1472
4799 71.1472
4800 71.1472
4801 71.1472
4802 71.1472
4803 71.1472
4804 71.1472
4805 71.1472
4806 71.1472
4807 71.1472
4808 71.1472
4809 71.1472
4810 71.1471
4811 71.1471
4812 71.1471
4813 71.1471
4814 71.1471
4815 71.1471
4816 71.1471
4817 71.1471
4818 71.1471
4819 71.1471
4820 71.1471
4821 71.1471
4822 71.1471
4823 71.1471
4824 71.1471
4825 71.1471
4826 71.1471
4827 71.1471
4828 71.1471
4829 71.1471
4830 71.1471
4831 71.1471
4832 71.147
4833 71.147
4834 71.147
4835 71.147
4836 71.147
4837 71.147
4838 71.147
4839 71.147
4840 71.147
4841 71.147
4842 71.147
4843 71.147
4844 71.147
4845 71.147
4846 71.147
4847 71.147
4848 71.147
4849 71.147
4850 71.147
4851 71.147
4852 71.147
4853 71.147
4854 71.147
4855 71.1469
4856 71.1469
4857 71.1469
4858 71.1469
4859 71.1469
4860 71.1469
4861 71.1469
4862 71.1469
4863 71.1469
4864 71.1469
4865 71.1469
4866 71.1469
4867 71.1469
4868 71.1469
4869 71.1469
4870 71.1469
4871 71.1469
4872 71.1469
4873 71.1469
4874 71.1469
4875 71.1469
4876 71.1469
4877 71.1469
4878 71.1469
4879 71.1468
4880 71.1468
4881 71.1468
4882 71.1468
4883 71.1468
4884 71.1468
4885 71.1468
4886 71.1468
4887 71.1468
4888 71.1468
4889 71.1468
4890 71.1468
4891 71.1468
4892 71.1468
4893 71.1468
4894 71.1468
4895 71.1468
4896 71.1468
4897 71.1468
4898 71.1468
4899 71.1468
4900 71.1468
4901 71.1468
4902 71.1468
4903 71.1468
4904 71.1468
4905 71.1467
4906 71.1467
4907 71.1467
4908 71.1467
4909 71.1467
4910 71.1467
4911 71.1467
4912 71.1467
4913 71.1467
4914 71.1467
4915 71.1467
4916 71.1467
4917 71.1467
4918 71.1467
4919 71.1467
4920 71.1467
4921 71.1467
4922 71.1467
4923 71.1467
4924 71.1467
4925 71.1467
4926 71.1467
4927 71.1467
4928 71.1467
4929 71.1467
4930 71.1467
4931 71.1467
4932 71.1466
4933 71.1466
4934 71.1466
4935 71.1466
4936 71.1466
4937 71.1466
4938 71.1466
4939 71.1466
4940 71.1466
4941 71.1466
4942 71.1466
4943 71.1466
4944 71.1466
4945 71.1466
4946 71.1466
4947 71.1466
4948 71.1466
4949 71.1466
4950 71.1466
4951 71.1466
4952 71.1466
4953 71.1466
4954 71.1466
4955 71.1466
4956 71.1466
4957 71.1466
4958 71.1466
4959 71.1466
4960 71.1466
4961 71.1465
4962 71.1465
4963 71.1465
4964 71.1465
4965 71.1465
4966 71.1465
4967 71.1465
4968 71.1465
4969 71.1465
4970 71.1465
4971 71.1465
4972 71.1465
4973 71.1465
4974 71.1465
4975 71.1465
4976 71.1465
4977 71.1465
4978 71.1465
4979 71.1465
4980 71.1465
4981 71.1465
4982 71.1465
4983 71.1465
4984 71.1465
4985 71.1465
4986 71.1465
4987 71.1465
4988 71.1465
4989 71.1465
4990 71.1465
4991 71.1465
4992 71.1465
4993 71.1464
4994 71.1464
4995 71.1464
4996 71.1464
4997 71.1464
4998 71.1464
4999 71.1464
5000 71.1464
5001 71.1464
5002 71.1464
5003 71.1464
5004 71.1464
5005 71.1464
5006 71.1464
5007 71.1464
5008 71.1464
5009 71.1464
5010 71.1464
5011 71.1464
5012 71.1464
5013 71.1464
5014 71.1464
5015 71.1464
5016 71.1464
5017 71.1464
5018 71.1464
5019 71.1464
5020 71.1464
5021 71.1464
5022 71.1464
5023 71.1464
5024 71.1464
5025 71.1464
5026 71.1464
5027 71.1464
5028 71.1463
5029 71.1463
5030 71.1463
5031 71.1463
5032 71.1463
5033 71.1463
5034 71.1463
5035 71.1463
5036 71.1463
5037 71.1463
5038 71.1463
5039 71.1463
5040 71.1463
5041 71.1463
5042 71.1463
5043 71.1463
5044 71.1463
5045 71.1463
5046 71.1463
5047 71.1463
5048 71.1463
5049 71.1463
5050 71.1463
5051 71.1463
5052 71.1463
5053 71.1463
5054 71.1463
5055 71.1463
5056 71.1463
5057 71.1463
5058 71.1463
5059 71.1463
5060 71.1463
5061 71.1463
5062 71.1463
5063 71.1463
5064 71.1463
5065 71.1462
5066 71.1462
5067 71.1462
5068 71.1462
5069 71.1462
5070 71.1462
5071 71.1462
5072 71.1462
5073 71.1462
5074 71.1462
5075 71.1462
5076 71.1462
5077 71.1462
5078 71.1462
5079 71.1462
5080 71.1462
5081 71.1462
5082 71.1462
5083 71.1462
5084 71.1462
5085 71.1462
5086 71.1462
5087 71.1462
5088 71.1462
5089 71.1462
5090 71.1462
5091 71.1462
5092 71.1462
5093 71.1462
5094 71.1462
5095 71.1462
5096 71.1462
5097 71.1462
5098 71.1462
5099 71.1462
5100 71.1462
5101 71.1462
5102 71.1462
5103 71.1462
5104 71.1462
5105 71.1462
5106 71.1462
5107 71.1461
5108 71.1461
5109 71.1461
5110 71.1461
5111 71.1461
5112 71.1461
5113 71.1461
5114 71.1461
5115 71.1461
5116 71.1461
5117 71.1461
5118 71.1461
5119 71.1461
5120 71.1461
5121 71.1461
5122 71.1461
5123 71.1461
5124 71.1461
5125 71.1461
5126 71.1461
5127 71.1461
5128 71.1461
5129 71.1461
5130 71.1461
5131 71.1461
5132 71.1461
5133 71.1461
5134 71.1461
5135 71.1461
5136 71.1461
5137 71.1461
5138 71.1461
5139 71.1461
5140 71.1461
5141 71.1461
5142 71.1461
5143 71.1461
5144 71.1461
5145 71.1461
5146 71.1461
5147 71.1461
5148 71.1461
5149 71.1461
5150 71.1461
5151 71.1461
5152 71.1461
5153 71.1461
5154 71.146
5155 71.146
5156 71.146
5157 71.146
5158 71.146
5159 71.146
5160 71.146
5161 71.146
5162 71.146
5163 71.146
5164 71.146
5165 71.146
5166 71.146
5167 71.146
5168 71.146
5169 71.146
5170 71.146
5171 71.146
5172 71.146
5173 71.146
5174 71.146
5175 71.146
5176 71.146
5177 71.146
5178 71.146
5179 71.146
5180 71.146
5181 71.146
5182 71.146
5183 71.146
5184 71.146
5185 71.146
5186 71.146
5187 71.146
5188 71.146
5189 71.146
5190 71.146
5191 71.146
5192 71.146
5193 71.146
5194 71.146
5195 71.146
5196 71.146
5197 71.146
5198 71.146
5199 71.146
5200 71.146
5201 71.146
5202 71.146
5203 71.146
5204 71.146
5205 71.146
5206 71.146
5207 71.1459
5208 71.1459
5209 71.1459
5210 71.1459
5211 71.1459
5212 71.1459
5213 71.1459
5214 71.1459
5215 71.1459
5216 71.1459
5217 71.1459
5218 71.1459
5219 71.1459
5220 71.1459
5221 71.1459
5222 71.1459
5223 71.1459
5224 71.1459
5225 71.1459
5226 71.1459
5227 71.1459
5228 71.1459
5229 71.1459
5230 71.1459
5231 71.1459
5232 71.1459
5233 71.1459
5234 71.1459
5235 71.1459
5236 71.1459
5237 71.1459
5238 71.1459
5239 71.1459
5240 71.1459
5241 71.1459
5242 71.1459
5243 71.1459
5244 71.1459
5245 71.1459
5246 71.1459
5247 71.1459
5248 71.1459
5249 71.1459
5250 71.1459
5251 71.1459
5252 71.1459
5253 71.1459
5254 71.1459
5255 71.1459
5256 71.1459
5257 71.1459
5258 71.1459
5259 71.1459
5260 71.1459
5261 71.1459
5262 71.1459
5263 71.1459
5264 71.1459
5265 71.1459
5266 71.1459
5267 71.1459
5268 71.1458
5269 71.1458
5270 71.1458
5271 71.1458
5272 71.1458
5273 71.1458
5274 71.1458
5275 71.1458
5276 71.1458
5277 71.1458
5278 71.1458
5279 71.1458
5280 71.1458
5281 71.1458
5282 71.1458
5283 71.1458
5284 71.1458
5285 71.1458
5286 71.1458
5287 71.1458
5288 71.1458
5289 71.1458
5290 71.1458
5291 71.1458
5292 71.1458
5293 71.1458
5294 71.1458
5295 71.1458
5296 71.1458
5297 71.1458
5298 71.1458
5299 71.1458
5300 71.1458
5301 71.1458
5302 71.1458
5303 71.1458
5304 71.1458
5305 71.1458
5306 71.1458
5307 71.1458
5308 71.1458
5309 71.1458
5310 71.1458
5311 71.1458
5312 71.1458
5313 71.1458
5314 71.1458
5315 71.1458
5316 71.1458
5317 71.1458
5318 71.1458
5319 71.1458
5320 71.1458
5321 71.1458
5322 71.1458
5323 71.1458
5324 71.1458
5325 71.1458
5326 71.1458
5327 71.1458
5328 71.1458
5329 71.1458
5330 71.1458
5331 71.1458
5332 71.1458
5333 71.1458
5334 71.1458
5335 71.1458
5336 71.1458
5337 71.1458
5338 71.1458
5339 71.1458
5340 71.1458
5341 71.1457
5342 71.1457
5343 71.1457
5344 71.1457
5345 71.1457
5346 71.1457
5347 71.1457
5348 71.1457
5349 71.1457
5350 71.1457
5351 71.1457
5352 71.1457
5353 71.1457
5354 71.1457
5355 71.1457
5356 71.1457
5357 71.1457
5358 71.1457
5359 71.1457
5360 71.1457
5361 71.1457
5362 71.1457
5363 71.1457
5364 71.1457
5365 71.1457
5366 71.1457
5367 71.1457
5368 71.1457
5369 71.1457
5370 71.1457
5371 71.1457
5372 71.1457
5373 71.1457
5374 71.1457
5375 71.1457
5376 71.1457
5377 71.1457
5378 71.1457
5379 71.1457
5380 71.1457
5381 71.1457
5382 71.1457
5383 71.1457
5384 71.1457
5385 71.1457
5386 71.1457
5387 71.1457
5388 71.1457
5389 71.1457
5390 71.1457
5391 71.1457
5392 71.1457
5393 71.1457
5394 71.1457
5395 71.1457
5396 71.1457
5397 71.1457
5398 71.1457
5399 71.1457
5400 71.1457
5401 71.1457
5402 71.1457
5403 71.1457
5404 71.1457
5405 71.1457
5406 71.1457
5407 71.1457
5408 71.1457
5409 71.1457
5410 71.1457
5411 71.1457
5412 71.1457
5413 71.1457
5414 71.1457
5415 71.1457
5416 71.1457
5417 71.1457
5418 71.1457
5419 71.1457
5420 71.1457
5421 71.1457
5422 71.1457
5423 71.1457
5424 71.1457
5425 71.1457
5426 71.1457
5427 71.1457
5428 71.1457
5429 71.1457
5430 71.1457
5431 71.1456
5432 71.1456
5433 71.1456
5434 71.1456
5435 71.1456
5436 71.1456
5437 71.1456
5438 71.1456
5439 71.1456
5440 71.1456
5441 71.1456
5442 71.1456
5443 71.1456
5444 71.1456
5445 71.1456
5446 71.1456
5447 71.1456
5448 71.1456
5449 71.1456
5450 71.1456
5451 71.1456
5452 71.1456
5453 71.1456
5454 71.1456
5455 71.1456
5456 71.1456
5457 71.1456
5458 71.1456
5459 71.1456
5460 71.1456
5461 71.1456
5462 71.1456
5463 71.1456
5464 71.1456
5465 71.1456
5466 71.1456
5467 71.1456
5468 71.1456
5469 71.1456
5470 71.1456
5471 71.1456
5472 71.1456
5473 71.1456
5474 71.1456
5475 71.1456
5476 71.1456
5477 71.1456
5478 71.1456
5479 71.1456
5480 71.1456
5481 71.1456
5482 71.1456
5483 71.1456
5484 71.1456
5485 71.1456
5486 71.1456
5487 71.1456
5488 71.1456
5489 71.1456
5490 71.1456
5491 71.1456
5492 71.1456
5493 71.1456
5494 71.1456
5495 71.1456
5496 71.1456
5497 71.1456
5498 71.1456
5499 71.1456
5500 71.1456
5501 71.1456
5502 71.1456
5503 71.1456
5504 71.1456
5505 71.1456
5506 71.1456
5507 71.1456
5508 71.1456
5509 71.1456
5510 71.1456
5511 71.1456
5512 71.1456
5513 71.1456
5514 71.1456
5515 71.1456
5516 71.1456
5517 71.1456
5518 71.1456
5519 71.1456
5520 71.1456
5521 71.1456
5522 71.1456
5523 71.1456
5524 71.1456
5525 71.1456
5526 71.1456
5527 71.1456
5528 71.1456
5529 71.1456
5530 71.1456
5531 71.1456
5532 71.1456
5533 71.1456
5534 71.1456
5535 71.1456
5536 71.1456
5537 71.1456
5538 71.1456
5539 71.1456
5540 71.1456
5541 71.1456
5542 71.1456
5543 71.1456
5544 71.1456
5545 71.1456
5546 71.1456
5547 71.1456
5548 71.1456
5549 71.1456
